,Truck id,Bridge id,Waiting time,Type
0,SmallTruck65286,N104_LRPSa,0,SmallTruck
1,MiniBus65295,N2_LRP228b,0,MiniBus
2,MediumTruck65284,N102_LRPSc,0,MediumTruck
3,MediumTruck65285,N102_LRP082a,0,MediumTruck
4,SmallTruck65290,N2_LRP118a,0,SmallTruck
5,SmallTruck65290,N2_LRP118b,0,SmallTruck
6,SmallTruck65290,N2_LRP118e,0,SmallTruck
7,MiniBus65280,N1_LRP001a,0,MiniBus
8,SmallTruck65281,N1_LRP456c,0,SmallTruck
9,MediumTruck65283,N2_LRP285c,0,MediumTruck
10,MediumTruck65284,N102_LRP002a,0,MediumTruck
11,SmallTruck65290,N2_LRP118g,0,SmallTruck
12,MiniBus65295,N2_LRP226d,0,MiniBus
13,MiniBus65295,N2_LRP226c,0,MiniBus
14,SmallTruck65281,N1_LRP456a,0,SmallTruck
15,MediumTruck65283,N2_LRP285a,0,MediumTruck
16,MediumTruck65283,N2_LRP284c,0,MediumTruck
17,MediumTruck65284,N102_LRP002b,0,MediumTruck
18,MediumTruck65284,N102_LRP002c,0,MediumTruck
19,SmallTruck65290,N2_LRP119c,0,SmallTruck
20,SmallTruck65290,N2_LRP120a,0,SmallTruck
21,LargeBus65293,N2_LRP188a,0,LargeBus
22,MiniBus65295,N2_LRP225c,0.020165766126621614,MiniBus
23,SmallTruck65281,N1_LRP455a,0,SmallTruck
24,MediumTruck65283,N2_LRP284b,0,MediumTruck
25,MediumTruck65288,N105_LRP003a,0,MediumTruck
26,SmallTruck65290,N2_LRP121a,0,SmallTruck
27,LargeBus65293,N2_LRP187b,0,LargeBus
28,MiniBus65280,N1_LRP004b,0,MiniBus
29,MediumTruck65283,N2_LRP283b,0,MediumTruck
30,SmallTruck65290,N2_LRP121c,0,SmallTruck
31,LargeBus65293,N2_LRP186d,0,LargeBus
32,MediumTruck65294,N208_LRP004c,0,MediumTruck
33,MiniBus65295,N2_LRP224b,0,MiniBus
34,LargeBus65302,N104_LRPSa,0,LargeBus
35,SmallTruck65304,N1_LRP012a,0,SmallTruck
36,SmallTruck65304,N1_LRP012b,0,SmallTruck
37,MiniBus65311,N2_LRP228b,0,MiniBus
38,MediumTruck65287,N104_LRP044d,0,MediumTruck
39,SmallTruck65290,N2_LRP122b,0,SmallTruck
40,LargeBus65293,N2_LRP186c,0,LargeBus
41,LargeBus65293,N2_LRP186b,0.13371801498080435,LargeBus
42,SmallTruck65301,N102_LRP082a,0,SmallTruck
43,LargeBus65308,N2_LRP146a,0,LargeBus
44,SmallTruck65281,N1_LRP452e,0,SmallTruck
45,SmallTruck65281,N1_LRP452d,0,SmallTruck
46,MediumTruck65288,N105_LRP005c,0,MediumTruck
47,MediumTruck65288,N105_LRP006a,0,MediumTruck
48,SmallTruck65290,N2_LRP123c,0,SmallTruck
49,LargeBus65296,N1_LRP001a,0,LargeBus
50,MediumTruck65297,N1_LRP456c,0,MediumTruck
51,LargeBus65299,N2_LRP285c,0,LargeBus
52,LargeBus65299,N2_LRP285a,0,LargeBus
53,SmallTruck65304,N1_LRP014a,0,SmallTruck
54,MiniBus65311,N2_LRP226d,0,MiniBus
55,MiniBus65311,N2_LRP226c,0,MiniBus
56,SmallTruck65281,N1_LRP452c,0,SmallTruck
57,SmallTruck65281,N1_LRP452a,0,SmallTruck
58,SmallTruck65281,N1_LRP451e,0,SmallTruck
59,MediumTruck65289,N105_LRP042b,0,MediumTruck
60,SmallTruck65290,N2_LRP123d,0,SmallTruck
61,SmallTruck65290,N2_LRP123e,0,SmallTruck
62,MediumTruck65297,N1_LRP456a,0,MediumTruck
63,LargeBus65299,N2_LRP284c,0,LargeBus
64,LargeBus65299,N2_LRP284b,0,LargeBus
65,LargeBus65306,N204_LRP003b,0,LargeBus
66,MiniBus65311,N2_LRP225c,0.030619436150838297,MiniBus
67,SmallTruck65281,N1_LRP451b,0,SmallTruck
68,SmallTruck65281,N1_LRP450e,0.015583870040709866,SmallTruck
69,SmallTruck65290,N2_LRP124c,0,SmallTruck
70,LargeBus65293,N2_LRP184c,0,LargeBus
71,MiniBus65295,N2_LRP221b,0,MiniBus
72,MediumTruck65297,N1_LRP455a,0,MediumTruck
73,LargeBus65299,N2_LRP283b,0,LargeBus
74,SmallTruck65281,N1_LRP450c,0,SmallTruck
75,MediumTruck65289,N105_LRP041c,0,MediumTruck
76,SmallTruck65290,N2_LRP125a,0,SmallTruck
77,SmallTruck65290,N2_LRP125b,0,SmallTruck
78,SmallTruck65290,N2_LRP125c,0,SmallTruck
79,SmallTruck65290,N2_LRP125d,0,SmallTruck
80,SmallTruck65292,N207_LRP008c,0,SmallTruck
81,LargeBus65293,N2_LRP183d,1.5723627274006375,LargeBus
82,LargeBus65296,N1_LRP004b,0,LargeBus
83,LargeBus65308,N2_LRP141b,0,LargeBus
84,MediumTruck65310,N208_LRP004c,0,MediumTruck
85,MiniBus65311,N2_LRP224b,0,MiniBus
86,MediumTruck65318,N104_LRPSa,0,MediumTruck
87,SmallTruck65281,N1_LRP450a,0,SmallTruck
88,MediumTruck65284,N102_LRP009a,0,MediumTruck
89,MediumTruck65289,N105_LRP040c,0,MediumTruck
90,SmallTruck65290,N2_LRP126a,0,SmallTruck
91,SmallTruck65290,N2_LRP126b,0,SmallTruck
92,SmallTruck65290,N2_LRP126c,0,SmallTruck
93,SmallTruck65290,N2_LRP126d,0,SmallTruck
94,MiniBus65295,N2_LRP219a,0,MiniBus
95,LargeBus65300,N1_LRP077a,0,LargeBus
96,SmallTruck65303,N104_LRP044d,0,SmallTruck
97,LargeBus65308,N2_LRP141a,0,LargeBus
98,SmallTruck65317,N102_LRP082a,0,SmallTruck
99,MiniBus65280,N1_LRP010b,0,MiniBus
100,MiniBus65280,N1_LRP010c,0,MiniBus
101,MiniBus65280,N1_LRP011a,0,MiniBus
102,SmallTruck65281,N1_LRP449d,0,SmallTruck
103,SmallTruck65281,N1_LRP449c,0,SmallTruck
104,SmallTruck65286,N104_LRP010a,0,SmallTruck
105,MediumTruck65289,N105_LRP039b,0,MediumTruck
106,SmallTruck65290,N2_LRP127b,0,SmallTruck
107,LargeBus65293,N2_LRP183c,0,LargeBus
108,MediumTruck65297,N1_LRP452e,0,MediumTruck
109,MediumTruck65297,N1_LRP452d,0,MediumTruck
110,LargeBus65308,N2_LRP140c,0.0004096079858179036,LargeBus
111,MediumTruck65312,N1_LRP001a,0,MediumTruck
112,LargeBus65313,N1_LRP456c,0,LargeBus
113,LargeBus65315,N2_LRP285c,0,LargeBus
114,LargeBus65315,N2_LRP285a,0,LargeBus
115,MiniBus65280,N1_LRP012a,0,MiniBus
116,MiniBus65280,N1_LRP012b,0,MiniBus
117,SmallTruck65281,N1_LRP448a,0,SmallTruck
118,SmallTruck65290,N2_LRP127c,0,SmallTruck
119,SmallTruck65290,N2_LRP128a,0,SmallTruck
120,LargeBus65293,N2_LRP183a,0,LargeBus
121,LargeBus65293,N2_LRP182d,0,LargeBus
122,MediumTruck65297,N1_LRP452c,0,MediumTruck
123,MediumTruck65297,N1_LRP452a,0,MediumTruck
124,MediumTruck65297,N1_LRP451e,0,MediumTruck
125,MediumTruck65305,N105_LRP042b,0,MediumTruck
126,LargeBus65313,N1_LRP456a,0,LargeBus
127,LargeBus65315,N2_LRP284c,0,LargeBus
128,LargeBus65315,N2_LRP284b,0,LargeBus
129,MediumTruck65322,N204_LRP003b,0,MediumTruck
130,SmallTruck65327,N208_LRP055a,0,SmallTruck
131,SmallTruck65281,N1_LRP447c,0,SmallTruck
132,MediumTruck65282,N2_LRP012c,0,MediumTruck
133,MediumTruck65283,N2_LRP276a,0,MediumTruck
134,SmallTruck65290,N2_LRP128b,0,SmallTruck
135,SmallTruck65290,N2_LRP129a,0,SmallTruck
136,LargeBus65293,N2_LRP182b,0,LargeBus
137,LargeBus65293,N2_LRP182a,0,LargeBus
138,MediumTruck65294,N208_LRP011b,0,MediumTruck
139,MiniBus65295,N2_LRP216b,0,MiniBus
140,MediumTruck65297,N1_LRP451b,0,MediumTruck
141,MediumTruck65297,N1_LRP450e,0.08048849114118423,MediumTruck
142,SmallTruck65304,N1_LRP020a,0,SmallTruck
143,LargeBus65308,N2_LRP140a,0.10869555215255584,LargeBus
144,MediumTruck65309,N2_LRP199d,0,MediumTruck
145,MiniBus65311,N2_LRP221b,0,MiniBus
146,LargeBus65313,N1_LRP455a,0,LargeBus
147,LargeBus65315,N2_LRP283b,0,LargeBus
148,HeavyTruck65320,N105_LRP003a,0,HeavyTruck
149,MediumTruck65325,N2_LRP188a,0,MediumTruck
150,MediumTruck65325,N2_LRP187b,0,MediumTruck
151,MiniBus65280,N1_LRP014a,0,MiniBus
152,SmallTruck65281,N1_LRP447b,0,SmallTruck
153,SmallTruck65281,N1_LRP447a,0,SmallTruck
154,SmallTruck65281,N1_LRP446d,0,SmallTruck
155,SmallTruck65281,N1_LRP446b,0,SmallTruck
156,MediumTruck65282,N2_LRP012f,0,MediumTruck
157,SmallTruck65290,N2_LRP129b,0,SmallTruck
158,SmallTruck65290,N2_LRP129c,0,SmallTruck
159,SmallTruck65290,N2_LRP130a,0,SmallTruck
160,LargeBus65293,N2_LRP181c,0,LargeBus
161,MiniBus65295,N2_LRP216a,0,MiniBus
162,MediumTruck65297,N1_LRP450c,0,MediumTruck
163,MediumTruck65305,N105_LRP041c,0,MediumTruck
164,MediumTruck65309,N2_LRP200c,0,MediumTruck
165,LargeBus65319,N104_LRP044d,0,LargeBus
166,MediumTruck65326,N208_LRP004c,0,MediumTruck
167,MediumTruck65334,N104_LRPSa,0,MediumTruck
168,MiniBus65343,N2_LRP229a,0.2761095976678335,MiniBus
169,MediumTruck65283,N2_LRP274e,0,MediumTruck
170,SmallTruck65290,N2_LRP130b,0,SmallTruck
171,SmallTruck65290,N2_LRP130c,0,SmallTruck
172,LargeBus65293,N2_LRP180c,0,LargeBus
173,LargeBus65293,N2_LRP180a,0,LargeBus
174,MiniBus65295,N2_LRP214b,0.03830790361051488,MiniBus
175,MediumTruck65297,N1_LRP450a,0,MediumTruck
176,LargeBus65302,N104_LRP010a,0,LargeBus
177,MediumTruck65305,N105_LRP040c,0,MediumTruck
178,LargeBus65308,N2_LRP139b,0,LargeBus
179,LargeBus65308,N2_LRP139a,0,LargeBus
180,MiniBus65311,N2_LRP219a,0,MiniBus
181,MediumTruck65312,N1_LRP004b,0,MediumTruck
182,SmallTruck65316,N1_LRP077a,0,SmallTruck
183,MediumTruck65325,N2_LRP186d,0,MediumTruck
184,MediumTruck65325,N2_LRP186c,0,MediumTruck
185,HeavyTruck65332,N102_LRPSc,0,HeavyTruck
186,MediumTruck65333,N102_LRP082a,0,MediumTruck
187,MiniBus65343,N2_LRP229c,0,MiniBus
188,SmallTruck65281,N1_LRP445d,0,SmallTruck
189,SmallTruck65281,N1_LRP445b,0,SmallTruck
190,MediumTruck65289,N105_LRP035d,0,MediumTruck
191,LargeBus65293,N2_LRP179a,0,LargeBus
192,LargeBus65296,N1_LRP010b,0,LargeBus
193,LargeBus65296,N1_LRP010c,0,LargeBus
194,LargeBus65296,N1_LRP011a,0,LargeBus
195,MediumTruck65297,N1_LRP449d,0,MediumTruck
196,MediumTruck65297,N1_LRP449c,0,MediumTruck
197,LargeBus65298,N2_LRP012c,0,LargeBus
198,MediumTruck65305,N105_LRP039b,0,MediumTruck
199,LargeBus65308,N2_LRP138b,0,LargeBus
200,LargeBus65308,N2_LRP138a,0,LargeBus
201,LargeBus65313,N1_LRP452e,0,LargeBus
202,LargeBus65313,N1_LRP452d,0,LargeBus
203,LargeBus65313,N1_LRP452c,0,LargeBus
204,LargeBus65313,N1_LRP452a,0,LargeBus
205,HeavyTruck65320,N105_LRP005c,0,HeavyTruck
206,HeavyTruck65320,N105_LRP006a,0,HeavyTruck
207,MediumTruck65325,N2_LRP186b,1.0132589598282877,MediumTruck
208,LargeBus65328,N1_LRP001a,0,LargeBus
209,SmallTruck65329,N1_LRP456c,0,SmallTruck
210,SmallTruck65331,N2_LRP285c,0,SmallTruck
211,HeavyTruck65332,N102_LRP002a,0,HeavyTruck
212,MiniBus65343,N2_LRP230c,0,MiniBus
213,SmallTruck65281,N1_LRP444e,0,SmallTruck
214,SmallTruck65281,N1_LRP444d,0,SmallTruck
215,SmallTruck65281,N1_LRP444c,0,SmallTruck
216,SmallTruck65281,N1_LRP444b,0,SmallTruck
217,SmallTruck65281,N1_LRP444a,0,SmallTruck
218,MediumTruck65284,N102_LRP015a,0,MediumTruck
219,SmallTruck65290,N2_LRP132a,0,SmallTruck
220,SmallTruck65290,N2_LRP132b,0,SmallTruck
221,LargeBus65293,N2_LRP178b,0,LargeBus
222,LargeBus65293,N2_LRP178a,0,LargeBus
223,LargeBus65296,N1_LRP012a,0,LargeBus
224,LargeBus65296,N1_LRP012b,0,LargeBus
225,MediumTruck65297,N1_LRP448a,0,MediumTruck
226,LargeBus65298,N2_LRP012f,0,LargeBus
227,LargeBus65299,N2_LRP276a,0,LargeBus
228,SmallTruck65304,N1_LRP023a,0,SmallTruck
229,LargeBus65313,N1_LRP451e,0,LargeBus
230,LargeBus65313,N1_LRP451b,0,LargeBus
231,LargeBus65313,N1_LRP450e,0.00900430534550938,LargeBus
232,MediumTruck65321,N105_LRP042b,0,MediumTruck
233,SmallTruck65329,N1_LRP456a,0,SmallTruck
234,SmallTruck65331,N2_LRP285a,0,SmallTruck
235,SmallTruck65331,N2_LRP284c,0,SmallTruck
236,HeavyTruck65332,N102_LRP002b,0,HeavyTruck
237,HeavyTruck65332,N102_LRP002c,0,HeavyTruck
238,MediumTruck65334,N1_LRP145a,0,MediumTruck
239,SmallTruck65338,N204_LRP003b,0,SmallTruck
240,MiniBus65343,N2_LRP230e,0,MiniBus
241,SmallTruck65281,N1_LRP443d,0,SmallTruck
242,SmallTruck65281,N1_LRP443c,0,SmallTruck
243,MediumTruck65282,N2_LRP016a,0,MediumTruck
244,SmallTruck65290,N2_LRP132c,0,SmallTruck
245,MediumTruck65297,N1_LRP447c,0,MediumTruck
246,LargeBus65299,N2_LRP274e,0,LargeBus
247,MediumTruck65310,N208_LRP011b,0,MediumTruck
248,MiniBus65311,N2_LRP216b,0,MiniBus
249,LargeBus65313,N1_LRP450c,0,LargeBus
250,SmallTruck65329,N1_LRP455a,0,SmallTruck
251,SmallTruck65331,N2_LRP284b,0,SmallTruck
252,MediumTruck65336,N105_LRP003a,0,MediumTruck
253,MediumTruck65341,N2_LRP188a,0,MediumTruck
254,MediumTruck65341,N2_LRP187b,0,MediumTruck
255,MiniBus65343,N2_LRP231c,0,MiniBus
256,MiniBus65343,N2_LRP231d,0,MiniBus
257,MediumTruck65285,N102_LRP065a,0,MediumTruck
258,MediumTruck65289,N105_LRP032c,0,MediumTruck
259,MediumTruck65289,N105_LRP032b,0,MediumTruck
260,SmallTruck65290,N2_LRP133a,0,SmallTruck
261,LargeBus65293,N2_LRP177a,0,LargeBus
262,LargeBus65293,N2_LRP176e,0,LargeBus
263,LargeBus65293,N2_LRP176d,0,LargeBus
264,LargeBus65293,N2_LRP176c,0,LargeBus
265,LargeBus65293,N2_LRP176b,0,LargeBus
266,MiniBus65295,N2_LRP211c,0,MiniBus
267,MiniBus65295,N2_LRP211b,0,MiniBus
268,LargeBus65296,N1_LRP014a,0,LargeBus
269,MediumTruck65297,N1_LRP447b,0,MediumTruck
270,MediumTruck65297,N1_LRP447a,0,MediumTruck
271,MediumTruck65297,N1_LRP446d,0,MediumTruck
272,MediumTruck65297,N1_LRP446b,0,MediumTruck
273,LargeBus65300,N1_LRP068a,0,LargeBus
274,LargeBus65308,N2_LRP135b,0,LargeBus
275,LargeBus65308,N2_LRP135a,0,LargeBus
276,MiniBus65311,N2_LRP216a,0,MiniBus
277,LargeBus65313,N1_LRP450a,0,LargeBus
278,MediumTruck65321,N105_LRP041c,0,MediumTruck
279,SmallTruck65324,N207_LRP008c,0,SmallTruck
280,LargeBus65328,N1_LRP004b,0,LargeBus
281,SmallTruck65331,N2_LRP283b,0,SmallTruck
282,MediumTruck65334,N1_LRP143a,0,MediumTruck
283,MediumTruck65342,N208_LRP004c,0,MediumTruck
284,MediumTruck65350,N104_LRPSa,0,MediumTruck
285,HeavyTruck65352,N1_LRP012a,0,HeavyTruck
286,HeavyTruck65352,N1_LRP012b,0,HeavyTruck
287,MediumTruck65359,N2_LRP228b,0,MediumTruck
288,SmallTruck65281,N1_LRP441a,0,SmallTruck
289,MediumTruck65284,N102_LRP017a,0,MediumTruck
290,SmallTruck65286,N104_LRP017b,0,SmallTruck
291,MediumTruck65288,N105_LRP017c,0,MediumTruck
292,SmallTruck65290,N2_LRP134b,0,SmallTruck
293,SmallTruck65290,N2_LRP134c,0,SmallTruck
294,MediumTruck65291,N204_LRP020b,0,MediumTruck
295,LargeBus65293,N2_LRP175f,0,LargeBus
296,LargeBus65293,N2_LRP175e,0,LargeBus
297,LargeBus65293,N2_LRP175d,0,LargeBus
298,LargeBus65293,N2_LRP175c,0,LargeBus
299,LargeBus65308,N2_LRP134c,0,LargeBus
300,MiniBus65311,N2_LRP214b,0.04694578334109394,MiniBus
301,LargeBus65313,N1_LRP449d,0,LargeBus
302,LargeBus65313,N1_LRP449c,0,LargeBus
303,MediumTruck65321,N105_LRP040c,0,MediumTruck
304,MediumTruck65325,N2_LRP184c,0,MediumTruck
305,MediumTruck65335,N104_LRP044d,0,MediumTruck
306,MediumTruck65341,N2_LRP186d,0,MediumTruck
307,MediumTruck65341,N2_LRP186c,0,MediumTruck
308,MediumTruck65348,N102_LRPSc,0,MediumTruck
309,MediumTruck65349,N102_LRP082a,0,MediumTruck
310,MediumTruck65356,N2_LRP146a,0,MediumTruck
311,MiniBus65280,N1_LRP020a,0,MiniBus
312,MediumTruck65282,N2_LRP018a,0,MediumTruck
313,MediumTruck65289,N105_LRP030c,0,MediumTruck
314,SmallTruck65290,N2_LRP135a,0,SmallTruck
315,MediumTruck65297,N1_LRP445d,0,MediumTruck
316,MediumTruck65297,N1_LRP445b,0,MediumTruck
317,LargeBus65298,N2_LRP016a,0,LargeBus
318,SmallTruck65304,N1_LRP026a,0,SmallTruck
319,MediumTruck65305,N105_LRP035d,0,MediumTruck
320,LargeBus65308,N2_LRP134b,0,LargeBus
321,LargeBus65308,N2_LRP133a,0,LargeBus
322,LargeBus65313,N1_LRP448a,0,LargeBus
323,MediumTruck65318,N104_LRP010a,0,MediumTruck
324,MediumTruck65321,N105_LRP039b,0,MediumTruck
325,MediumTruck65325,N2_LRP183d,0.4157170013817936,MediumTruck
326,SmallTruck65329,N1_LRP452e,0,SmallTruck
327,SmallTruck65329,N1_LRP452d,0,SmallTruck
328,MediumTruck65334,N1_LRP142a,0,MediumTruck
329,MediumTruck65336,N105_LRP005c,0,MediumTruck
330,MediumTruck65336,N105_LRP006a,0,MediumTruck
331,MediumTruck65341,N2_LRP186b,0.1767267508635076,MediumTruck
332,MediumTruck65344,N1_LRP001a,0,MediumTruck
333,MediumTruck65345,N1_LRP456c,0,MediumTruck
334,SmallTruck65347,N2_LRP285c,0,SmallTruck
335,MediumTruck65348,N102_LRP002a,0,MediumTruck
336,HeavyTruck65352,N1_LRP014a,0,HeavyTruck
337,MediumTruck65357,N207_LRP066b,0,MediumTruck
338,MediumTruck65359,N2_LRP226d,0,MediumTruck
339,MediumTruck65359,N2_LRP226c,0,MediumTruck
340,SmallTruck65281,N1_LRP440a,0,SmallTruck
341,MediumTruck65284,N102_LRP019a,0,MediumTruck
342,MediumTruck65284,N102_LRP019b,0,MediumTruck
343,SmallTruck65290,N2_LRP135b,0,SmallTruck
344,MediumTruck65297,N1_LRP444e,0,MediumTruck
345,MediumTruck65297,N1_LRP444d,0,MediumTruck
346,MediumTruck65297,N1_LRP444c,0,MediumTruck
347,MediumTruck65297,N1_LRP444b,0,MediumTruck
348,MediumTruck65297,N1_LRP444a,0,MediumTruck
349,SmallTruck65304,N1_LRP026b,0,SmallTruck
350,MediumTruck65309,N2_LRP206b,0,MediumTruck
351,LargeBus65313,N1_LRP447c,0,LargeBus
352,LargeBus65313,N1_LRP447b,0,LargeBus
353,LargeBus65313,N1_LRP447a,0,LargeBus
354,LargeBus65315,N2_LRP276a,0,LargeBus
355,MediumTruck65325,N2_LRP183c,0,MediumTruck
356,SmallTruck65329,N1_LRP452c,0,SmallTruck
357,SmallTruck65329,N1_LRP452a,0,SmallTruck
358,SmallTruck65329,N1_LRP451e,0,SmallTruck
359,MediumTruck65337,N105_LRP042b,0,MediumTruck
360,MiniBus65343,N2_LRP235a,0,MiniBus
361,MediumTruck65345,N1_LRP456a,0,MediumTruck
362,SmallTruck65347,N2_LRP285a,0,SmallTruck
363,SmallTruck65347,N2_LRP284c,0,SmallTruck
364,MediumTruck65348,N102_LRP002b,0,MediumTruck
365,MediumTruck65348,N102_LRP002c,0,MediumTruck
366,LargeBus65354,N204_LRP003b,0,LargeBus
367,MediumTruck65359,N2_LRP225c,0.05727283582539193,MediumTruck
368,SmallTruck65281,N1_LRP439a,0,SmallTruck
369,MediumTruck65285,N102_LRP062c,0,MediumTruck
370,MediumTruck65285,N102_LRP062b,0,MediumTruck
371,MediumTruck65297,N1_LRP443d,0,MediumTruck
372,MediumTruck65297,N1_LRP443c,0,MediumTruck
373,LargeBus65302,N104_LRP017b,0,LargeBus
374,SmallTruck65304,N1_LRP027a,0,SmallTruck
375,LargeBus65306,N204_LRP020b,0,LargeBus
376,MiniBus65307,N204_LRP020b,0,MiniBus
377,LargeBus65308,N2_LRP132c,0,LargeBus
378,LargeBus65308,N2_LRP132b,0,LargeBus
379,LargeBus65308,N2_LRP132a,0,LargeBus
380,MediumTruck65309,N2_LRP207b,0,MediumTruck
381,LargeBus65313,N1_LRP446d,0,LargeBus
382,LargeBus65313,N1_LRP446b,0,LargeBus
383,MediumTruck65314,N2_LRP012c,0,MediumTruck
384,LargeBus65315,N2_LRP274e,0,LargeBus
385,MediumTruck65325,N2_LRP183a,0,MediumTruck
386,MediumTruck65325,N2_LRP182d,0,MediumTruck
387,MediumTruck65326,N208_LRP011b,0,MediumTruck
388,SmallTruck65327,N208_LRP046b,0,SmallTruck
389,SmallTruck65329,N1_LRP451b,0,SmallTruck
390,SmallTruck65329,N1_LRP450e,0.08135751587534625,SmallTruck
391,MiniBus65343,N2_LRP236a,0,MiniBus
392,MediumTruck65345,N1_LRP455a,0,MediumTruck
393,SmallTruck65347,N2_LRP284b,0,SmallTruck
394,MiniBus65280,N1_LRP023a,0,MiniBus
395,MediumTruck65282,N2_LRP021a,0,MediumTruck
396,MediumTruck65287,N104_LRP028a,0,MediumTruck
397,MediumTruck65288,N105_LRP020c,0,MediumTruck
398,LargeBus65293,N2_LRP172d,0,LargeBus
399,LargeBus65293,N2_LRP172c,0,LargeBus
400,MiniBus65295,N2_LRP207b,0,MiniBus
401,LargeBus65298,N2_LRP018a,0,LargeBus
402,LargeBus65300,N1_LRP064c,0,LargeBus
403,SmallTruck65301,N102_LRP065a,0,SmallTruck
404,MediumTruck65305,N105_LRP032c,0,MediumTruck
405,MediumTruck65305,N105_LRP032b,0,MediumTruck
406,MiniBus65311,N2_LRP211c,0,MiniBus
407,MiniBus65311,N2_LRP211b,0,MiniBus
408,LargeBus65313,N1_LRP445d,0,LargeBus
409,LargeBus65313,N1_LRP445b,0,LargeBus
410,MediumTruck65314,N2_LRP012f,0,MediumTruck
411,MediumTruck65325,N2_LRP182b,0,MediumTruck
412,MediumTruck65325,N2_LRP182a,0,MediumTruck
413,SmallTruck65329,N1_LRP450c,0,SmallTruck
414,MediumTruck65337,N105_LRP041c,0,MediumTruck
415,MediumTruck65340,N207_LRP008c,0,MediumTruck
416,MediumTruck65341,N2_LRP184c,0,MediumTruck
417,MiniBus65343,N2_LRP236c,0,MiniBus
418,SmallTruck65347,N2_LRP283b,0,SmallTruck
419,MediumTruck65358,N208_LRP004c,0,MediumTruck
420,LargeBus65366,N104_LRPSa,0,LargeBus
421,SmallTruck65368,N1_LRP011a,0,SmallTruck
422,SmallTruck65375,N2_LRP228b,0,SmallTruck
423,SmallTruck65281,N1_LRP438c,0,SmallTruck
424,SmallTruck65281,N1_LRP438b,0,SmallTruck
425,SmallTruck65281,N1_LRP438a,0,SmallTruck
426,MediumTruck65282,N2_LRP021b,0,MediumTruck
427,MediumTruck65288,N105_LRP021d,0,MediumTruck
428,MediumTruck65289,N105_LRP027c,0,MediumTruck
429,SmallTruck65290,N2_LRP138a,0,SmallTruck
430,SmallTruck65290,N2_LRP138b,0,SmallTruck
431,LargeBus65293,N2_LRP171f,0.0063181381097591124,LargeBus
432,MiniBus65295,N2_LRP206b,0,MiniBus
433,MediumTruck65297,N1_LRP441a,0,MediumTruck
434,LargeBus65308,N2_LRP130c,0,LargeBus
435,LargeBus65308,N2_LRP130b,0,LargeBus
436,LargeBus65313,N1_LRP444e,0,LargeBus
437,LargeBus65313,N1_LRP444d,0,LargeBus
438,LargeBus65313,N1_LRP444c,0,LargeBus
439,MediumTruck65325,N2_LRP181c,0,MediumTruck
440,SmallTruck65329,N1_LRP450a,0,SmallTruck
441,HeavyTruck65332,N102_LRP009a,0,HeavyTruck
442,MediumTruck65337,N105_LRP040c,0,MediumTruck
443,MediumTruck65341,N2_LRP183d,0.26126674411783735,MediumTruck
444,MediumTruck65344,N1_LRP004b,0,MediumTruck
445,MediumTruck65351,N104_LRP044d,0,MediumTruck
446,MediumTruck65356,N2_LRP141b,0,MediumTruck
447,MediumTruck65356,N2_LRP141a,0,MediumTruck
448,MediumTruck65359,N2_LRP224b,0,MediumTruck
449,HeavyTruck65364,N102_LRPSc,0,HeavyTruck
450,MediumTruck65365,N102_LRP082a,0,MediumTruck
451,SmallTruck65368,N1_LRP010c,0,SmallTruck
452,SmallTruck65368,N1_LRP010b,0,SmallTruck
453,SmallTruck65372,N2_LRP146a,0,SmallTruck
454,SmallTruck65281,N1_LRP437b,0,SmallTruck
455,SmallTruck65281,N1_LRP437a,0,SmallTruck
456,MediumTruck65284,N102_LRP022a,0,MediumTruck
457,MediumTruck65288,N105_LRP022c,0,MediumTruck
458,SmallTruck65290,N2_LRP139a,0,SmallTruck
459,SmallTruck65290,N2_LRP139b,0,SmallTruck
460,LargeBus65293,N2_LRP171e,0,LargeBus
461,LargeBus65296,N1_LRP020a,0,LargeBus
462,LargeBus65298,N2_LRP021a,0,LargeBus
463,SmallTruck65304,N1_LRP030a,0,SmallTruck
464,MediumTruck65305,N105_LRP030c,0,MediumTruck
465,LargeBus65308,N2_LRP130a,0,LargeBus
466,LargeBus65308,N2_LRP129c,0,LargeBus
467,LargeBus65308,N2_LRP129b,0,LargeBus
468,LargeBus65313,N1_LRP444b,0,LargeBus
469,LargeBus65313,N1_LRP444a,0,LargeBus
470,LargeBus65313,N1_LRP443d,0,LargeBus
471,SmallTruck65316,N1_LRP068a,0,SmallTruck
472,MediumTruck65321,N105_LRP035d,0,MediumTruck
473,MediumTruck65325,N2_LRP180c,0,MediumTruck
474,SmallTruck65329,N1_LRP449d,0,SmallTruck
475,SmallTruck65329,N1_LRP449c,0,SmallTruck
476,MediumTruck65337,N105_LRP039b,0,MediumTruck
477,MediumTruck65341,N2_LRP183c,0,MediumTruck
478,MiniBus65343,N2_LRP238c,0,MiniBus
479,MiniBus65343,N2_LRP239a,0,MiniBus
480,MediumTruck65345,N1_LRP452e,0,MediumTruck
481,MediumTruck65345,N1_LRP452d,0,MediumTruck
482,MediumTruck65356,N2_LRP140c,0.11370433932763963,MediumTruck
483,MediumTruck65360,N1_LRP001a,0,MediumTruck
484,MiniBus65361,N1_LRP456c,0,MiniBus
485,LargeBus65363,N2_LRP285c,0,LargeBus
486,LargeBus65363,N2_LRP285a,0,LargeBus
487,HeavyTruck65364,N102_LRP002a,0,HeavyTruck
488,LargeBus65366,N1_LRP145a,0,LargeBus
489,SmallTruck65375,N2_LRP226d,0,SmallTruck
490,SmallTruck65375,N2_LRP226c,0,SmallTruck
491,SmallTruck65281,N1_LRP436a,0,SmallTruck
492,MediumTruck65283,N2_LRP264a,0,MediumTruck
493,MediumTruck65288,N105_LRP023c,0,MediumTruck
494,SmallTruck65290,N2_LRP140a,0.2126458918436723,SmallTruck
495,LargeBus65293,N2_LRP171d,0,LargeBus
496,LargeBus65293,N2_LRP170j,0,LargeBus
497,LargeBus65293,N2_LRP170i,0,LargeBus
498,LargeBus65293,N2_LRP170h,0,LargeBus
499,LargeBus65293,N2_LRP170g,0,LargeBus
500,LargeBus65293,N2_LRP170f,0.13117009358169202,LargeBus
501,MediumTruck65297,N1_LRP440a,0,MediumTruck
502,LargeBus65298,N2_LRP021b,0,LargeBus
503,LargeBus65308,N2_LRP129a,0,LargeBus
504,LargeBus65308,N2_LRP128b,0,LargeBus
505,LargeBus65313,N1_LRP443c,0,LargeBus
506,MediumTruck65325,N2_LRP180a,0,MediumTruck
507,SmallTruck65329,N1_LRP448a,0,SmallTruck
508,MediumTruck65334,N1_LRP137a,0,MediumTruck
509,MediumTruck65341,N2_LRP183a,0,MediumTruck
510,MediumTruck65341,N2_LRP182d,0,MediumTruck
511,MiniBus65343,N2_LRP240a,0,MiniBus
512,MediumTruck65345,N1_LRP452c,0,MediumTruck
513,MediumTruck65345,N1_LRP452a,0,MediumTruck
514,MediumTruck65345,N1_LRP451e,0,MediumTruck
515,MediumTruck65353,N105_LRP042b,0,MediumTruck
516,MediumTruck65357,N207_LRP061d,0,MediumTruck
517,MiniBus65361,N1_LRP456a,0,MiniBus
518,LargeBus65363,N2_LRP284c,0,LargeBus
519,LargeBus65363,N2_LRP284b,0,LargeBus
520,HeavyTruck65364,N102_LRP002b,0,HeavyTruck
521,HeavyTruck65364,N102_LRP002c,0,HeavyTruck
522,SmallTruck65370,N204_LRP003b,0,SmallTruck
523,SmallTruck65375,N2_LRP225c,0.152685853498678,SmallTruck
524,MiniBus65280,N1_LRP026a,0,MiniBus
525,MiniBus65280,N1_LRP026b,0,MiniBus
526,SmallTruck65281,N1_LRP435c,0,SmallTruck
527,MediumTruck65282,N2_LRP024b,0,MediumTruck
528,MediumTruck65285,N102_LRP058a,0,MediumTruck
529,MediumTruck65289,N105_LRP024c,0,MediumTruck
530,LargeBus65293,N2_LRP170e,0,LargeBus
531,LargeBus65293,N2_LRP170c,0,LargeBus
532,MediumTruck65294,N208_LRP024d,0,MediumTruck
533,MediumTruck65297,N1_LRP439a,0,MediumTruck
534,SmallTruck65301,N102_LRP062c,0,SmallTruck
535,SmallTruck65301,N102_LRP062b,0,SmallTruck
536,LargeBus65308,N2_LRP128a,0,LargeBus
537,LargeBus65308,N2_LRP127c,0,LargeBus
538,MediumTruck65309,N2_LRP211b,0,MediumTruck
539,MediumTruck65309,N2_LRP211c,0,MediumTruck
540,LargeBus65313,N1_LRP441a,0,LargeBus
541,MediumTruck65314,N2_LRP016a,0,MediumTruck
542,MediumTruck65325,N2_LRP179a,0,MediumTruck
543,MediumTruck65325,N2_LRP178b,0,MediumTruck
544,SmallTruck65329,N1_LRP447c,0,SmallTruck
545,SmallTruck65331,N2_LRP276a,0,SmallTruck
546,MediumTruck65341,N2_LRP182b,0,MediumTruck
547,MediumTruck65341,N2_LRP182a,0,MediumTruck
548,MediumTruck65342,N208_LRP011b,0,MediumTruck
549,MediumTruck65345,N1_LRP451b,0,MediumTruck
550,MediumTruck65345,N1_LRP450e,0.04471188906964484,MediumTruck
551,HeavyTruck65352,N1_LRP020a,0,HeavyTruck
552,MediumTruck65356,N2_LRP140a,0.09400810789449307,MediumTruck
553,MediumTruck65359,N2_LRP221b,0,MediumTruck
554,MiniBus65361,N1_LRP455a,0,MiniBus
555,LargeBus65363,N2_LRP283b,0,LargeBus
556,SmallTruck65373,N2_LRP188a,0,SmallTruck
557,SmallTruck65373,N2_LRP187b,0,SmallTruck
558,MiniBus65280,N1_LRP027a,0,MiniBus
559,MediumTruck65282,N2_LRP025a,0,MediumTruck
560,MediumTruck65282,N2_LRP025b,0,MediumTruck
561,MediumTruck65288,N105_LRP024c,0,MediumTruck
562,SmallTruck65290,N2_LRP140c,0.016568971654278675,SmallTruck
563,LargeBus65293,N2_LRP170b,0,LargeBus
564,LargeBus65293,N2_LRP170a,0,LargeBus
565,LargeBus65293,N2_LRP169f,0,LargeBus
566,LargeBus65293,N2_LRP169e,0,LargeBus
567,LargeBus65293,N2_LRP169d,0,LargeBus
568,LargeBus65293,N2_LRP169c,0,LargeBus
569,LargeBus65296,N1_LRP023a,0,LargeBus
570,LargeBus65299,N2_LRP264a,0,LargeBus
571,SmallTruck65303,N104_LRP028a,0,SmallTruck
572,SmallTruck65304,N1_LRP033a,0,SmallTruck
573,SmallTruck65304,N1_LRP033b,0,SmallTruck
574,LargeBus65308,N2_LRP127b,0,LargeBus
575,LargeBus65308,N2_LRP126d,0,LargeBus
576,LargeBus65308,N2_LRP126c,0,LargeBus
577,LargeBus65308,N2_LRP126b,0,LargeBus
578,MiniBus65311,N2_LRP207b,0,MiniBus
579,SmallTruck65317,N102_LRP065a,0,SmallTruck
580,MediumTruck65321,N105_LRP032c,0,MediumTruck
581,MediumTruck65321,N105_LRP032b,0,MediumTruck
582,MediumTruck65325,N2_LRP178a,0,MediumTruck
583,SmallTruck65329,N1_LRP447b,0,SmallTruck
584,SmallTruck65329,N1_LRP447a,0,SmallTruck
585,SmallTruck65329,N1_LRP446d,0,SmallTruck
586,SmallTruck65329,N1_LRP446b,0,SmallTruck
587,MediumTruck65334,N1_LRP136a,0,MediumTruck
588,MediumTruck65336,N2_LRP012c,0,MediumTruck
589,MediumTruck65341,N2_LRP181c,0,MediumTruck
590,MiniBus65343,N2_LRP241c,0,MiniBus
591,MediumTruck65345,N1_LRP450c,0,MediumTruck
592,MediumTruck65353,N105_LRP041c,0,MediumTruck
593,LargeBus65366,N1_LRP143a,0,LargeBus
594,MediumTruck65374,N208_LRP004c,0,MediumTruck
595,MediumTruck65382,N104_LRPSa,0,MediumTruck
596,LargeBus65388,N2_LRP147a,0,LargeBus
597,LargeBus65388,N2_LRP147b,0,LargeBus
598,LargeBus65388,N2_LRP147d,0,LargeBus
599,MediumTruck65391,N2_LRP228b,0,MediumTruck
600,MediumTruck65283,N2_LRP262a,0,MediumTruck
601,MediumTruck65283,N2_LRP261b,0,MediumTruck
602,MediumTruck65289,N105_LRP023c,0,MediumTruck
603,LargeBus65293,N2_LRP169b,0,LargeBus
604,LargeBus65293,N2_LRP168c,0,LargeBus
605,MediumTruck65297,N1_LRP438c,0,MediumTruck
606,MediumTruck65297,N1_LRP438b,0,MediumTruck
607,MediumTruck65297,N1_LRP438a,0,MediumTruck
608,MediumTruck65305,N105_LRP027c,0,MediumTruck
609,LargeBus65308,N2_LRP126a,0,LargeBus
610,LargeBus65308,N2_LRP125d,0,LargeBus
611,MiniBus65311,N2_LRP206b,0,MiniBus
612,LargeBus65313,N1_LRP440a,0,LargeBus
613,MediumTruck65318,N104_LRP017b,0,MediumTruck
614,HeavyTruck65320,N105_LRP017c,0,HeavyTruck
615,MediumTruck65322,N204_LRP020b,0,MediumTruck
616,SmallTruck65323,N204_LRP020b,0,SmallTruck
617,MediumTruck65325,N2_LRP177a,0,MediumTruck
618,SmallTruck65331,N2_LRP274e,0,SmallTruck
619,MediumTruck65336,N2_LRP012f,0,MediumTruck
620,MediumTruck65341,N2_LRP180c,0,MediumTruck
621,MiniBus65343,N2_LRP242a,0,MiniBus
622,MediumTruck65345,N1_LRP450a,0,MediumTruck
623,MediumTruck65348,N102_LRP009a,0,MediumTruck
624,MediumTruck65353,N105_LRP040c,0,MediumTruck
625,MediumTruck65356,N2_LRP139b,0,MediumTruck
626,MediumTruck65356,N2_LRP139a,0,MediumTruck
627,MediumTruck65359,N2_LRP219a,0,MediumTruck
628,MediumTruck65360,N1_LRP004b,0,MediumTruck
629,LargeBus65366,N1_LRP142a,0,LargeBus
630,MediumTruck65367,N104_LRP044d,0,MediumTruck
631,SmallTruck65372,N2_LRP141b,0,SmallTruck
632,SmallTruck65372,N2_LRP141a,0,SmallTruck
633,SmallTruck65373,N2_LRP186d,0,SmallTruck
634,SmallTruck65373,N2_LRP186c,0,SmallTruck
635,SmallTruck65375,N2_LRP224b,0,SmallTruck
636,SmallTruck65381,N102_LRP082a,0,SmallTruck
637,LargeBus65388,N2_LRP148b,0,LargeBus
638,SmallTruck65281,N1_LRP433c,0,SmallTruck
639,SmallTruck65281,N1_LRP433b,0.2197515388848648,SmallTruck
640,MediumTruck65283,N2_LRP261a,0,MediumTruck
641,MediumTruck65289,N105_LRP022c,0,MediumTruck
642,SmallTruck65290,N2_LRP141a,0,SmallTruck
643,SmallTruck65290,N2_LRP141b,0,SmallTruck
644,LargeBus65293,N2_LRP168a,0,LargeBus
645,LargeBus65293,N2_LRP167c,0,LargeBus
646,MediumTruck65294,N208_LRP027b,0,MediumTruck
647,MediumTruck65294,N208_LRP027d,0,MediumTruck
648,MediumTruck65297,N1_LRP437b,0,MediumTruck
649,MediumTruck65297,N1_LRP437a,0,MediumTruck
650,LargeBus65298,N2_LRP024b,0,LargeBus
651,LargeBus65298,N2_LRP025a,0,LargeBus
652,SmallTruck65304,N1_LRP034a,0,SmallTruck
653,LargeBus65308,N2_LRP125c,0,LargeBus
654,LargeBus65308,N2_LRP125b,0,LargeBus
655,LargeBus65308,N2_LRP125a,0,LargeBus
656,MediumTruck65309,N2_LRP214b,0.14067551230237443,MediumTruck
657,LargeBus65313,N1_LRP439a,0,LargeBus
658,MediumTruck65314,N2_LRP018a,0,MediumTruck
659,SmallTruck65316,N1_LRP064c,0,SmallTruck
660,MediumTruck65321,N105_LRP030c,0,MediumTruck
661,MediumTruck65325,N2_LRP176e,0,MediumTruck
662,MediumTruck65325,N2_LRP176d,0,MediumTruck
663,MediumTruck65325,N2_LRP176c,0,MediumTruck
664,MediumTruck65325,N2_LRP176b,0,MediumTruck
665,SmallTruck65329,N1_LRP445d,0,SmallTruck
666,SmallTruck65329,N1_LRP445b,0,SmallTruck
667,MediumTruck65334,N1_LRP134a,0,MediumTruck
668,MediumTruck65337,N105_LRP035d,0,MediumTruck
669,MediumTruck65341,N2_LRP180a,0,MediumTruck
670,MiniBus65343,N2_LRP243a,0,MiniBus
671,MediumTruck65345,N1_LRP449d,0,MediumTruck
672,MediumTruck65345,N1_LRP449c,0,MediumTruck
673,MediumTruck65350,N104_LRP010a,0,MediumTruck
674,MediumTruck65353,N105_LRP039b,0,MediumTruck
675,MediumTruck65356,N2_LRP138b,0,MediumTruck
676,MiniBus65361,N1_LRP452e,0,MiniBus
677,MiniBus65361,N1_LRP452d,0,MiniBus
678,MiniBus65361,N1_LRP452c,0,MiniBus
679,MiniBus65361,N1_LRP452a,0,MiniBus
680,SmallTruck65372,N2_LRP140c,0.036161917618951905,SmallTruck
681,SmallTruck65373,N2_LRP186b,0.3943413119967665,SmallTruck
682,LargeBus65376,N1_LRP001a,0,LargeBus
683,MediumTruck65377,N1_LRP456c,0,MediumTruck
684,MediumTruck65378,N1_LRP010b,0,MediumTruck
685,MediumTruck65378,N1_LRP010c,0,MediumTruck
686,MediumTruck65379,N2_LRP285c,0,MediumTruck
687,MediumTruck65391,N2_LRP226d,0,MediumTruck
688,MediumTruck65391,N2_LRP226c,0,MediumTruck
689,MiniBus65280,N1_LRP030a,0,MiniBus
690,SmallTruck65281,N1_LRP432b,0,SmallTruck
691,MediumTruck65285,N102_LRP055c,0,MediumTruck
692,MediumTruck65288,N105_LRP027c,0,MediumTruck
693,MediumTruck65289,N105_LRP021d,0,MediumTruck
694,LargeBus65293,N2_LRP167b,0,LargeBus
695,LargeBus65293,N2_LRP166e,0,LargeBus
696,MediumTruck65294,N208_LRP027f,0,MediumTruck
697,MiniBus65295,N2_LRP200c,0,MiniBus
698,MediumTruck65297,N1_LRP436a,0,MediumTruck
699,LargeBus65298,N2_LRP025b,0,LargeBus
700,LargeBus65299,N2_LRP262a,0,LargeBus
701,LargeBus65299,N2_LRP261b,0,LargeBus
702,LargeBus65308,N2_LRP124c,0,LargeBus
703,LargeBus65308,N2_LRP123e,0,LargeBus
704,LargeBus65313,N1_LRP438c,0,LargeBus
705,LargeBus65313,N1_LRP438b,0,LargeBus
706,LargeBus65319,N104_LRP028a,0,LargeBus
707,MediumTruck65325,N2_LRP175f,0,MediumTruck
708,MediumTruck65325,N2_LRP175e,0,MediumTruck
709,MediumTruck65325,N2_LRP175d,0,MediumTruck
710,MediumTruck65325,N2_LRP175c,0,MediumTruck
711,SmallTruck65329,N1_LRP444e,0,SmallTruck
712,SmallTruck65329,N1_LRP444d,0,SmallTruck
713,SmallTruck65329,N1_LRP444c,0,SmallTruck
714,SmallTruck65329,N1_LRP444b,0,SmallTruck
715,SmallTruck65329,N1_LRP444a,0,SmallTruck
716,HeavyTruck65332,N102_LRP015a,0,HeavyTruck
717,MediumTruck65341,N2_LRP179a,0,MediumTruck
718,MediumTruck65341,N2_LRP178b,0,MediumTruck
719,MiniBus65343,N2_LRP243b,0,MiniBus
720,MediumTruck65344,N1_LRP010b,0,MediumTruck
721,MediumTruck65344,N1_LRP010c,0,MediumTruck
722,MediumTruck65344,N1_LRP011a,0,MediumTruck
723,MediumTruck65345,N1_LRP448a,0,MediumTruck
724,HeavyTruck65352,N1_LRP023a,0,HeavyTruck
725,MediumTruck65356,N2_LRP138a,0,MediumTruck
726,MiniBus65361,N1_LRP451e,0,MiniBus
727,MiniBus65361,N1_LRP451b,0,MiniBus
728,MiniBus65361,N1_LRP450e,0.11730544895495958,MiniBus
729,MediumTruck65369,N105_LRP042b,0,MediumTruck
730,MediumTruck65377,N1_LRP456a,0,MediumTruck
731,MediumTruck65378,N1_LRP011a,0,MediumTruck
732,MediumTruck65379,N2_LRP285a,0,MediumTruck
733,MediumTruck65379,N2_LRP284c,0,MediumTruck
734,MediumTruck65382,N1_LRP145a,0,MediumTruck
735,SmallTruck65386,N204_LRP003b,0,SmallTruck
736,MediumTruck65391,N2_LRP225c,0.09178735334674243,MediumTruck
737,SmallTruck65281,N1_LRP432a,0,SmallTruck
738,SmallTruck65286,N104_LRP028a,0,SmallTruck
739,MediumTruck65289,N105_LRP020c,0,MediumTruck
740,LargeBus65293,N2_LRP166d,0,LargeBus
741,MediumTruck65294,N208_LRP028d,0,MediumTruck
742,MiniBus65295,N2_LRP199d,0,MiniBus
743,LargeBus65296,N1_LRP026a,0,LargeBus
744,LargeBus65296,N1_LRP026b,0,LargeBus
745,MediumTruck65297,N1_LRP435c,0,MediumTruck
746,LargeBus65299,N2_LRP261a,0,LargeBus
747,SmallTruck65301,N102_LRP058a,0,SmallTruck
748,SmallTruck65304,N1_LRP035a,0,SmallTruck
749,MediumTruck65305,N105_LRP024c,0,MediumTruck
750,LargeBus65308,N2_LRP123d,0,LargeBus
751,LargeBus65308,N2_LRP123c,0,LargeBus
752,MediumTruck65310,N208_LRP024d,0,MediumTruck
753,MediumTruck65312,N2_LRP012c,0,MediumTruck
754,LargeBus65313,N1_LRP438a,0,LargeBus
755,SmallTruck65317,N102_LRP062c,0,SmallTruck
756,SmallTruck65317,N102_LRP062b,0,SmallTruck
757,SmallTruck65329,N1_LRP443d,0,SmallTruck
758,SmallTruck65329,N1_LRP443c,0,SmallTruck
759,MediumTruck65330,N105_LRP017c,0,MediumTruck
760,MediumTruck65341,N2_LRP178a,0,MediumTruck
761,MediumTruck65345,N1_LRP447c,0,MediumTruck
762,SmallTruck65346,N2_LRP012c,0,SmallTruck
763,SmallTruck65347,N2_LRP276a,0,SmallTruck
764,MediumTruck65358,N208_LRP011b,0,MediumTruck
765,MiniBus65361,N1_LRP450c,0,MiniBus
766,SmallTruck65372,N2_LRP140a,0.10549227278479713,SmallTruck
767,SmallTruck65375,N2_LRP221b,0,SmallTruck
768,MediumTruck65377,N1_LRP455a,0,MediumTruck
769,MediumTruck65379,N2_LRP284b,0,MediumTruck
770,MediumTruck65384,N105_LRP003a,0,MediumTruck
771,LargeBus65388,N2_LRP151a,0,LargeBus
772,SmallTruck65281,N1_LRP431d,0.24958563655721883,SmallTruck
773,MediumTruck65282,N2_LRP029b,0,MediumTruck
774,MediumTruck65283,N2_LRP258a,0,MediumTruck
775,MediumTruck65284,N102_LRP028c,0,MediumTruck
776,LargeBus65293,N2_LRP165d,0,LargeBus
777,LargeBus65293,N2_LRP165c,0,LargeBus
778,MediumTruck65294,N208_LRP029c,0,MediumTruck
779,LargeBus65296,N1_LRP027a,0,LargeBus
780,SmallTruck65304,N1_LRP036c,0,SmallTruck
781,LargeBus65308,N2_LRP122b,0,LargeBus
782,MediumTruck65309,N2_LRP216a,0,MediumTruck
783,MediumTruck65309,N2_LRP216b,0,MediumTruck
784,MediumTruck65312,N2_LRP012f,0,MediumTruck
785,LargeBus65313,N1_LRP437b,0,LargeBus
786,LargeBus65313,N1_LRP437a,0,LargeBus
787,MediumTruck65314,N2_LRP021a,0,MediumTruck
788,LargeBus65315,N2_LRP264a,0,LargeBus
789,HeavyTruck65320,N105_LRP020c,0,HeavyTruck
790,MediumTruck65333,N102_LRP065a,0,MediumTruck
791,MediumTruck65334,N1_LRP131b,0,MediumTruck
792,MediumTruck65336,N2_LRP016a,0,MediumTruck
793,MediumTruck65337,N105_LRP032c,0,MediumTruck
794,MediumTruck65337,N105_LRP032b,0,MediumTruck
795,MediumTruck65341,N2_LRP177a,0,MediumTruck
796,MediumTruck65345,N1_LRP447b,0,MediumTruck
797,MediumTruck65345,N1_LRP447a,0,MediumTruck
798,MediumTruck65345,N1_LRP446d,0,MediumTruck
799,MediumTruck65345,N1_LRP446b,0,MediumTruck
800,SmallTruck65346,N2_LRP012f,0,SmallTruck
801,MediumTruck65356,N2_LRP135b,0,MediumTruck
802,MediumTruck65359,N2_LRP216b,0,MediumTruck
803,MiniBus65361,N1_LRP450a,0,MiniBus
804,MediumTruck65369,N105_LRP041c,0,MediumTruck
805,SmallTruck65373,N2_LRP184c,0,SmallTruck
806,LargeBus65376,N1_LRP004b,0,LargeBus
807,MediumTruck65379,N2_LRP283b,0,MediumTruck
808,MediumTruck65382,N1_LRP143a,0,MediumTruck
809,LargeBus65388,N2_LRP151b,0,LargeBus
810,LargeBus65388,N2_LRP152a,0,LargeBus
811,MiniBus65390,N208_LRP004c,0,MiniBus
812,LargeBus65396,N1_LRP083a,0,LargeBus
813,LargeBus65398,N104_LRPSa,0,LargeBus
814,MediumTruck65402,N2_LRP117b,0,MediumTruck
815,MediumTruck65402,N2_LRP117a,0.01410699511936105,MediumTruck
816,LargeBus65407,N2_LRP228b,0,LargeBus
817,MiniBus65280,N1_LRP033a,0,MiniBus
818,MediumTruck65284,N102_LRP029d,0,MediumTruck
819,LargeBus65293,N2_LRP164d,0,LargeBus
820,LargeBus65293,N2_LRP164b,0,LargeBus
821,LargeBus65293,N2_LRP164a,0,LargeBus
822,LargeBus65302,N104_LRP028a,0,LargeBus
823,MediumTruck65305,N105_LRP023c,0,MediumTruck
824,LargeBus65308,N2_LRP121c,0,LargeBus
825,LargeBus65313,N1_LRP436a,0,LargeBus
826,LargeBus65313,N1_LRP435c,0,LargeBus
827,MediumTruck65314,N2_LRP021b,0,MediumTruck
828,HeavyTruck65320,N105_LRP021d,0,HeavyTruck
829,MediumTruck65321,N105_LRP027c,0,MediumTruck
830,SmallTruck65329,N1_LRP441a,0,SmallTruck
831,HeavyTruck65332,N102_LRP017a,0,HeavyTruck
832,SmallTruck65338,N204_LRP020b,0,SmallTruck
833,SmallTruck65339,N204_LRP020b,0,SmallTruck
834,MediumTruck65341,N2_LRP176e,0,MediumTruck
835,MediumTruck65341,N2_LRP176d,0,MediumTruck
836,MediumTruck65341,N2_LRP176c,0,MediumTruck
837,MediumTruck65341,N2_LRP176b,0,MediumTruck
838,MiniBus65343,N2_LRP246c,0,MiniBus
839,SmallTruck65347,N2_LRP274e,0,SmallTruck
840,MediumTruck65356,N2_LRP135a,0,MediumTruck
841,MediumTruck65359,N2_LRP216a,0,MediumTruck
842,MiniBus65361,N1_LRP449d,0,MiniBus
843,MiniBus65361,N1_LRP449c,0,MiniBus
844,HeavyTruck65364,N102_LRP009a,0,HeavyTruck
845,MediumTruck65369,N105_LRP040c,0,MediumTruck
846,SmallTruck65372,N2_LRP139b,0,SmallTruck
847,SmallTruck65372,N2_LRP139a,0,SmallTruck
848,SmallTruck65373,N2_LRP183d,0.043705170869295394,SmallTruck
849,SmallTruck65375,N2_LRP219a,0,SmallTruck
850,MediumTruck65380,N1_LRP077a,0,MediumTruck
851,SmallTruck65383,N104_LRP044d,0,SmallTruck
852,LargeBus65388,N2_LRP152b,0,LargeBus
853,LargeBus65388,N2_LRP152c,0,LargeBus
854,LargeBus65388,N2_LRP152d,0,LargeBus
855,MediumTruck65391,N2_LRP224b,0,MediumTruck
856,LargeBus65396,N1_LRP083b,0,LargeBus
857,MediumTruck65397,N102_LRP082a,0,MediumTruck
858,MediumTruck65404,N2_LRP146a,0,MediumTruck
859,MiniBus65280,N1_LRP033b,0,MiniBus
860,MiniBus65280,N1_LRP034a,0,MiniBus
861,SmallTruck65281,N1_LRP431b,0,SmallTruck
862,SmallTruck65281,N1_LRP431a,0,SmallTruck
863,SmallTruck65281,N1_LRP430c,0,SmallTruck
864,MediumTruck65288,N105_LRP030c,0,MediumTruck
865,LargeBus65293,N2_LRP163d,0,LargeBus
866,LargeBus65293,N2_LRP163c,0,LargeBus
867,LargeBus65293,N2_LRP163b,0,LargeBus
868,MediumTruck65294,N208_LRP031b,0,MediumTruck
869,MediumTruck65294,N208_LRP031d,0,MediumTruck
870,MediumTruck65297,N1_LRP433c,0,MediumTruck
871,MediumTruck65297,N1_LRP433b,0.09515688869637973,MediumTruck
872,LargeBus65298,N2_LRP029b,0,LargeBus
873,LargeBus65299,N2_LRP258a,0,LargeBus
874,MediumTruck65305,N105_LRP022c,0,MediumTruck
875,LargeBus65308,N2_LRP121a,0,LargeBus
876,MediumTruck65310,N208_LRP027b,0,MediumTruck
877,MediumTruck65310,N208_LRP027d,0,MediumTruck
878,HeavyTruck65320,N105_LRP022c,0,HeavyTruck
879,MediumTruck65325,N2_LRP172d,0,MediumTruck
880,MediumTruck65325,N2_LRP172c,0,MediumTruck
881,LargeBus65328,N2_LRP012c,0,LargeBus
882,MediumTruck65337,N105_LRP030c,0,MediumTruck
883,MediumTruck65341,N2_LRP175f,0,MediumTruck
884,MediumTruck65341,N2_LRP175e,0,MediumTruck
885,MediumTruck65341,N2_LRP175d,0,MediumTruck
886,MediumTruck65341,N2_LRP175c,0,MediumTruck
887,MediumTruck65345,N1_LRP445d,0,MediumTruck
888,MediumTruck65345,N1_LRP445b,0,MediumTruck
889,HeavyTruck65352,N1_LRP026a,0,HeavyTruck
890,MediumTruck65353,N105_LRP035d,0,MediumTruck
891,MediumTruck65356,N2_LRP134c,0,MediumTruck
892,MediumTruck65356,N2_LRP134b,0,MediumTruck
893,MiniBus65361,N1_LRP448a,0,MiniBus
894,LargeBus65366,N1_LRP137a,0,LargeBus
895,MediumTruck65369,N105_LRP039b,0,MediumTruck
896,SmallTruck65372,N2_LRP138b,0,SmallTruck
897,SmallTruck65373,N2_LRP183c,0,SmallTruck
898,MediumTruck65377,N1_LRP452e,0,MediumTruck
899,MediumTruck65377,N1_LRP452d,0,MediumTruck
900,MediumTruck65382,N1_LRP142a,0,MediumTruck
901,MediumTruck65384,N105_LRP005c,0,MediumTruck
902,MediumTruck65384,N105_LRP006a,0,MediumTruck
903,LargeBus65388,N2_LRP153a,0,LargeBus
904,LargeBus65388,N2_LRP153b,0,LargeBus
905,MediumTruck65392,N1_LRP001a,0,MediumTruck
906,MiniBus65393,N1_LRP456c,0,MiniBus
907,LargeBus65395,N2_LRP285c,0,LargeBus
908,LargeBus65395,N2_LRP285a,0,LargeBus
909,LargeBus65407,N2_LRP226d,0,LargeBus
910,LargeBus65407,N2_LRP226c,0,LargeBus
911,SmallTruck65281,N1_LRP430b,0,SmallTruck
912,SmallTruck65281,N1_LRP430a,0,SmallTruck
913,SmallTruck65281,N1_LRP429f,0,SmallTruck
914,MediumTruck65289,N105_LRP017c,0,MediumTruck
915,SmallTruck65290,N2_LRP146a,0,SmallTruck
916,MediumTruck65291,N204_LRP003b,0,MediumTruck
917,LargeBus65293,N2_LRP163a,0,LargeBus
918,LargeBus65293,N2_LRP162e,0,LargeBus
919,LargeBus65293,N2_LRP162d,0,LargeBus
920,LargeBus65293,N2_LRP162c,0,LargeBus
921,LargeBus65296,N1_LRP030a,0,LargeBus
922,MediumTruck65297,N1_LRP432b,0,MediumTruck
923,SmallTruck65301,N102_LRP055c,0,SmallTruck
924,MediumTruck65305,N105_LRP021d,0,MediumTruck
925,LargeBus65308,N2_LRP120a,0,LargeBus
926,LargeBus65308,N2_LRP119c,0,LargeBus
927,MediumTruck65310,N208_LRP027f,0,MediumTruck
928,MiniBus65311,N2_LRP200c,0,MiniBus
929,LargeBus65315,N2_LRP262a,0,LargeBus
930,LargeBus65315,N2_LRP261b,0,LargeBus
931,HeavyTruck65320,N105_LRP023c,0,HeavyTruck
932,MediumTruck65325,N2_LRP171f,0.1258638171977731,MediumTruck
933,LargeBus65328,N2_LRP012f,0,LargeBus
934,SmallTruck65329,N1_LRP440a,0,SmallTruck
935,MediumTruck65330,N105_LRP020c,0,MediumTruck
936,HeavyTruck65332,N102_LRP019a,0,HeavyTruck
937,HeavyTruck65332,N102_LRP019b,0,HeavyTruck
938,MediumTruck65336,N2_LRP018a,0,MediumTruck
939,MiniBus65343,N2_LRP248a,0,MiniBus
940,MediumTruck65345,N1_LRP444e,0,MediumTruck
941,MediumTruck65345,N1_LRP444d,0,MediumTruck
942,MediumTruck65345,N1_LRP444c,0,MediumTruck
943,MediumTruck65345,N1_LRP444b,0,MediumTruck
944,MediumTruck65345,N1_LRP444a,0,MediumTruck
945,MediumTruck65348,N102_LRP015a,0,MediumTruck
946,HeavyTruck65352,N1_LRP026b,0,HeavyTruck
947,MediumTruck65356,N2_LRP133a,0,MediumTruck
948,MediumTruck65359,N2_LRP214b,0.009043371973314465,MediumTruck
949,MediumTruck65360,N1_LRP010b,0,MediumTruck
950,MediumTruck65360,N1_LRP010c,0,MediumTruck
951,MediumTruck65360,N1_LRP011a,0,MediumTruck
952,MiniBus65361,N1_LRP447c,0,MiniBus
953,MiniBus65361,N1_LRP447b,0,MiniBus
954,MiniBus65361,N1_LRP447a,0,MiniBus
955,LargeBus65363,N2_LRP276a,0,LargeBus
956,LargeBus65366,N1_LRP136a,0,LargeBus
957,SmallTruck65372,N2_LRP138a,0,SmallTruck
958,SmallTruck65373,N2_LRP183a,0,SmallTruck
959,SmallTruck65373,N2_LRP182d,0,SmallTruck
960,MediumTruck65377,N1_LRP452c,0,MediumTruck
961,MediumTruck65377,N1_LRP452a,0,MediumTruck
962,MediumTruck65377,N1_LRP451e,0,MediumTruck
963,MediumTruck65385,N105_LRP042b,0,MediumTruck
964,LargeBus65388,N2_LRP154c,0,LargeBus
965,MiniBus65393,N1_LRP456a,0,MiniBus
966,LargeBus65395,N2_LRP284c,0,LargeBus
967,LargeBus65395,N2_LRP284b,0,LargeBus
968,MiniBus65405,N2_LRP188a,0,MiniBus
969,LargeBus65407,N2_LRP225c,0.006963102502294016,LargeBus
970,MiniBus65280,N1_LRP035a,0,MiniBus
971,SmallTruck65281,N1_LRP429c,0,SmallTruck
972,SmallTruck65281,N1_LRP429b,0,SmallTruck
973,SmallTruck65281,N1_LRP429a,0,SmallTruck
974,MediumTruck65287,N104_LRP017b,0,MediumTruck
975,MediumTruck65288,N105_LRP032b,0,MediumTruck
976,MediumTruck65288,N105_LRP032c,0,MediumTruck
977,LargeBus65293,N2_LRP162a,0.23701106550839632,LargeBus
978,MediumTruck65297,N1_LRP432a,0,MediumTruck
979,LargeBus65300,N1_LRP051a,0,LargeBus
980,MediumTruck65305,N105_LRP020c,0,MediumTruck
981,LargeBus65308,N2_LRP118g,0,LargeBus
982,LargeBus65308,N2_LRP118e,0,LargeBus
983,MediumTruck65309,N2_LRP219a,0,MediumTruck
984,MediumTruck65310,N208_LRP028d,0,MediumTruck
985,MiniBus65311,N2_LRP199d,0,MiniBus
986,LargeBus65313,N1_LRP433c,0,LargeBus
987,LargeBus65313,N1_LRP433b,0.26313725293839096,LargeBus
988,MediumTruck65314,N2_LRP024b,0,MediumTruck
989,LargeBus65315,N2_LRP261a,0,LargeBus
990,SmallTruck65317,N102_LRP058a,0,SmallTruck
991,MediumTruck65321,N105_LRP024c,0,MediumTruck
992,MediumTruck65325,N2_LRP171e,0,MediumTruck
993,MediumTruck65326,N208_LRP024d,0,MediumTruck
994,SmallTruck65327,N208_LRP034d,0,SmallTruck
995,SmallTruck65327,N208_LRP034c,0,SmallTruck
996,SmallTruck65329,N1_LRP439a,0,SmallTruck
997,MediumTruck65330,N105_LRP021d,0,MediumTruck
998,MediumTruck65333,N102_LRP062c,0,MediumTruck
999,MediumTruck65333,N102_LRP062b,0,MediumTruck
1000,MiniBus65343,N2_LRP249a,0,MiniBus
1001,MediumTruck65345,N1_LRP443d,0,MediumTruck
1002,MediumTruck65345,N1_LRP443c,0,MediumTruck
1003,SmallTruck65346,N2_LRP016a,0,SmallTruck
1004,HeavyTruck65352,N1_LRP027a,0,HeavyTruck
1005,LargeBus65354,N204_LRP020b,0,LargeBus
1006,MediumTruck65356,N2_LRP132c,0,MediumTruck
1007,MiniBus65361,N1_LRP446d,0,MiniBus
1008,MiniBus65361,N1_LRP446b,0,MiniBus
1009,MediumTruck65362,N2_LRP012c,0,MediumTruck
1010,LargeBus65363,N2_LRP274e,0,LargeBus
1011,SmallTruck65373,N2_LRP182b,0,SmallTruck
1012,SmallTruck65373,N2_LRP182a,0,SmallTruck
1013,MediumTruck65374,N208_LRP011b,0,MediumTruck
1014,MediumTruck65377,N1_LRP451b,0,MediumTruck
1015,MediumTruck65377,N1_LRP450e,0.22998497575162716,MediumTruck
1016,LargeBus65388,N2_LRP155a,0,LargeBus
1017,MediumTruck65389,N2_LRP199d,0,MediumTruck
1018,MediumTruck65391,N2_LRP221b,0,MediumTruck
1019,MiniBus65393,N1_LRP455a,0,MiniBus
1020,LargeBus65395,N2_LRP283b,0,LargeBus
1021,HeavyTruck65400,N105_LRP003a,0,HeavyTruck
1022,MiniBus65405,N2_LRP187b,0,MiniBus
1023,MiniBus65280,N1_LRP036c,0,MiniBus
1024,SmallTruck65281,N1_LRP428d,0,SmallTruck
1025,SmallTruck65281,N1_LRP428c,0,SmallTruck
1026,SmallTruck65281,N1_LRP428b,0,SmallTruck
1027,SmallTruck65281,N1_LRP428a,0,SmallTruck
1028,LargeBus65293,N2_LRP161c,0,LargeBus
1029,LargeBus65293,N2_LRP161b,0,LargeBus
1030,MediumTruck65297,N1_LRP431d,0.1374588445781042,MediumTruck
1031,MiniBus65307,N204_LRP003b,0,MiniBus
1032,LargeBus65308,N2_LRP118b,0,LargeBus
1033,LargeBus65308,N2_LRP118a,0,LargeBus
1034,MediumTruck65310,N208_LRP029c,0,MediumTruck
1035,MediumTruck65312,N2_LRP016a,0,MediumTruck
1036,LargeBus65313,N1_LRP432b,0,LargeBus
1037,MediumTruck65314,N2_LRP025a,0,MediumTruck
1038,MediumTruck65314,N2_LRP025b,0,MediumTruck
1039,HeavyTruck65320,N105_LRP024c,0,HeavyTruck
1040,MediumTruck65325,N2_LRP171d,0,MediumTruck
1041,MediumTruck65325,N2_LRP170j,0,MediumTruck
1042,MediumTruck65325,N2_LRP170i,0,MediumTruck
1043,MediumTruck65325,N2_LRP170h,0,MediumTruck
1044,MediumTruck65325,N2_LRP170g,0,MediumTruck
1045,MediumTruck65325,N2_LRP170f,0.10595194421475607,MediumTruck
1046,MediumTruck65330,N105_LRP022c,0,MediumTruck
1047,MediumTruck65334,N1_LRP127a,0,MediumTruck
1048,MediumTruck65335,N104_LRP028a,0,MediumTruck
1049,MediumTruck65349,N102_LRP065a,0,MediumTruck
1050,MediumTruck65353,N105_LRP032c,0,MediumTruck
1051,MediumTruck65353,N105_LRP032b,0,MediumTruck
1052,MediumTruck65356,N2_LRP132b,0,MediumTruck
1053,MediumTruck65356,N2_LRP132a,0,MediumTruck
1054,MediumTruck65360,N1_LRP012a,0,MediumTruck
1055,MediumTruck65360,N1_LRP012b,0,MediumTruck
1056,MiniBus65361,N1_LRP445d,0,MiniBus
1057,MiniBus65361,N1_LRP445b,0,MiniBus
1058,MediumTruck65362,N2_LRP012f,0,MediumTruck
1059,LargeBus65366,N1_LRP134a,0,LargeBus
1060,SmallTruck65372,N2_LRP135b,0,SmallTruck
1061,SmallTruck65373,N2_LRP181c,0,SmallTruck
1062,SmallTruck65375,N2_LRP216b,0,SmallTruck
1063,MediumTruck65377,N1_LRP450c,0,MediumTruck
1064,MediumTruck65385,N105_LRP041c,0,MediumTruck
1065,LargeBus65388,N2_LRP156a,0,LargeBus
1066,MediumTruck65389,N2_LRP200c,0,MediumTruck
1067,MiniBus65405,N2_LRP186d,0,MiniBus
1068,MiniBus65406,N208_LRP004c,0,MiniBus
1069,LargeBus65407,N2_LRP224b,0,LargeBus
1070,SmallTruck65414,N104_LRPSa,0,SmallTruck
1071,MiniBus65418,N2_LRP117b,0,MiniBus
1072,MiniBus65418,N2_LRP117a,0.016570837988703863,MiniBus
1073,SmallTruck65281,N1_LRP427e,0,SmallTruck
1074,SmallTruck65281,N1_LRP427d,0,SmallTruck
1075,SmallTruck65281,N1_LRP427b,0,SmallTruck
1076,MediumTruck65284,N102_LRP033c,0,MediumTruck
1077,LargeBus65293,N2_LRP161a,0,LargeBus
1078,MediumTruck65294,N208_LRP034c,0,MediumTruck
1079,MediumTruck65294,N208_LRP034d,0,MediumTruck
1080,LargeBus65296,N1_LRP033a,0,LargeBus
1081,LargeBus65308,N2_LRP117b,0,LargeBus
1082,LargeBus65308,N2_LRP117a,0.03028261977588046,LargeBus
1083,MediumTruck65309,N2_LRP221b,0,MediumTruck
1084,LargeBus65313,N1_LRP432a,0,LargeBus
1085,LargeBus65313,N1_LRP431d,0.736101322205494,LargeBus
1086,MediumTruck65321,N105_LRP023c,0,MediumTruck
1087,MediumTruck65325,N2_LRP170e,0,MediumTruck
1088,MediumTruck65325,N2_LRP170c,0,MediumTruck
1089,SmallTruck65329,N1_LRP438c,0,SmallTruck
1090,SmallTruck65329,N1_LRP438b,0,SmallTruck
1091,SmallTruck65329,N1_LRP438a,0,SmallTruck
1092,MediumTruck65330,N105_LRP023c,0,MediumTruck
1093,MediumTruck65336,N2_LRP021a,0,MediumTruck
1094,MediumTruck65337,N105_LRP027c,0,MediumTruck
1095,MediumTruck65341,N2_LRP172d,0,MediumTruck
1096,MediumTruck65341,N2_LRP172c,0,MediumTruck
1097,MediumTruck65345,N1_LRP441a,0,MediumTruck
1098,MediumTruck65348,N102_LRP017a,0,MediumTruck
1099,MediumTruck65350,N104_LRP017b,0,MediumTruck
1100,SmallTruck65355,N204_LRP020b,0,SmallTruck
1101,MediumTruck65360,N1_LRP014a,0,MediumTruck
1102,MiniBus65361,N1_LRP444e,0,MiniBus
1103,MiniBus65361,N1_LRP444d,0,MiniBus
1104,MiniBus65361,N1_LRP444c,0,MiniBus
1105,SmallTruck65372,N2_LRP135a,0,SmallTruck
1106,SmallTruck65373,N2_LRP180c,0,SmallTruck
1107,SmallTruck65375,N2_LRP216a,0,SmallTruck
1108,MediumTruck65377,N1_LRP450a,0,MediumTruck
1109,MediumTruck65385,N105_LRP040c,0,MediumTruck
1110,LargeBus65388,N2_LRP157a,0,LargeBus
1111,MediumTruck65391,N2_LRP219a,0,MediumTruck
1112,MediumTruck65392,N1_LRP004b,0,MediumTruck
1113,LargeBus65396,N1_LRP088a,0,LargeBus
1114,MediumTruck65399,N104_LRP044d,0,MediumTruck
1115,MediumTruck65404,N2_LRP141b,0,MediumTruck
1116,MediumTruck65404,N2_LRP141a,0,MediumTruck
1117,MiniBus65405,N2_LRP186c,0,MiniBus
1118,MiniBus65405,N2_LRP186b,1.8561764461707715,MiniBus
1119,MediumTruck65412,N102_LRPSc,0,MediumTruck
1120,MediumTruck65413,N102_LRP082a,0,MediumTruck
1121,HeavyTruck65420,N2_LRP146a,0,HeavyTruck
1122,SmallTruck65281,N1_LRP426e,0,SmallTruck
1123,SmallTruck65281,N1_LRP426d,0,SmallTruck
1124,MediumTruck65284,N102_LRP034b,0,MediumTruck
1125,MediumTruck65288,N105_LRP035d,0,MediumTruck
1126,LargeBus65293,N2_LRP160a,0,LargeBus
1127,LargeBus65293,N2_LRP159d,0,LargeBus
1128,LargeBus65296,N1_LRP033b,0,LargeBus
1129,LargeBus65296,N1_LRP034a,0,LargeBus
1130,MediumTruck65297,N1_LRP431b,0,MediumTruck
1131,MediumTruck65297,N1_LRP431a,0,MediumTruck
1132,MediumTruck65297,N1_LRP430c,0,MediumTruck
1133,MediumTruck65310,N208_LRP031b,0,MediumTruck
1134,MediumTruck65310,N208_LRP031d,0,MediumTruck
1135,MediumTruck65312,N2_LRP018a,0,MediumTruck
1136,LargeBus65315,N2_LRP258a,0,LargeBus
1137,MediumTruck65321,N105_LRP022c,0,MediumTruck
1138,MediumTruck65325,N2_LRP170b,0,MediumTruck
1139,MediumTruck65325,N2_LRP170a,0,MediumTruck
1140,MediumTruck65325,N2_LRP169f,0,MediumTruck
1141,MediumTruck65325,N2_LRP169e,0,MediumTruck
1142,MediumTruck65325,N2_LRP169d,0,MediumTruck
1143,MediumTruck65325,N2_LRP169c,0,MediumTruck
1144,MediumTruck65326,N208_LRP027b,0,MediumTruck
1145,MediumTruck65326,N208_LRP027d,0,MediumTruck
1146,SmallTruck65327,N208_LRP031d,0,SmallTruck
1147,LargeBus65328,N2_LRP016a,0,LargeBus
1148,SmallTruck65329,N1_LRP437b,0,SmallTruck
1149,SmallTruck65329,N1_LRP437a,0,SmallTruck
1150,HeavyTruck65332,N102_LRP022a,0,HeavyTruck
1151,MediumTruck65336,N2_LRP021b,0,MediumTruck
1152,MediumTruck65341,N2_LRP171f,0.0739181565653685,MediumTruck
1153,SmallTruck65346,N2_LRP018a,0,SmallTruck
1154,HeavyTruck65352,N1_LRP030a,0,HeavyTruck
1155,MediumTruck65353,N105_LRP030c,0,MediumTruck
1156,MediumTruck65356,N2_LRP130c,0,MediumTruck
1157,MediumTruck65356,N2_LRP130b,0,MediumTruck
1158,MediumTruck65359,N2_LRP211c,0,MediumTruck
1159,MiniBus65361,N1_LRP444b,0,MiniBus
1160,MiniBus65361,N1_LRP444a,0,MiniBus
1161,MiniBus65361,N1_LRP443d,0,MiniBus
1162,MediumTruck65369,N105_LRP035d,0,MediumTruck
1163,SmallTruck65372,N2_LRP134c,0,SmallTruck
1164,SmallTruck65372,N2_LRP134b,0,SmallTruck
1165,SmallTruck65373,N2_LRP180a,0,SmallTruck
1166,LargeBus65376,N1_LRP010b,0,LargeBus
1167,LargeBus65376,N1_LRP010c,0,LargeBus
1168,LargeBus65376,N1_LRP011a,0,LargeBus
1169,MediumTruck65377,N1_LRP449d,0,MediumTruck
1170,MediumTruck65377,N1_LRP449c,0,MediumTruck
1171,MediumTruck65385,N105_LRP039b,0,MediumTruck
1172,LargeBus65388,N2_LRP157b,0,LargeBus
1173,MiniBus65393,N1_LRP452e,0,MiniBus
1174,MiniBus65393,N1_LRP452d,0,MiniBus
1175,MiniBus65393,N1_LRP452c,0,MiniBus
1176,MiniBus65393,N1_LRP452a,0,MiniBus
1177,HeavyTruck65400,N105_LRP005c,0,HeavyTruck
1178,HeavyTruck65400,N105_LRP006a,0,HeavyTruck
1179,MediumTruck65404,N2_LRP140c,0.027223583562394685,MediumTruck
1180,LargeBus65408,N1_LRP001a,0,LargeBus
1181,MediumTruck65409,N1_LRP456c,0,MediumTruck
1182,LargeBus65411,N2_LRP285c,0,LargeBus
1183,LargeBus65411,N2_LRP285a,0,LargeBus
1184,MediumTruck65412,N102_LRP002a,0,MediumTruck
1185,SmallTruck65281,N1_LRP426c,0,SmallTruck
1186,SmallTruck65281,N1_LRP426b,0,SmallTruck
1187,SmallTruck65281,N1_LRP426a,0,SmallTruck
1188,SmallTruck65281,N1_LRP425e,0,SmallTruck
1189,MediumTruck65282,N2_LRP035b,0,MediumTruck
1190,LargeBus65293,N2_LRP159c,0,LargeBus
1191,LargeBus65293,N2_LRP159b,0,LargeBus
1192,MediumTruck65297,N1_LRP430b,0,MediumTruck
1193,MediumTruck65297,N1_LRP430a,0,MediumTruck
1194,MediumTruck65297,N1_LRP429f,0,MediumTruck
1195,MediumTruck65305,N105_LRP017c,0,MediumTruck
1196,LargeBus65313,N1_LRP431b,0,LargeBus
1197,LargeBus65313,N1_LRP431a,0,LargeBus
1198,LargeBus65313,N1_LRP430c,0,LargeBus
1199,SmallTruck65317,N102_LRP055c,0,SmallTruck
1200,HeavyTruck65320,N105_LRP027c,0,HeavyTruck
1201,MediumTruck65321,N105_LRP021d,0,MediumTruck
1202,MediumTruck65325,N2_LRP169b,0,MediumTruck
1203,MediumTruck65326,N208_LRP027f,0,MediumTruck
1204,SmallTruck65327,N208_LRP031b,0,SmallTruck
1205,SmallTruck65329,N1_LRP436a,0,SmallTruck
1206,MediumTruck65330,N105_LRP024c,0,MediumTruck
1207,SmallTruck65331,N2_LRP264a,0,SmallTruck
1208,MediumTruck65341,N2_LRP171e,0,MediumTruck
1209,MediumTruck65345,N1_LRP440a,0,MediumTruck
1210,MediumTruck65348,N102_LRP019a,0,MediumTruck
1211,MediumTruck65348,N102_LRP019b,0,MediumTruck
1212,MediumTruck65356,N2_LRP130a,0,MediumTruck
1213,MediumTruck65356,N2_LRP129c,0,MediumTruck
1214,MediumTruck65359,N2_LRP211b,0,MediumTruck
1215,MiniBus65361,N1_LRP443c,0,MiniBus
1216,HeavyTruck65364,N102_LRP015a,0,HeavyTruck
1217,LargeBus65366,N1_LRP131b,0,LargeBus
1218,SmallTruck65372,N2_LRP133a,0,SmallTruck
1219,SmallTruck65373,N2_LRP179a,0,SmallTruck
1220,SmallTruck65373,N2_LRP178b,0,SmallTruck
1221,SmallTruck65375,N2_LRP214b,0.04139391095326474,SmallTruck
1222,LargeBus65376,N1_LRP012a,0,LargeBus
1223,LargeBus65376,N1_LRP012b,0,LargeBus
1224,MediumTruck65377,N1_LRP448a,0,MediumTruck
1225,MediumTruck65382,N1_LRP137a,0,MediumTruck
1226,LargeBus65388,N2_LRP158a,0,LargeBus
1227,MiniBus65390,N208_LRP011b,0,MiniBus
1228,MiniBus65393,N1_LRP451e,0,MiniBus
1229,MiniBus65393,N1_LRP451b,0,MiniBus
1230,MiniBus65393,N1_LRP450e,0.8288549465599399,MiniBus
1231,MediumTruck65401,N105_LRP042b,0,MediumTruck
1232,MediumTruck65409,N1_LRP456a,0,MediumTruck
1233,LargeBus65411,N2_LRP284c,0,LargeBus
1234,LargeBus65411,N2_LRP284b,0,LargeBus
1235,MediumTruck65412,N102_LRP002b,0,MediumTruck
1236,MediumTruck65412,N102_LRP002c,0,MediumTruck
1237,SmallTruck65423,N208_LRP055a,0,SmallTruck
1238,SmallTruck65281,N1_LRP425c,2.357303784232832,SmallTruck
1239,LargeBus65293,N2_LRP158a,0,LargeBus
1240,LargeBus65296,N1_LRP035a,0,LargeBus
1241,MediumTruck65297,N1_LRP429c,0,MediumTruck
1242,MediumTruck65297,N1_LRP429b,0,MediumTruck
1243,MediumTruck65297,N1_LRP429a,0,MediumTruck
1244,LargeBus65298,N2_LRP035b,0,LargeBus
1245,SmallTruck65303,N104_LRP017b,0,SmallTruck
1246,LargeBus65313,N1_LRP430b,0,LargeBus
1247,LargeBus65313,N1_LRP430a,0,LargeBus
1248,LargeBus65313,N1_LRP429f,0,LargeBus
1249,MediumTruck65318,N104_LRP028a,0,MediumTruck
1250,MediumTruck65321,N105_LRP020c,0,MediumTruck
1251,MediumTruck65325,N2_LRP168c,0,MediumTruck
1252,MediumTruck65325,N2_LRP168a,0,MediumTruck
1253,MediumTruck65326,N208_LRP028d,0,MediumTruck
1254,LargeBus65328,N2_LRP018a,0,LargeBus
1255,SmallTruck65329,N1_LRP435c,0,SmallTruck
1256,MediumTruck65333,N102_LRP058a,0,MediumTruck
1257,MediumTruck65337,N105_LRP024c,0,MediumTruck
1258,MediumTruck65341,N2_LRP171d,0,MediumTruck
1259,MediumTruck65341,N2_LRP170j,0,MediumTruck
1260,MediumTruck65341,N2_LRP170i,0,MediumTruck
1261,MediumTruck65341,N2_LRP170h,0,MediumTruck
1262,MediumTruck65341,N2_LRP170g,0,MediumTruck
1263,MediumTruck65341,N2_LRP170f,0.08950384447188718,MediumTruck
1264,MediumTruck65342,N208_LRP024d,0,MediumTruck
1265,MediumTruck65345,N1_LRP439a,0,MediumTruck
1266,MediumTruck65349,N102_LRP062c,0,MediumTruck
1267,MediumTruck65349,N102_LRP062b,0,MediumTruck
1268,MediumTruck65356,N2_LRP129b,0,MediumTruck
1269,MediumTruck65356,N2_LRP129a,0,MediumTruck
1270,MediumTruck65356,N2_LRP128b,0,MediumTruck
1271,MiniBus65361,N1_LRP441a,0,MiniBus
1272,MediumTruck65362,N2_LRP016a,0,MediumTruck
1273,SmallTruck65372,N2_LRP132c,0,SmallTruck
1274,SmallTruck65373,N2_LRP178a,0,SmallTruck
1275,MediumTruck65377,N1_LRP447c,0,MediumTruck
1276,MediumTruck65379,N2_LRP276a,0,MediumTruck
1277,LargeBus65388,N2_LRP159b,0,LargeBus
1278,LargeBus65388,N2_LRP159c,0,LargeBus
1279,LargeBus65388,N2_LRP159d,0,LargeBus
1280,MiniBus65393,N1_LRP450c,0,MiniBus
1281,MediumTruck65404,N2_LRP140a,0.08015269769587169,MediumTruck
1282,LargeBus65407,N2_LRP221b,0,LargeBus
1283,MediumTruck65409,N1_LRP455a,0,MediumTruck
1284,LargeBus65411,N2_LRP283b,0,LargeBus
1285,SmallTruck65416,N105_LRP003a,0,SmallTruck
1286,MediumTruck65421,N2_LRP188a,0,MediumTruck
1287,MediumTruck65421,N2_LRP187b,0,MediumTruck
1288,MediumTruck65284,N102_LRP036b,0,MediumTruck
1289,MediumTruck65284,N102_LRP036d,0,MediumTruck
1290,MediumTruck65285,N102_LRP045a,0,MediumTruck
1291,LargeBus65293,N2_LRP157b,0,LargeBus
1292,LargeBus65293,N2_LRP157a,0,LargeBus
1293,LargeBus65296,N1_LRP036c,0,LargeBus
1294,MediumTruck65297,N1_LRP428d,0,MediumTruck
1295,MediumTruck65297,N1_LRP428c,0,MediumTruck
1296,MediumTruck65297,N1_LRP428b,0,MediumTruck
1297,MediumTruck65297,N1_LRP428a,0,MediumTruck
1298,MediumTruck65309,N2_LRP224b,0,MediumTruck
1299,MediumTruck65312,N2_LRP021a,0,MediumTruck
1300,LargeBus65313,N1_LRP429c,0,LargeBus
1301,LargeBus65313,N1_LRP429b,0,LargeBus
1302,LargeBus65313,N1_LRP429a,0,LargeBus
1303,LargeBus65313,N1_LRP428d,0,LargeBus
1304,LargeBus65313,N1_LRP428c,0,LargeBus
1305,MediumTruck65314,N2_LRP029b,0,MediumTruck
1306,LargeBus65319,N104_LRP017b,0,LargeBus
1307,MediumTruck65325,N2_LRP167c,0,MediumTruck
1308,MediumTruck65325,N2_LRP167b,0,MediumTruck
1309,MediumTruck65326,N208_LRP029c,0,MediumTruck
1310,SmallTruck65327,N208_LRP029c,0,SmallTruck
1311,MediumTruck65334,N1_LRP123a,0,MediumTruck
1312,MediumTruck65341,N2_LRP170e,0,MediumTruck
1313,MediumTruck65341,N2_LRP170c,0,MediumTruck
1314,SmallTruck65346,N2_LRP021a,0,SmallTruck
1315,MediumTruck65351,N104_LRP028a,0,MediumTruck
1316,HeavyTruck65352,N1_LRP033a,0,HeavyTruck
1317,HeavyTruck65352,N1_LRP033b,0,HeavyTruck
1318,MediumTruck65356,N2_LRP128a,0,MediumTruck
1319,MediumTruck65356,N2_LRP127c,0,MediumTruck
1320,MediumTruck65365,N102_LRP065a,0,MediumTruck
1321,MediumTruck65369,N105_LRP032c,0,MediumTruck
1322,MediumTruck65369,N105_LRP032b,0,MediumTruck
1323,SmallTruck65372,N2_LRP132b,0,SmallTruck
1324,SmallTruck65372,N2_LRP132a,0,SmallTruck
1325,SmallTruck65373,N2_LRP177a,0,SmallTruck
1326,LargeBus65376,N1_LRP014a,0,LargeBus
1327,MediumTruck65377,N1_LRP447b,0,MediumTruck
1328,MediumTruck65377,N1_LRP447a,0,MediumTruck
1329,MediumTruck65377,N1_LRP446d,0,MediumTruck
1330,MediumTruck65377,N1_LRP446b,0,MediumTruck
1331,MediumTruck65382,N1_LRP136a,0,MediumTruck
1332,MediumTruck65384,N2_LRP012c,0,MediumTruck
1333,LargeBus65388,N2_LRP160a,0,LargeBus
1334,MediumTruck65391,N2_LRP216b,0,MediumTruck
1335,MiniBus65393,N1_LRP450a,0,MiniBus
1336,MediumTruck65401,N105_LRP041c,0,MediumTruck
1337,MiniBus65405,N2_LRP184c,0,MiniBus
1338,LargeBus65408,N1_LRP004b,0,LargeBus
1339,LargeBus65422,N208_LRP004c,0,LargeBus
1340,SmallTruck65430,N104_LRPSa,0,SmallTruck
1341,MediumTruck65432,N1_LRP012a,0,MediumTruck
1342,MediumTruck65432,N1_LRP012b,0,MediumTruck
1343,LargeBus65434,N2_LRP117b,0,LargeBus
1344,LargeBus65434,N2_LRP117a,0.24659931115621608,LargeBus
1345,SmallTruck65439,N2_LRP228b,0,SmallTruck
1346,MediumTruck65282,N2_LRP038c,0,MediumTruck
1347,MediumTruck65283,N2_LRP249a,0,MediumTruck
1348,MediumTruck65284,N102_LRP037c,0,MediumTruck
1349,MediumTruck65284,N102_LRP037d,0,MediumTruck
1350,LargeBus65293,N2_LRP156a,0,LargeBus
1351,MiniBus65295,N2_LRP188a,0,MiniBus
1352,MediumTruck65297,N1_LRP427e,0,MediumTruck
1353,MediumTruck65297,N1_LRP427d,0,MediumTruck
1354,MediumTruck65297,N1_LRP427b,0,MediumTruck
1355,MediumTruck65310,N208_LRP034c,0,MediumTruck
1356,MediumTruck65310,N208_LRP034d,0,MediumTruck
1357,MediumTruck65312,N2_LRP021b,0,MediumTruck
1358,LargeBus65313,N1_LRP428b,0,LargeBus
1359,LargeBus65313,N1_LRP428a,0,LargeBus
1360,LargeBus65313,N1_LRP427e,0,LargeBus
1361,MediumTruck65325,N2_LRP166e,0,MediumTruck
1362,MediumTruck65325,N2_LRP166d,0,MediumTruck
1363,SmallTruck65327,N208_LRP028d,0,SmallTruck
1364,MediumTruck65330,N105_LRP027c,0,MediumTruck
1365,SmallTruck65331,N2_LRP262a,0,SmallTruck
1366,SmallTruck65331,N2_LRP261b,0,SmallTruck
1367,MediumTruck65334,N1_LRP122a,0,MediumTruck
1368,MediumTruck65336,N2_LRP024b,0,MediumTruck
1369,MediumTruck65336,N2_LRP025a,0,MediumTruck
1370,MediumTruck65337,N105_LRP023c,0,MediumTruck
1371,MediumTruck65341,N2_LRP170b,0,MediumTruck
1372,MediumTruck65341,N2_LRP170a,0,MediumTruck
1373,MediumTruck65341,N2_LRP169f,0,MediumTruck
1374,MediumTruck65341,N2_LRP169e,0,MediumTruck
1375,MediumTruck65341,N2_LRP169d,0,MediumTruck
1376,MediumTruck65341,N2_LRP169c,0,MediumTruck
1377,MediumTruck65345,N1_LRP438c,0,MediumTruck
1378,MediumTruck65345,N1_LRP438b,0,MediumTruck
1379,MediumTruck65345,N1_LRP438a,0,MediumTruck
1380,SmallTruck65346,N2_LRP021b,0,SmallTruck
1381,MediumTruck65353,N105_LRP027c,0,MediumTruck
1382,MediumTruck65356,N2_LRP127b,0,MediumTruck
1383,MiniBus65361,N1_LRP440a,0,MiniBus
1384,HeavyTruck65364,N102_LRP017a,0,HeavyTruck
1385,SmallTruck65370,N204_LRP020b,0,SmallTruck
1386,MediumTruck65371,N204_LRP020b,0,MediumTruck
1387,SmallTruck65373,N2_LRP176e,0,SmallTruck
1388,SmallTruck65373,N2_LRP176d,0,SmallTruck
1389,SmallTruck65373,N2_LRP176c,0,SmallTruck
1390,SmallTruck65373,N2_LRP176b,0,SmallTruck
1391,MediumTruck65379,N2_LRP274e,0,MediumTruck
1392,MediumTruck65384,N2_LRP012f,0,MediumTruck
1393,LargeBus65388,N2_LRP161a,0,LargeBus
1394,LargeBus65388,N2_LRP161b,0,LargeBus
1395,LargeBus65388,N2_LRP161c,0,LargeBus
1396,MediumTruck65391,N2_LRP216a,0,MediumTruck
1397,MiniBus65393,N1_LRP449d,0,MiniBus
1398,MiniBus65393,N1_LRP449c,0,MiniBus
1399,LargeBus65398,N104_LRP010a,0,LargeBus
1400,MediumTruck65401,N105_LRP040c,0,MediumTruck
1401,MediumTruck65402,N2_LRP108a,0,MediumTruck
1402,MediumTruck65404,N2_LRP139b,0,MediumTruck
1403,MediumTruck65404,N2_LRP139a,0,MediumTruck
1404,MiniBus65405,N2_LRP183d,0.22666582409234765,MiniBus
1405,LargeBus65407,N2_LRP219a,0,LargeBus
1406,HeavyTruck65415,N104_LRP044d,0,HeavyTruck
1407,HeavyTruck65420,N2_LRP141b,0,HeavyTruck
1408,HeavyTruck65420,N2_LRP141a,0,HeavyTruck
1409,MediumTruck65421,N2_LRP186d,0,MediumTruck
1410,MediumTruck65421,N2_LRP186c,0,MediumTruck
1411,SmallTruck65428,N102_LRPSc,0,SmallTruck
1412,MediumTruck65429,N102_LRP082a,0,MediumTruck
1413,MediumTruck65436,N2_LRP146a,0,MediumTruck
1414,SmallTruck65281,N1_LRP425b,0,SmallTruck
1415,SmallTruck65281,N1_LRP425a,0,SmallTruck
1416,MediumTruck65282,N2_LRP039a,0,MediumTruck
1417,MediumTruck65284,N102_LRP038b,0,MediumTruck
1418,MediumTruck65284,N102_LRP038d,0,MediumTruck
1419,MediumTruck65288,N105_LRP039b,0,MediumTruck
1420,LargeBus65293,N2_LRP155a,0,LargeBus
1421,MiniBus65295,N2_LRP187b,0,MiniBus
1422,MediumTruck65297,N1_LRP426e,0,MediumTruck
1423,MediumTruck65297,N1_LRP426d,0,MediumTruck
1424,LargeBus65298,N2_LRP038c,0,LargeBus
1425,LargeBus65298,N2_LRP039a,0,LargeBus
1426,LargeBus65299,N2_LRP249a,0,LargeBus
1427,MediumTruck65309,N2_LRP225c,0.08232806960371387,MediumTruck
1428,LargeBus65313,N1_LRP427d,0,LargeBus
1429,LargeBus65313,N1_LRP427b,0,LargeBus
1430,HeavyTruck65320,N105_LRP030c,0,HeavyTruck
1431,MediumTruck65326,N208_LRP031b,0,MediumTruck
1432,MediumTruck65326,N208_LRP031d,0,MediumTruck
1433,SmallTruck65327,N208_LRP027f,0,SmallTruck
1434,SmallTruck65327,N208_LRP027d,0,SmallTruck
1435,LargeBus65328,N2_LRP021a,0,LargeBus
1436,SmallTruck65329,N1_LRP433c,0,SmallTruck
1437,SmallTruck65329,N1_LRP433b,0.017402345167150047,SmallTruck
1438,SmallTruck65331,N2_LRP261a,0,SmallTruck
1439,MediumTruck65336,N2_LRP025b,0,MediumTruck
1440,MediumTruck65337,N105_LRP022c,0,MediumTruck
1441,MediumTruck65341,N2_LRP169b,0,MediumTruck
1442,MediumTruck65342,N208_LRP027b,0,MediumTruck
1443,MediumTruck65342,N208_LRP027d,0,MediumTruck
1444,MediumTruck65345,N1_LRP437b,0,MediumTruck
1445,MediumTruck65345,N1_LRP437a,0,MediumTruck
1446,MediumTruck65348,N102_LRP022a,0,MediumTruck
1447,HeavyTruck65352,N1_LRP034a,0,HeavyTruck
1448,MediumTruck65356,N2_LRP126d,0,MediumTruck
1449,MediumTruck65356,N2_LRP126c,0,MediumTruck
1450,MediumTruck65356,N2_LRP126b,0,MediumTruck
1451,MediumTruck65359,N2_LRP207b,0,MediumTruck
1452,MiniBus65361,N1_LRP439a,0,MiniBus
1453,MediumTruck65362,N2_LRP018a,0,MediumTruck
1454,MediumTruck65369,N105_LRP030c,0,MediumTruck
1455,SmallTruck65372,N2_LRP130c,0,SmallTruck
1456,SmallTruck65372,N2_LRP130b,0,SmallTruck
1457,SmallTruck65373,N2_LRP175f,0,SmallTruck
1458,SmallTruck65373,N2_LRP175e,0,SmallTruck
1459,SmallTruck65373,N2_LRP175d,0,SmallTruck
1460,SmallTruck65373,N2_LRP175c,0,SmallTruck
1461,SmallTruck65375,N2_LRP211c,0,SmallTruck
1462,MediumTruck65377,N1_LRP445d,0,MediumTruck
1463,MediumTruck65377,N1_LRP445b,0,MediumTruck
1464,MediumTruck65380,N1_LRP068a,0,MediumTruck
1465,MediumTruck65382,N1_LRP134a,0,MediumTruck
1466,MediumTruck65385,N105_LRP035d,0,MediumTruck
1467,LargeBus65388,N2_LRP162a,0.9681555774176559,LargeBus
1468,MiniBus65393,N1_LRP448a,0,MiniBus
1469,LargeBus65394,N2_LRP012c,0,LargeBus
1470,MediumTruck65401,N105_LRP039b,0,MediumTruck
1471,MediumTruck65404,N2_LRP138b,0,MediumTruck
1472,MiniBus65405,N2_LRP183c,0,MiniBus
1473,MediumTruck65409,N1_LRP452e,0,MediumTruck
1474,MediumTruck65409,N1_LRP452d,0,MediumTruck
1475,SmallTruck65416,N105_LRP005c,0,SmallTruck
1476,SmallTruck65416,N105_LRP006a,0,SmallTruck
1477,HeavyTruck65420,N2_LRP140c,0.0891255000079515,HeavyTruck
1478,MediumTruck65421,N2_LRP186b,0.16519995993286293,MediumTruck
1479,MediumTruck65424,N1_LRP001a,0,MediumTruck
1480,MediumTruck65425,N1_LRP456c,0,MediumTruck
1481,MediumTruck65426,N1_LRP010b,0,MediumTruck
1482,MediumTruck65426,N1_LRP010c,0,MediumTruck
1483,SmallTruck65427,N2_LRP285c,0,SmallTruck
1484,SmallTruck65428,N102_LRP002a,0,SmallTruck
1485,MediumTruck65432,N1_LRP014a,0,MediumTruck
1486,SmallTruck65439,N2_LRP226d,0,SmallTruck
1487,SmallTruck65439,N2_LRP226c,0,SmallTruck
1488,SmallTruck65281,N1_LRP424e,0,SmallTruck
1489,SmallTruck65281,N1_LRP424c,0,SmallTruck
1490,SmallTruck65281,N1_LRP424b,0,SmallTruck
1491,SmallTruck65281,N1_LRP424a,0.05353872269913092,SmallTruck
1492,MediumTruck65282,N2_LRP039c,0,MediumTruck
1493,MediumTruck65282,N2_LRP040a,0,MediumTruck
1494,MediumTruck65283,N2_LRP248a,0,MediumTruck
1495,MediumTruck65287,N104_LRP010a,0,MediumTruck
1496,MediumTruck65288,N105_LRP040c,0,MediumTruck
1497,LargeBus65293,N2_LRP154c,0,LargeBus
1498,MiniBus65295,N2_LRP186d,0,MiniBus
1499,MediumTruck65297,N1_LRP426c,0,MediumTruck
1500,MediumTruck65297,N1_LRP426b,0,MediumTruck
1501,MediumTruck65297,N1_LRP426a,0,MediumTruck
1502,MediumTruck65297,N1_LRP425e,0,MediumTruck
1503,LargeBus65298,N2_LRP039c,0,LargeBus
1504,LargeBus65299,N2_LRP248a,0,LargeBus
1505,LargeBus65313,N1_LRP426e,0,LargeBus
1506,LargeBus65313,N1_LRP426d,0,LargeBus
1507,LargeBus65313,N1_LRP426c,0,LargeBus
1508,LargeBus65313,N1_LRP426b,0,LargeBus
1509,LargeBus65313,N1_LRP426a,0,LargeBus
1510,SmallTruck65316,N1_LRP051a,0,SmallTruck
1511,MediumTruck65321,N105_LRP017c,0,MediumTruck
1512,SmallTruck65323,N204_LRP003b,0,SmallTruck
1513,MediumTruck65325,N2_LRP165d,0,MediumTruck
1514,MediumTruck65325,N2_LRP165c,0,MediumTruck
1515,MediumTruck65325,N2_LRP164d,0,MediumTruck
1516,SmallTruck65327,N208_LRP027b,0,SmallTruck
1517,LargeBus65328,N2_LRP021b,0,LargeBus
1518,SmallTruck65329,N1_LRP432b,0,SmallTruck
1519,MediumTruck65333,N102_LRP055c,0,MediumTruck
1520,MediumTruck65334,N1_LRP120b,0,MediumTruck
1521,MediumTruck65337,N105_LRP021d,0,MediumTruck
1522,MediumTruck65341,N2_LRP168c,0,MediumTruck
1523,MediumTruck65341,N2_LRP168a,0,MediumTruck
1524,MediumTruck65342,N208_LRP027f,0,MediumTruck
1525,MediumTruck65345,N1_LRP436a,0,MediumTruck
1526,SmallTruck65347,N2_LRP264a,0,SmallTruck
1527,MediumTruck65356,N2_LRP126a,0,MediumTruck
1528,MediumTruck65356,N2_LRP125d,0,MediumTruck
1529,MediumTruck65356,N2_LRP125c,0,MediumTruck
1530,MediumTruck65356,N2_LRP125b,0,MediumTruck
1531,MiniBus65361,N1_LRP438c,0,MiniBus
1532,MiniBus65361,N1_LRP438b,0,MiniBus
1533,HeavyTruck65364,N102_LRP019a,0,HeavyTruck
1534,HeavyTruck65364,N102_LRP019b,0,HeavyTruck
1535,LargeBus65366,N1_LRP127a,0,LargeBus
1536,SmallTruck65372,N2_LRP130a,0,SmallTruck
1537,SmallTruck65372,N2_LRP129c,0,SmallTruck
1538,SmallTruck65375,N2_LRP211b,0,SmallTruck
1539,MediumTruck65377,N1_LRP444e,0,MediumTruck
1540,MediumTruck65377,N1_LRP444d,0,MediumTruck
1541,MediumTruck65377,N1_LRP444c,0,MediumTruck
1542,MediumTruck65377,N1_LRP444b,0,MediumTruck
1543,MediumTruck65377,N1_LRP444a,0,MediumTruck
1544,LargeBus65388,N2_LRP162c,0,LargeBus
1545,LargeBus65388,N2_LRP162d,0,LargeBus
1546,LargeBus65388,N2_LRP162e,0,LargeBus
1547,MediumTruck65389,N2_LRP206b,0,MediumTruck
1548,MediumTruck65391,N2_LRP214b,0.08450127046198863,MediumTruck
1549,MediumTruck65392,N1_LRP010b,0,MediumTruck
1550,MediumTruck65392,N1_LRP010c,0,MediumTruck
1551,MediumTruck65392,N1_LRP011a,0,MediumTruck
1552,MiniBus65393,N1_LRP447c,0,MiniBus
1553,MiniBus65393,N1_LRP447b,0,MiniBus
1554,MiniBus65393,N1_LRP447a,0,MiniBus
1555,LargeBus65394,N2_LRP012f,0,LargeBus
1556,LargeBus65395,N2_LRP276a,0,LargeBus
1557,LargeBus65396,N1_LRP094a,0,LargeBus
1558,MediumTruck65402,N2_LRP106b,0,MediumTruck
1559,MediumTruck65402,N2_LRP106a,0,MediumTruck
1560,MediumTruck65404,N2_LRP138a,0,MediumTruck
1561,MiniBus65405,N2_LRP183a,0,MiniBus
1562,MiniBus65405,N2_LRP182d,0,MiniBus
1563,MiniBus65406,N208_LRP011b,0,MiniBus
1564,MediumTruck65409,N1_LRP452c,0,MediumTruck
1565,MediumTruck65409,N1_LRP452a,0,MediumTruck
1566,MediumTruck65409,N1_LRP451e,0,MediumTruck
1567,SmallTruck65417,N105_LRP042b,0,SmallTruck
1568,MediumTruck65425,N1_LRP456a,0,MediumTruck
1569,MediumTruck65426,N1_LRP011a,0,MediumTruck
1570,SmallTruck65427,N2_LRP285a,0,SmallTruck
1571,SmallTruck65427,N2_LRP284c,0,SmallTruck
1572,SmallTruck65428,N102_LRP002b,0,SmallTruck
1573,SmallTruck65428,N102_LRP002c,0,SmallTruck
1574,LargeBus65437,N2_LRP188a,0,LargeBus
1575,SmallTruck65439,N2_LRP225c,0.13148987438027693,SmallTruck
1576,MediumTruck65282,N2_LRP040b,0,MediumTruck
1577,MediumTruck65288,N105_LRP041c,0,MediumTruck
1578,LargeBus65293,N2_LRP153b,0,LargeBus
1579,MiniBus65295,N2_LRP186c,0,MiniBus
1580,MiniBus65295,N2_LRP186b,0.03327007994538311,MiniBus
1581,MediumTruck65297,N1_LRP425c,0.9583603115190411,MediumTruck
1582,LargeBus65298,N2_LRP040a,0,LargeBus
1583,LargeBus65298,N2_LRP040b,0,LargeBus
1584,MediumTruck65309,N2_LRP226c,0,MediumTruck
1585,MediumTruck65309,N2_LRP226d,0,MediumTruck
1586,LargeBus65313,N1_LRP425e,0,LargeBus
1587,LargeBus65313,N1_LRP425c,1.0072348709683434,LargeBus
1588,HeavyTruck65320,N105_LRP032b,0,HeavyTruck
1589,HeavyTruck65320,N105_LRP032c,0,HeavyTruck
1590,MediumTruck65325,N2_LRP164b,0,MediumTruck
1591,MediumTruck65325,N2_LRP164a,0,MediumTruck
1592,SmallTruck65329,N1_LRP432a,0,SmallTruck
1593,MediumTruck65337,N105_LRP020c,0,MediumTruck
1594,MediumTruck65341,N2_LRP167c,0,MediumTruck
1595,MediumTruck65341,N2_LRP167b,0,MediumTruck
1596,MediumTruck65342,N208_LRP028d,0,MediumTruck
1597,MiniBus65343,N2_LRP258a,0,MiniBus
1598,MediumTruck65345,N1_LRP435c,0,MediumTruck
1599,SmallTruck65346,N2_LRP024b,0,SmallTruck
1600,MediumTruck65349,N102_LRP058a,0,MediumTruck
1601,HeavyTruck65352,N1_LRP035a,0,HeavyTruck
1602,MediumTruck65353,N105_LRP024c,0,MediumTruck
1603,MediumTruck65356,N2_LRP125a,0,MediumTruck
1604,MediumTruck65356,N2_LRP124c,0,MediumTruck
1605,MediumTruck65358,N208_LRP024d,0,MediumTruck
1606,MediumTruck65360,N1_LRP020a,0,MediumTruck
1607,MiniBus65361,N1_LRP438a,0,MiniBus
1608,MediumTruck65365,N102_LRP062c,0,MediumTruck
1609,MediumTruck65365,N102_LRP062b,0,MediumTruck
1610,SmallTruck65372,N2_LRP129b,0,SmallTruck
1611,SmallTruck65372,N2_LRP129a,0,SmallTruck
1612,SmallTruck65372,N2_LRP128b,0,SmallTruck
1613,MediumTruck65377,N1_LRP443d,0,MediumTruck
1614,MediumTruck65377,N1_LRP443c,0,MediumTruck
1615,LargeBus65388,N2_LRP163a,0,LargeBus
1616,LargeBus65388,N2_LRP163b,0,LargeBus
1617,LargeBus65388,N2_LRP163c,0,LargeBus
1618,MediumTruck65389,N2_LRP207b,0,MediumTruck
1619,MiniBus65393,N1_LRP446d,0,MiniBus
1620,MiniBus65393,N1_LRP446b,0,MiniBus
1621,LargeBus65395,N2_LRP274e,0,LargeBus
1622,MiniBus65405,N2_LRP182b,0,MiniBus
1623,MiniBus65405,N2_LRP182a,0,MiniBus
1624,LargeBus65407,N2_LRP216b,0,LargeBus
1625,MediumTruck65409,N1_LRP451b,0,MediumTruck
1626,MediumTruck65409,N1_LRP450e,0.7750920730189504,MediumTruck
1627,HeavyTruck65420,N2_LRP140a,0.0007542429396936394,HeavyTruck
1628,MediumTruck65425,N1_LRP455a,0,MediumTruck
1629,MediumTruck65426,N1_LRP012a,0,MediumTruck
1630,MediumTruck65426,N1_LRP012b,0,MediumTruck
1631,SmallTruck65427,N2_LRP284b,0,SmallTruck
1632,SmallTruck65430,N1_LRP148a,0,SmallTruck
1633,LargeBus65437,N2_LRP187b,0,LargeBus
1634,SmallTruck65281,N1_LRP423d,0,SmallTruck
1635,SmallTruck65281,N1_LRP423c,0,SmallTruck
1636,SmallTruck65281,N1_LRP423b,0.15045195220931076,SmallTruck
1637,MediumTruck65282,N2_LRP041b,0,MediumTruck
1638,MediumTruck65282,N2_LRP042a,0,MediumTruck
1639,MediumTruck65283,N2_LRP246c,0,MediumTruck
1640,LargeBus65293,N2_LRP153a,0,LargeBus
1641,LargeBus65293,N2_LRP152d,0,LargeBus
1642,LargeBus65293,N2_LRP152c,0,LargeBus
1643,MediumTruck65297,N1_LRP425b,0,MediumTruck
1644,LargeBus65298,N2_LRP041b,0,LargeBus
1645,LargeBus65299,N2_LRP246c,0,LargeBus
1646,SmallTruck65301,N102_LRP045a,0,SmallTruck
1647,MediumTruck65312,N2_LRP024b,0,MediumTruck
1648,MediumTruck65325,N2_LRP163d,0,MediumTruck
1649,MediumTruck65325,N2_LRP163c,0,MediumTruck
1650,MediumTruck65325,N2_LRP163b,0,MediumTruck
1651,MediumTruck65325,N2_LRP163a,0,MediumTruck
1652,SmallTruck65329,N1_LRP431d,0.2337810900060223,SmallTruck
1653,MediumTruck65330,N105_LRP030c,0,MediumTruck
1654,SmallTruck65331,N2_LRP258a,0,SmallTruck
1655,HeavyTruck65332,N102_LRP028c,0,HeavyTruck
1656,MediumTruck65334,N1_LRP119a,0,MediumTruck
1657,MediumTruck65341,N2_LRP166e,0,MediumTruck
1658,MediumTruck65341,N2_LRP166d,0,MediumTruck
1659,MediumTruck65342,N208_LRP029c,0,MediumTruck
1660,SmallTruck65346,N2_LRP025a,0,SmallTruck
1661,SmallTruck65346,N2_LRP025b,0,SmallTruck
1662,HeavyTruck65352,N1_LRP036c,0,HeavyTruck
1663,MediumTruck65356,N2_LRP123e,0,MediumTruck
1664,MediumTruck65356,N2_LRP123d,0,MediumTruck
1665,MediumTruck65359,N2_LRP206b,0,MediumTruck
1666,MiniBus65361,N1_LRP437b,0,MiniBus
1667,MiniBus65361,N1_LRP437a,0,MiniBus
1668,MediumTruck65362,N2_LRP021a,0,MediumTruck
1669,LargeBus65363,N2_LRP264a,0,LargeBus
1670,MediumTruck65367,N104_LRP028a,0,MediumTruck
1671,SmallTruck65372,N2_LRP128a,0,SmallTruck
1672,SmallTruck65372,N2_LRP127c,0,SmallTruck
1673,SmallTruck65381,N102_LRP065a,0,SmallTruck
1674,MediumTruck65382,N1_LRP131b,0,MediumTruck
1675,MediumTruck65384,N2_LRP016a,0,MediumTruck
1676,MediumTruck65385,N105_LRP032c,0,MediumTruck
1677,MediumTruck65385,N105_LRP032b,0,MediumTruck
1678,LargeBus65388,N2_LRP163d,0,LargeBus
1679,LargeBus65388,N2_LRP164a,0,LargeBus
1680,LargeBus65388,N2_LRP164b,0,LargeBus
1681,MediumTruck65392,N1_LRP012a,0,MediumTruck
1682,MediumTruck65392,N1_LRP012b,0,MediumTruck
1683,MiniBus65393,N1_LRP445d,0,MiniBus
1684,MiniBus65393,N1_LRP445b,0,MiniBus
1685,MediumTruck65402,N2_LRP104a,0,MediumTruck
1686,MediumTruck65404,N2_LRP135b,0,MediumTruck
1687,MiniBus65405,N2_LRP181c,0,MiniBus
1688,LargeBus65407,N2_LRP216a,0,LargeBus
1689,MediumTruck65409,N1_LRP450c,0,MediumTruck
1690,SmallTruck65417,N105_LRP041c,0,SmallTruck
1691,MiniBus65418,N2_LRP108a,0,MiniBus
1692,MediumTruck65421,N2_LRP184c,0,MediumTruck
1693,SmallTruck65427,N2_LRP283b,0,SmallTruck
1694,SmallTruck65430,N1_LRP149a,0,SmallTruck
1695,LargeBus65431,N104_LRP044d,0,LargeBus
1696,LargeBus65437,N2_LRP186d,0,LargeBus
1697,MediumTruck65438,N208_LRP004c,0,MediumTruck
1698,MediumTruck65446,N104_LRPSa,0,MediumTruck
1699,MediumTruck65288,N105_LRP042b,0,MediumTruck
1700,LargeBus65293,N2_LRP152b,0,LargeBus
1701,LargeBus65293,N2_LRP152a,0,LargeBus
1702,LargeBus65293,N2_LRP151b,0,LargeBus
1703,MediumTruck65297,N1_LRP425a,0,MediumTruck
1704,MediumTruck65297,N1_LRP424e,0,MediumTruck
1705,LargeBus65298,N2_LRP042a,0,LargeBus
1706,LargeBus65308,N2_LRP108a,0,LargeBus
1707,MiniBus65311,N2_LRP188a,0,MiniBus
1708,MediumTruck65312,N2_LRP025a,0,MediumTruck
1709,MediumTruck65312,N2_LRP025b,0,MediumTruck
1710,LargeBus65313,N1_LRP425b,0,LargeBus
1711,LargeBus65313,N1_LRP425a,0,LargeBus
1712,MediumTruck65325,N2_LRP162e,0,MediumTruck
1713,MediumTruck65325,N2_LRP162d,0,MediumTruck
1714,MediumTruck65325,N2_LRP162c,0,MediumTruck
1715,MediumTruck65326,N208_LRP034c,0,MediumTruck
1716,MediumTruck65326,N208_LRP034d,0,MediumTruck
1717,SmallTruck65327,N208_LRP024d,0,SmallTruck
1718,LargeBus65328,N2_LRP024b,0,LargeBus
1719,HeavyTruck65332,N102_LRP029d,0,HeavyTruck
1720,MediumTruck65334,N1_LRP118d,0,MediumTruck
1721,SmallTruck65347,N2_LRP262a,0,SmallTruck
1722,SmallTruck65347,N2_LRP261b,0,SmallTruck
1723,MediumTruck65353,N105_LRP023c,0,MediumTruck
1724,MediumTruck65356,N2_LRP123c,0,MediumTruck
1725,MiniBus65361,N1_LRP436a,0,MiniBus
1726,MiniBus65361,N1_LRP435c,0,MiniBus
1727,MediumTruck65362,N2_LRP021b,0,MediumTruck
1728,MediumTruck65369,N105_LRP027c,0,MediumTruck
1729,SmallTruck65372,N2_LRP127b,0,SmallTruck
1730,SmallTruck65373,N2_LRP172d,0,SmallTruck
1731,SmallTruck65373,N2_LRP172c,0,SmallTruck
1732,MediumTruck65377,N1_LRP441a,0,MediumTruck
1733,SmallTruck65386,N204_LRP020b,0,SmallTruck
1734,MediumTruck65387,N204_LRP020b,0,MediumTruck
1735,LargeBus65388,N2_LRP164d,0,LargeBus
1736,LargeBus65388,N2_LRP165c,0,LargeBus
1737,LargeBus65388,N2_LRP165d,0,LargeBus
1738,MediumTruck65392,N1_LRP014a,0,MediumTruck
1739,MiniBus65393,N1_LRP444e,0,MiniBus
1740,MiniBus65393,N1_LRP444d,0,MiniBus
1741,MiniBus65393,N1_LRP444c,0,MiniBus
1742,MediumTruck65404,N2_LRP135a,0,MediumTruck
1743,MiniBus65405,N2_LRP180c,0,MiniBus
1744,MiniBus65405,N2_LRP180a,0,MiniBus
1745,LargeBus65407,N2_LRP214b,0.08845251437256307,LargeBus
1746,MediumTruck65409,N1_LRP450a,0,MediumTruck
1747,MediumTruck65412,N102_LRP009a,0,MediumTruck
1748,SmallTruck65417,N105_LRP040c,0,SmallTruck
1749,HeavyTruck65420,N2_LRP139b,0,HeavyTruck
1750,HeavyTruck65420,N2_LRP139a,0,HeavyTruck
1751,MediumTruck65421,N2_LRP183d,0.030118705006355464,MediumTruck
1752,MediumTruck65424,N1_LRP004b,0,MediumTruck
1753,MediumTruck65426,N1_LRP014a,0,MediumTruck
1754,SmallTruck65430,N1_LRP149c,0,SmallTruck
1755,MediumTruck65436,N2_LRP141b,0,MediumTruck
1756,MediumTruck65436,N2_LRP141a,0,MediumTruck
1757,LargeBus65437,N2_LRP186c,0,LargeBus
1758,LargeBus65437,N2_LRP186b,0.35810946470595617,LargeBus
1759,SmallTruck65439,N2_LRP224b,0,SmallTruck
1760,MediumTruck65445,N102_LRP082a,0,MediumTruck
1761,SmallTruck65281,N1_LRP422b,0,SmallTruck
1762,SmallTruck65281,N1_LRP421f,0,SmallTruck
1763,MediumTruck65282,N2_LRP043a,0.11454936686089581,MediumTruck
1764,MediumTruck65289,N105_LRP006a,0,MediumTruck
1765,MediumTruck65289,N105_LRP005c,0,MediumTruck
1766,LargeBus65293,N2_LRP151a,0,LargeBus
1767,MiniBus65295,N2_LRP184c,0,MiniBus
1768,MediumTruck65297,N1_LRP424c,0,MediumTruck
1769,MediumTruck65297,N1_LRP424b,0,MediumTruck
1770,MediumTruck65297,N1_LRP424a,0.1426720772926679,MediumTruck
1771,LargeBus65298,N2_LRP043a,1.114549366860896,LargeBus
1772,MediumTruck65309,N2_LRP228b,0,MediumTruck
1773,MiniBus65311,N2_LRP187b,0,MiniBus
1774,LargeBus65313,N1_LRP424e,0,LargeBus
1775,LargeBus65313,N1_LRP424c,0,LargeBus
1776,LargeBus65313,N1_LRP424b,0,LargeBus
1777,LargeBus65313,N1_LRP424a,1.142672077292668,LargeBus
1778,LargeBus65315,N2_LRP249a,0,LargeBus
1779,HeavyTruck65320,N105_LRP035d,0,HeavyTruck
1780,SmallTruck65323,N2_LRP117b,0,SmallTruck
1781,SmallTruck65323,N2_LRP117a,0.014067699114623097,SmallTruck
1782,MediumTruck65325,N2_LRP162a,0.012909117183800754,MediumTruck
1783,LargeBus65328,N2_LRP025a,0,LargeBus
1784,LargeBus65328,N2_LRP025b,0,LargeBus
1785,SmallTruck65329,N1_LRP431b,0,SmallTruck
1786,SmallTruck65329,N1_LRP431a,0,SmallTruck
1787,SmallTruck65329,N1_LRP430c,0,SmallTruck
1788,MediumTruck65330,N105_LRP032b,0,MediumTruck
1789,MediumTruck65330,N105_LRP032c,0,MediumTruck
1790,MediumTruck65336,N2_LRP029b,0,MediumTruck
1791,MediumTruck65341,N2_LRP165d,0,MediumTruck
1792,MediumTruck65341,N2_LRP165c,0,MediumTruck
1793,MediumTruck65341,N2_LRP164d,0,MediumTruck
1794,MediumTruck65342,N208_LRP031b,0,MediumTruck
1795,MediumTruck65342,N208_LRP031d,0,MediumTruck
1796,MiniBus65343,N2_LRP261a,0,MiniBus
1797,MediumTruck65345,N1_LRP433c,0,MediumTruck
1798,MediumTruck65345,N1_LRP433b,0.4704362644066165,MediumTruck
1799,SmallTruck65347,N2_LRP261a,0,SmallTruck
1800,MediumTruck65353,N105_LRP022c,0,MediumTruck
1801,MediumTruck65356,N2_LRP122b,0,MediumTruck
1802,MediumTruck65358,N208_LRP027b,0,MediumTruck
1803,MediumTruck65358,N208_LRP027d,0,MediumTruck
1804,MediumTruck65360,N1_LRP023a,0,MediumTruck
1805,HeavyTruck65364,N102_LRP022a,0,HeavyTruck
1806,LargeBus65366,N1_LRP123a,0,LargeBus
1807,SmallTruck65372,N2_LRP126d,0,SmallTruck
1808,SmallTruck65372,N2_LRP126c,0,SmallTruck
1809,SmallTruck65372,N2_LRP126b,0,SmallTruck
1810,SmallTruck65373,N2_LRP171f,0.45687129166440243,SmallTruck
1811,SmallTruck65375,N2_LRP207b,0,SmallTruck
1812,LargeBus65376,N1_LRP020a,0,LargeBus
1813,MediumTruck65380,N1_LRP064c,0,MediumTruck
1814,MediumTruck65385,N105_LRP030c,0,MediumTruck
1815,MediumTruck65391,N2_LRP211c,0,MediumTruck
1816,MiniBus65393,N1_LRP444b,0,MiniBus
1817,MiniBus65393,N1_LRP444a,0,MiniBus
1818,MiniBus65393,N1_LRP443d,0,MiniBus
1819,LargeBus65394,N2_LRP016a,0,LargeBus
1820,LargeBus65396,N1_LRP098a,0,LargeBus
1821,MediumTruck65401,N105_LRP035d,0,MediumTruck
1822,MediumTruck65402,N2_LRP103c,0,MediumTruck
1823,MediumTruck65404,N2_LRP134c,0,MediumTruck
1824,MediumTruck65404,N2_LRP134b,0,MediumTruck
1825,MiniBus65405,N2_LRP179a,0,MiniBus
1826,LargeBus65408,N1_LRP010b,0,LargeBus
1827,LargeBus65408,N1_LRP010c,0,LargeBus
1828,LargeBus65408,N1_LRP011a,0,LargeBus
1829,MediumTruck65409,N1_LRP449d,0,MediumTruck
1830,MediumTruck65409,N1_LRP449c,0,MediumTruck
1831,SmallTruck65414,N104_LRP010a,0,SmallTruck
1832,SmallTruck65417,N105_LRP039b,0,SmallTruck
1833,MiniBus65418,N2_LRP106b,0,MiniBus
1834,MiniBus65418,N2_LRP106a,0,MiniBus
1835,HeavyTruck65420,N2_LRP138b,0,HeavyTruck
1836,MediumTruck65421,N2_LRP183c,0,MediumTruck
1837,MediumTruck65425,N1_LRP452e,0,MediumTruck
1838,MediumTruck65425,N1_LRP452d,0,MediumTruck
1839,MediumTruck65436,N2_LRP140c,0.05288458622689138,MediumTruck
1840,MediumTruck65440,N1_LRP001a,0,MediumTruck
1841,MediumTruck65441,N1_LRP456c,0,MediumTruck
1842,SmallTruck65443,N2_LRP285c,0,SmallTruck
1843,MiniBus65455,N208_LRP055a,0,MiniBus
1844,SmallTruck65281,N1_LRP421d,0,SmallTruck
1845,MediumTruck65283,N2_LRP243b,0,MediumTruck
1846,MediumTruck65285,N102_LRP038d,0,MediumTruck
1847,MiniBus65295,N2_LRP183d,0.5428631219915789,MiniBus
1848,LargeBus65299,N2_LRP243b,0,LargeBus
1849,SmallTruck65303,N104_LRP010a,0,SmallTruck
1850,SmallTruck65304,N1_LRP051a,0,SmallTruck
1851,LargeBus65308,N2_LRP106b,0,LargeBus
1852,LargeBus65308,N2_LRP106a,0,LargeBus
1853,MiniBus65311,N2_LRP186d,0,MiniBus
1854,MediumTruck65314,N2_LRP035b,0,MediumTruck
1855,LargeBus65315,N2_LRP248a,0,LargeBus
1856,LargeBus65319,N104_LRP010a,0,LargeBus
1857,MediumTruck65325,N2_LRP161c,0,MediumTruck
1858,MediumTruck65325,N2_LRP161b,0,MediumTruck
1859,SmallTruck65329,N1_LRP430b,0,SmallTruck
1860,SmallTruck65329,N1_LRP430a,0,SmallTruck
1861,SmallTruck65329,N1_LRP429f,0,SmallTruck
1862,MediumTruck65337,N105_LRP017c,0,MediumTruck
1863,SmallTruck65339,N204_LRP003b,0,SmallTruck
1864,MediumTruck65341,N2_LRP164b,0,MediumTruck
1865,MediumTruck65341,N2_LRP164a,0,MediumTruck
1866,MiniBus65343,N2_LRP261b,0,MiniBus
1867,MiniBus65343,N2_LRP262a,0,MiniBus
1868,MediumTruck65345,N1_LRP432b,0,MediumTruck
1869,MediumTruck65349,N102_LRP055c,0,MediumTruck
1870,MediumTruck65353,N105_LRP021d,0,MediumTruck
1871,MediumTruck65356,N2_LRP121c,0,MediumTruck
1872,MediumTruck65358,N208_LRP027f,0,MediumTruck
1873,LargeBus65363,N2_LRP262a,0,LargeBus
1874,LargeBus65363,N2_LRP261b,0,LargeBus
1875,LargeBus65366,N1_LRP122a,0,LargeBus
1876,SmallTruck65372,N2_LRP126a,0,SmallTruck
1877,SmallTruck65372,N2_LRP125d,0,SmallTruck
1878,SmallTruck65372,N2_LRP125c,0,SmallTruck
1879,SmallTruck65372,N2_LRP125b,0,SmallTruck
1880,SmallTruck65373,N2_LRP171e,0,SmallTruck
1881,MediumTruck65377,N1_LRP440a,0,MediumTruck
1882,MediumTruck65384,N2_LRP018a,0,MediumTruck
1883,LargeBus65388,N2_LRP166d,0,LargeBus
1884,LargeBus65388,N2_LRP166e,0,LargeBus
1885,LargeBus65388,N2_LRP167b,0,LargeBus
1886,MediumTruck65391,N2_LRP211b,0,MediumTruck
1887,MiniBus65393,N1_LRP443c,0,MiniBus
1888,MediumTruck65402,N2_LRP102a,0,MediumTruck
1889,MediumTruck65404,N2_LRP133a,0,MediumTruck
1890,MiniBus65405,N2_LRP178b,0,MiniBus
1891,MiniBus65405,N2_LRP178a,0,MiniBus
1892,LargeBus65408,N1_LRP012a,0,LargeBus
1893,LargeBus65408,N1_LRP012b,0,LargeBus
1894,MediumTruck65409,N1_LRP448a,0,MediumTruck
1895,LargeBus65411,N2_LRP276a,0,LargeBus
1896,HeavyTruck65420,N2_LRP138a,0,HeavyTruck
1897,MediumTruck65421,N2_LRP183a,0,MediumTruck
1898,MediumTruck65421,N2_LRP182d,0,MediumTruck
1899,LargeBus65422,N208_LRP011b,0,LargeBus
1900,MediumTruck65425,N1_LRP452c,0,MediumTruck
1901,MediumTruck65425,N1_LRP452a,0,MediumTruck
1902,MediumTruck65425,N1_LRP451e,0,MediumTruck
1903,MediumTruck65433,N105_LRP042b,0,MediumTruck
1904,MediumTruck65441,N1_LRP456a,0,MediumTruck
1905,SmallTruck65443,N2_LRP285a,0,SmallTruck
1906,SmallTruck65443,N2_LRP284c,0,SmallTruck
1907,MediumTruck65446,N1_LRP145a,0,MediumTruck
1908,SmallTruck65450,N204_LRP003b,0,SmallTruck
1909,SmallTruck65281,N1_LRP420e,0,SmallTruck
1910,SmallTruck65281,N1_LRP420d,0,SmallTruck
1911,MediumTruck65282,N2_LRP043d,0,MediumTruck
1912,MediumTruck65282,N2_LRP044a,0,MediumTruck
1913,MediumTruck65283,N2_LRP243a,0,MediumTruck
1914,MediumTruck65285,N102_LRP038b,0,MediumTruck
1915,MediumTruck65285,N102_LRP037d,0,MediumTruck
1916,SmallTruck65286,N104_LRP044d,0,SmallTruck
1917,MiniBus65295,N2_LRP183c,0,MiniBus
1918,MediumTruck65297,N1_LRP423d,0,MediumTruck
1919,MediumTruck65297,N1_LRP423c,0,MediumTruck
1920,MediumTruck65297,N1_LRP423b,0.6183375318403712,MediumTruck
1921,LargeBus65299,N2_LRP243a,0,LargeBus
1922,MiniBus65311,N2_LRP186c,0,MiniBus
1923,MiniBus65311,N2_LRP186b,0.3310939808959265,MiniBus
1924,MediumTruck65321,N2_LRP012c,0,MediumTruck
1925,MediumTruck65325,N2_LRP161a,0,MediumTruck
1926,SmallTruck65329,N1_LRP429c,0,SmallTruck
1927,SmallTruck65329,N1_LRP429b,0,SmallTruck
1928,SmallTruck65329,N1_LRP429a,0,SmallTruck
1929,MediumTruck65335,N104_LRP017b,0,MediumTruck
1930,MediumTruck65341,N2_LRP163d,0,MediumTruck
1931,MediumTruck65341,N2_LRP163c,0,MediumTruck
1932,MediumTruck65341,N2_LRP163b,0,MediumTruck
1933,MediumTruck65341,N2_LRP163a,0,MediumTruck
1934,MediumTruck65345,N1_LRP432a,0,MediumTruck
1935,MediumTruck65350,N104_LRP028a,0,MediumTruck
1936,MediumTruck65353,N105_LRP020c,0,MediumTruck
1937,MediumTruck65356,N2_LRP121a,0,MediumTruck
1938,MediumTruck65358,N208_LRP028d,0,MediumTruck
1939,MiniBus65361,N1_LRP433c,0,MiniBus
1940,MiniBus65361,N1_LRP433b,0.39780167630773394,MiniBus
1941,MediumTruck65362,N2_LRP024b,0,MediumTruck
1942,LargeBus65363,N2_LRP261a,0,LargeBus
1943,MediumTruck65365,N102_LRP058a,0,MediumTruck
1944,MediumTruck65369,N105_LRP024c,0,MediumTruck
1945,SmallTruck65372,N2_LRP125a,0,SmallTruck
1946,SmallTruck65372,N2_LRP124c,0,SmallTruck
1947,SmallTruck65373,N2_LRP171d,0,SmallTruck
1948,SmallTruck65373,N2_LRP170j,0,SmallTruck
1949,SmallTruck65373,N2_LRP170i,0,SmallTruck
1950,SmallTruck65373,N2_LRP170h,0,SmallTruck
1951,SmallTruck65373,N2_LRP170g,0,SmallTruck
1952,SmallTruck65373,N2_LRP170f,0.04192343982935267,SmallTruck
1953,MediumTruck65374,N208_LRP024d,0,MediumTruck
1954,MediumTruck65377,N1_LRP439a,0,MediumTruck
1955,SmallTruck65381,N102_LRP062c,0,SmallTruck
1956,SmallTruck65381,N102_LRP062b,0,SmallTruck
1957,LargeBus65388,N2_LRP167c,0,LargeBus
1958,MediumTruck65389,N2_LRP211b,0,MediumTruck
1959,MediumTruck65389,N2_LRP211c,0,MediumTruck
1960,MiniBus65393,N1_LRP441a,0,MiniBus
1961,LargeBus65398,N104_LRP017b,0,LargeBus
1962,MediumTruck65404,N2_LRP132c,0,MediumTruck
1963,MediumTruck65409,N1_LRP447c,0,MediumTruck
1964,MediumTruck65410,N2_LRP012c,0,MediumTruck
1965,LargeBus65411,N2_LRP274e,0,LargeBus
1966,MiniBus65418,N2_LRP104a,0,MiniBus
1967,MediumTruck65421,N2_LRP182b,0,MediumTruck
1968,MediumTruck65421,N2_LRP182a,0,MediumTruck
1969,SmallTruck65423,N208_LRP046b,0,SmallTruck
1970,MediumTruck65425,N1_LRP451b,0,MediumTruck
1971,MediumTruck65425,N1_LRP450e,0.3685598405664468,MediumTruck
1972,MediumTruck65432,N1_LRP020a,0,MediumTruck
1973,MediumTruck65436,N2_LRP140a,0.007939259339756302,MediumTruck
1974,LargeBus65437,N2_LRP184c,0,LargeBus
1975,SmallTruck65439,N2_LRP221b,0,SmallTruck
1976,MediumTruck65441,N1_LRP455a,0,MediumTruck
1977,SmallTruck65443,N2_LRP284b,0,SmallTruck
1978,MediumTruck65448,N105_LRP003a,0,MediumTruck
1979,SmallTruck65281,N1_LRP420c,0,SmallTruck
1980,SmallTruck65281,N1_LRP420a,0,SmallTruck
1981,MediumTruck65282,N2_LRP044c,0,MediumTruck
1982,MediumTruck65283,N2_LRP242a,0,MediumTruck
1983,MediumTruck65284,N102_LRP045a,0,MediumTruck
1984,MediumTruck65285,N102_LRP037c,0,MediumTruck
1985,MediumTruck65289,N105_LRP003a,0,MediumTruck
1986,LargeBus65293,N2_LRP148b,0,LargeBus
1987,MiniBus65295,N2_LRP183a,0,MiniBus
1988,MiniBus65295,N2_LRP182d,0,MiniBus
1989,LargeBus65298,N2_LRP043d,0,LargeBus
1990,LargeBus65298,N2_LRP044a,0,LargeBus
1991,LargeBus65299,N2_LRP242a,0,LargeBus
1992,LargeBus65302,N104_LRP044d,0,LargeBus
1993,LargeBus65308,N2_LRP104a,0,LargeBus
1994,LargeBus65313,N1_LRP423d,0,LargeBus
1995,LargeBus65313,N1_LRP423c,0,LargeBus
1996,LargeBus65313,N1_LRP423b,0.07232468406376015,LargeBus
1997,LargeBus65315,N2_LRP246c,0,LargeBus
1998,SmallTruck65317,N102_LRP045a,0,SmallTruck
1999,MediumTruck65321,N2_LRP012f,0,MediumTruck
2000,MediumTruck65325,N2_LRP160a,0,MediumTruck
2001,MediumTruck65325,N2_LRP159d,0,MediumTruck
2002,SmallTruck65329,N1_LRP428d,0,SmallTruck
2003,SmallTruck65329,N1_LRP428c,0,SmallTruck
2004,SmallTruck65329,N1_LRP428b,0,SmallTruck
2005,SmallTruck65329,N1_LRP428a,0,SmallTruck
2006,MediumTruck65341,N2_LRP162e,0,MediumTruck
2007,MediumTruck65341,N2_LRP162d,0,MediumTruck
2008,MediumTruck65341,N2_LRP162c,0,MediumTruck
2009,MediumTruck65345,N1_LRP431d,0.49707383388113435,MediumTruck
2010,SmallTruck65346,N2_LRP029b,0,SmallTruck
2011,SmallTruck65347,N2_LRP258a,0,SmallTruck
2012,MediumTruck65348,N102_LRP028c,0,MediumTruck
2013,MediumTruck65356,N2_LRP120a,0,MediumTruck
2014,MediumTruck65356,N2_LRP119c,0,MediumTruck
2015,MediumTruck65358,N208_LRP029c,0,MediumTruck
2016,MiniBus65361,N1_LRP432b,0,MiniBus
2017,MediumTruck65362,N2_LRP025a,0,MediumTruck
2018,MediumTruck65362,N2_LRP025b,0,MediumTruck
2019,LargeBus65366,N1_LRP120b,0,LargeBus
2020,SmallTruck65372,N2_LRP123e,0,SmallTruck
2021,SmallTruck65372,N2_LRP123d,0,SmallTruck
2022,SmallTruck65373,N2_LRP170e,0,SmallTruck
2023,SmallTruck65373,N2_LRP170c,0,SmallTruck
2024,SmallTruck65375,N2_LRP206b,0,SmallTruck
2025,LargeBus65376,N1_LRP023a,0,LargeBus
2026,MediumTruck65382,N1_LRP127a,0,MediumTruck
2027,SmallTruck65383,N104_LRP028a,0,SmallTruck
2028,LargeBus65388,N2_LRP168a,0,LargeBus
2029,LargeBus65388,N2_LRP168c,0,LargeBus
2030,LargeBus65394,N2_LRP018a,0,LargeBus
2031,MediumTruck65397,N102_LRP065a,0,MediumTruck
2032,MediumTruck65401,N105_LRP032c,0,MediumTruck
2033,MediumTruck65401,N105_LRP032b,0,MediumTruck
2034,MediumTruck65404,N2_LRP132b,0,MediumTruck
2035,MediumTruck65404,N2_LRP132a,0,MediumTruck
2036,MiniBus65405,N2_LRP177a,0,MiniBus
2037,MiniBus65405,N2_LRP176e,0,MiniBus
2038,MiniBus65405,N2_LRP176d,0,MiniBus
2039,MiniBus65405,N2_LRP176c,0,MiniBus
2040,MiniBus65405,N2_LRP176b,0,MiniBus
2041,LargeBus65407,N2_LRP211c,0,LargeBus
2042,LargeBus65407,N2_LRP211b,0,LargeBus
2043,LargeBus65408,N1_LRP014a,0,LargeBus
2044,MediumTruck65409,N1_LRP447b,0,MediumTruck
2045,MediumTruck65409,N1_LRP447a,0,MediumTruck
2046,MediumTruck65409,N1_LRP446d,0,MediumTruck
2047,MediumTruck65409,N1_LRP446b,0,MediumTruck
2048,MediumTruck65410,N2_LRP012f,0,MediumTruck
2049,SmallTruck65416,N2_LRP012c,0,SmallTruck
2050,MiniBus65418,N2_LRP103c,0,MiniBus
2051,HeavyTruck65420,N2_LRP135b,0,HeavyTruck
2052,MediumTruck65421,N2_LRP181c,0,MediumTruck
2053,MediumTruck65425,N1_LRP450c,0,MediumTruck
2054,MediumTruck65433,N105_LRP041c,0,MediumTruck
2055,LargeBus65434,N2_LRP108a,0,LargeBus
2056,LargeBus65437,N2_LRP183d,0.7294243010642452,LargeBus
2057,SmallTruck65443,N2_LRP283b,0,SmallTruck
2058,MediumTruck65446,N1_LRP143a,0,MediumTruck
2059,MediumTruck65454,N208_LRP004c,0,MediumTruck
2060,MediumTruck65462,N104_LRPSa,0,MediumTruck
2061,MiniBus65280,N1_LRP051a,0,MiniBus
2062,SmallTruck65281,N1_LRP418b,0,SmallTruck
2063,MediumTruck65282,N2_LRP045b,0,MediumTruck
2064,MediumTruck65283,N2_LRP241c,0,MediumTruck
2065,MediumTruck65285,N102_LRP036d,0,MediumTruck
2066,MediumTruck65285,N102_LRP036b,0,MediumTruck
2067,LargeBus65293,N2_LRP147d,0,LargeBus
2068,LargeBus65293,N2_LRP147b,0,LargeBus
2069,MediumTruck65294,N208_LRP046b,0,MediumTruck
2070,MiniBus65295,N2_LRP182b,0,MiniBus
2071,MiniBus65295,N2_LRP182a,0,MiniBus
2072,MediumTruck65297,N1_LRP422b,0,MediumTruck
2073,MediumTruck65297,N1_LRP421f,0,MediumTruck
2074,LargeBus65298,N2_LRP044c,0,LargeBus
2075,LargeBus65299,N2_LRP241c,0,LargeBus
2076,LargeBus65300,N1_LRP036c,0,LargeBus
2077,LargeBus65308,N2_LRP103c,0,LargeBus
2078,MediumTruck65312,N2_LRP029b,0,MediumTruck
2079,MediumTruck65314,N2_LRP038c,0,MediumTruck
2080,MediumTruck65325,N2_LRP159c,0,MediumTruck
2081,MediumTruck65325,N2_LRP159b,0,MediumTruck
2082,SmallTruck65329,N1_LRP427e,0,SmallTruck
2083,SmallTruck65329,N1_LRP427d,0,SmallTruck
2084,SmallTruck65329,N1_LRP427b,0,SmallTruck
2085,MediumTruck65330,N105_LRP035d,0,MediumTruck
2086,HeavyTruck65332,N102_LRP033c,0,HeavyTruck
2087,MediumTruck65341,N2_LRP162a,0.9801125299416275,MediumTruck
2088,MediumTruck65342,N208_LRP034c,0,MediumTruck
2089,MediumTruck65342,N208_LRP034d,0,MediumTruck
2090,MiniBus65343,N2_LRP264a,0,MiniBus
2091,MediumTruck65348,N102_LRP029d,0,MediumTruck
2092,MediumTruck65356,N2_LRP118g,0,MediumTruck
2093,MiniBus65361,N1_LRP432a,0,MiniBus
2094,MiniBus65361,N1_LRP431d,1.0040649391690006,MiniBus
2095,MediumTruck65369,N105_LRP023c,0,MediumTruck
2096,SmallTruck65372,N2_LRP123c,0,SmallTruck
2097,SmallTruck65373,N2_LRP170b,0,SmallTruck
2098,SmallTruck65373,N2_LRP170a,0,SmallTruck
2099,SmallTruck65373,N2_LRP169f,0,SmallTruck
2100,SmallTruck65373,N2_LRP169e,0,SmallTruck
2101,SmallTruck65373,N2_LRP169d,0,SmallTruck
2102,SmallTruck65373,N2_LRP169c,0,SmallTruck
2103,MediumTruck65377,N1_LRP438c,0,MediumTruck
2104,MediumTruck65377,N1_LRP438b,0,MediumTruck
2105,MediumTruck65377,N1_LRP438a,0,MediumTruck
2106,MediumTruck65384,N2_LRP021a,0,MediumTruck
2107,MediumTruck65385,N105_LRP027c,0,MediumTruck
2108,LargeBus65388,N2_LRP169b,0,LargeBus
2109,LargeBus65388,N2_LRP169c,0,LargeBus
2110,LargeBus65388,N2_LRP169d,0,LargeBus
2111,LargeBus65388,N2_LRP169e,0,LargeBus
2112,LargeBus65388,N2_LRP169f,0,LargeBus
2113,MiniBus65390,N208_LRP024d,0,MiniBus
2114,MiniBus65393,N1_LRP440a,0,MiniBus
2115,HeavyTruck65400,N105_LRP017c,0,HeavyTruck
2116,MediumTruck65403,N204_LRP020b,0,MediumTruck
2117,MiniBus65405,N2_LRP175f,0,MiniBus
2118,MiniBus65405,N2_LRP175e,0,MiniBus
2119,MiniBus65405,N2_LRP175d,0,MiniBus
2120,MiniBus65405,N2_LRP175c,0,MiniBus
2121,SmallTruck65416,N2_LRP012f,0,SmallTruck
2122,MiniBus65418,N2_LRP102a,0,MiniBus
2123,HeavyTruck65420,N2_LRP135a,0,HeavyTruck
2124,MediumTruck65421,N2_LRP180c,0,MediumTruck
2125,MediumTruck65425,N1_LRP450a,0,MediumTruck
2126,SmallTruck65428,N102_LRP009a,0,SmallTruck
2127,MediumTruck65433,N105_LRP040c,0,MediumTruck
2128,MediumTruck65436,N2_LRP139b,0,MediumTruck
2129,MediumTruck65436,N2_LRP139a,0,MediumTruck
2130,LargeBus65437,N2_LRP183c,0,LargeBus
2131,SmallTruck65439,N2_LRP219a,0,SmallTruck
2132,MediumTruck65440,N1_LRP004b,0,MediumTruck
2133,HeavyTruck65444,N1_LRP077a,0,HeavyTruck
2134,MediumTruck65447,N104_LRP044d,0,MediumTruck
2135,MediumTruck65461,N102_LRP082a,0,MediumTruck
2136,LargeBus65293,N2_LRP147a,0,LargeBus
2137,MiniBus65295,N2_LRP181c,0,MiniBus
2138,MediumTruck65297,N1_LRP421d,0,MediumTruck
2139,LargeBus65298,N2_LRP045b,0,LargeBus
2140,LargeBus65300,N1_LRP035a,0,LargeBus
2141,MediumTruck65305,N105_LRP006a,0,MediumTruck
2142,MediumTruck65305,N105_LRP005c,0,MediumTruck
2143,LargeBus65308,N2_LRP102a,0,LargeBus
2144,MiniBus65311,N2_LRP184c,0,MiniBus
2145,LargeBus65313,N1_LRP422b,0,LargeBus
2146,LargeBus65313,N1_LRP421f,0,LargeBus
2147,MediumTruck65314,N2_LRP039a,0,MediumTruck
2148,HeavyTruck65320,N105_LRP039b,0,HeavyTruck
2149,MediumTruck65325,N2_LRP158a,0,MediumTruck
2150,LargeBus65328,N2_LRP029b,0,LargeBus
2151,SmallTruck65329,N1_LRP426e,0,SmallTruck
2152,SmallTruck65329,N1_LRP426d,0,SmallTruck
2153,HeavyTruck65332,N102_LRP034b,0,HeavyTruck
2154,MediumTruck65341,N2_LRP161c,0,MediumTruck
2155,MediumTruck65341,N2_LRP161b,0,MediumTruck
2156,MediumTruck65345,N1_LRP431b,0,MediumTruck
2157,MediumTruck65345,N1_LRP431a,0,MediumTruck
2158,MediumTruck65345,N1_LRP430c,0,MediumTruck
2159,MediumTruck65356,N2_LRP118e,0,MediumTruck
2160,MediumTruck65356,N2_LRP118b,0,MediumTruck
2161,MediumTruck65356,N2_LRP118a,0,MediumTruck
2162,MediumTruck65358,N208_LRP031b,0,MediumTruck
2163,MediumTruck65358,N208_LRP031d,0,MediumTruck
2164,MediumTruck65359,N2_LRP200c,0,MediumTruck
2165,MediumTruck65360,N1_LRP026a,0,MediumTruck
2166,MediumTruck65360,N1_LRP026b,0,MediumTruck
2167,LargeBus65363,N2_LRP258a,0,LargeBus
2168,LargeBus65366,N1_LRP119a,0,LargeBus
2169,MediumTruck65369,N105_LRP022c,0,MediumTruck
2170,SmallTruck65372,N2_LRP122b,0,SmallTruck
2171,SmallTruck65373,N2_LRP169b,0,SmallTruck
2172,MediumTruck65374,N208_LRP027b,0,MediumTruck
2173,MediumTruck65374,N208_LRP027d,0,MediumTruck
2174,MediumTruck65377,N1_LRP437b,0,MediumTruck
2175,MediumTruck65377,N1_LRP437a,0,MediumTruck
2176,MediumTruck65384,N2_LRP021b,0,MediumTruck
2177,LargeBus65388,N2_LRP170a,0,LargeBus
2178,LargeBus65388,N2_LRP170b,0,LargeBus
2179,LargeBus65388,N2_LRP170c,0,LargeBus
2180,LargeBus65388,N2_LRP170e,0,LargeBus
2181,LargeBus65388,N2_LRP170f,0.04841306795798084,LargeBus
2182,MediumTruck65389,N2_LRP214b,0.06177288245511383,MediumTruck
2183,MediumTruck65391,N2_LRP207b,0,MediumTruck
2184,MiniBus65393,N1_LRP439a,0,MiniBus
2185,LargeBus65394,N2_LRP021a,0,LargeBus
2186,MediumTruck65401,N105_LRP030c,0,MediumTruck
2187,MediumTruck65404,N2_LRP130c,0,MediumTruck
2188,MediumTruck65404,N2_LRP130b,0,MediumTruck
2189,MediumTruck65409,N1_LRP445d,0,MediumTruck
2190,MediumTruck65409,N1_LRP445b,0,MediumTruck
2191,SmallTruck65417,N105_LRP035d,0,SmallTruck
2192,HeavyTruck65420,N2_LRP134c,0,HeavyTruck
2193,HeavyTruck65420,N2_LRP134b,0,HeavyTruck
2194,MediumTruck65421,N2_LRP180a,0,MediumTruck
2195,MediumTruck65425,N1_LRP449d,0,MediumTruck
2196,MediumTruck65425,N1_LRP449c,0,MediumTruck
2197,MediumTruck65433,N105_LRP039b,0,MediumTruck
2198,LargeBus65434,N2_LRP106b,0,LargeBus
2199,LargeBus65434,N2_LRP106a,0,LargeBus
2200,MediumTruck65436,N2_LRP138b,0,MediumTruck
2201,LargeBus65437,N2_LRP183a,0,LargeBus
2202,LargeBus65437,N2_LRP182d,0,LargeBus
2203,MediumTruck65441,N1_LRP452e,0,MediumTruck
2204,MediumTruck65441,N1_LRP452d,0,MediumTruck
2205,MediumTruck65446,N1_LRP142a,0,MediumTruck
2206,MediumTruck65448,N105_LRP005c,0,MediumTruck
2207,MediumTruck65448,N105_LRP006a,0,MediumTruck
2208,MediumTruck65456,N1_LRP001a,0,MediumTruck
2209,MediumTruck65457,N1_LRP456c,0,MediumTruck
2210,MiniBus65458,N1_LRP010b,0,MiniBus
2211,MiniBus65458,N1_LRP010c,0,MiniBus
2212,MiniBus65458,N1_LRP011a,0,MiniBus
2213,SmallTruck65459,N2_LRP285c,0,SmallTruck
2214,MediumTruck65469,N207_LRP066b,0,MediumTruck
2215,MiniBus65471,N208_LRP055a,0,MiniBus
2216,SmallTruck65281,N1_LRP417d,0.023630073234624283,SmallTruck
2217,MediumTruck65282,N2_LRP046c,0,MediumTruck
2218,MediumTruck65282,N2_LRP047a,0,MediumTruck
2219,MediumTruck65282,N2_LRP047c,0,MediumTruck
2220,MediumTruck65283,N2_LRP240a,0,MediumTruck
2221,LargeBus65293,N2_LRP146a,0,LargeBus
2222,MiniBus65295,N2_LRP180c,0,MiniBus
2223,MiniBus65295,N2_LRP180a,0,MiniBus
2224,MediumTruck65297,N1_LRP420e,0,MediumTruck
2225,MediumTruck65297,N1_LRP420d,0,MediumTruck
2226,LargeBus65298,N2_LRP046c,0,LargeBus
2227,LargeBus65299,N2_LRP240a,0,LargeBus
2228,LargeBus65300,N1_LRP034a,0,LargeBus
2229,SmallTruck65301,N102_LRP038d,0,SmallTruck
2230,MiniBus65311,N2_LRP183d,0.03563120214353361,MiniBus
2231,LargeBus65313,N1_LRP421d,0,LargeBus
2232,MediumTruck65314,N2_LRP039c,0,MediumTruck
2233,MediumTruck65314,N2_LRP040a,0,MediumTruck
2234,LargeBus65315,N2_LRP243b,0,LargeBus
2235,HeavyTruck65320,N105_LRP040c,0,HeavyTruck
2236,MediumTruck65325,N2_LRP157b,0,MediumTruck
2237,SmallTruck65329,N1_LRP426c,0,SmallTruck
2238,SmallTruck65329,N1_LRP426b,0,SmallTruck
2239,SmallTruck65329,N1_LRP426a,0,SmallTruck
2240,SmallTruck65329,N1_LRP425e,0,SmallTruck
2241,MediumTruck65334,N1_LRP112a,0,MediumTruck
2242,MediumTruck65341,N2_LRP161a,0,MediumTruck
2243,MediumTruck65345,N1_LRP430b,0,MediumTruck
2244,MediumTruck65345,N1_LRP430a,0,MediumTruck
2245,MediumTruck65345,N1_LRP429f,0,MediumTruck
2246,MediumTruck65353,N105_LRP017c,0,MediumTruck
2247,SmallTruck65355,N204_LRP003b,0,SmallTruck
2248,MediumTruck65359,N2_LRP199d,0,MediumTruck
2249,MediumTruck65360,N1_LRP027a,0,MediumTruck
2250,MediumTruck65365,N102_LRP055c,0,MediumTruck
2251,LargeBus65366,N1_LRP118d,0,LargeBus
2252,MediumTruck65369,N105_LRP021d,0,MediumTruck
2253,SmallTruck65372,N2_LRP121c,0,SmallTruck
2254,SmallTruck65373,N2_LRP168c,0,SmallTruck
2255,SmallTruck65373,N2_LRP168a,0,SmallTruck
2256,MediumTruck65374,N208_LRP027f,0,MediumTruck
2257,MediumTruck65377,N1_LRP436a,0,MediumTruck
2258,MediumTruck65379,N2_LRP264a,0,MediumTruck
2259,LargeBus65388,N2_LRP170g,0,LargeBus
2260,LargeBus65388,N2_LRP170h,0,LargeBus
2261,LargeBus65388,N2_LRP170i,0,LargeBus
2262,LargeBus65388,N2_LRP170j,0,LargeBus
2263,MiniBus65393,N1_LRP438c,0,MiniBus
2264,MiniBus65393,N1_LRP438b,0,MiniBus
2265,LargeBus65394,N2_LRP021b,0,LargeBus
2266,MediumTruck65404,N2_LRP130a,0,MediumTruck
2267,MediumTruck65404,N2_LRP129c,0,MediumTruck
2268,MediumTruck65409,N1_LRP444e,0,MediumTruck
2269,MediumTruck65409,N1_LRP444d,0,MediumTruck
2270,MediumTruck65409,N1_LRP444c,0,MediumTruck
2271,MediumTruck65409,N1_LRP444b,0,MediumTruck
2272,MediumTruck65409,N1_LRP444a,0,MediumTruck
2273,MediumTruck65412,N102_LRP015a,0,MediumTruck
2274,HeavyTruck65420,N2_LRP133a,0,HeavyTruck
2275,MediumTruck65421,N2_LRP179a,0,MediumTruck
2276,MediumTruck65421,N2_LRP178b,0,MediumTruck
2277,MediumTruck65425,N1_LRP448a,0,MediumTruck
2278,MediumTruck65426,N1_LRP020a,0,MediumTruck
2279,MediumTruck65432,N1_LRP023a,0,MediumTruck
2280,MediumTruck65436,N2_LRP138a,0,MediumTruck
2281,LargeBus65437,N2_LRP182b,0,LargeBus
2282,LargeBus65437,N2_LRP182a,0,LargeBus
2283,MediumTruck65441,N1_LRP452c,0,MediumTruck
2284,MediumTruck65441,N1_LRP452a,0,MediumTruck
2285,MediumTruck65441,N1_LRP451e,0,MediumTruck
2286,SmallTruck65449,N105_LRP042b,0,SmallTruck
2287,MediumTruck65457,N1_LRP456a,0,MediumTruck
2288,SmallTruck65459,N2_LRP285a,0,SmallTruck
2289,SmallTruck65459,N2_LRP284c,0,SmallTruck
2290,MediumTruck65462,N1_LRP145a,0,MediumTruck
2291,MiniBus65466,N204_LRP003b,0,MiniBus
2292,MediumTruck65282,N2_LRP048a,0,MediumTruck
2293,MediumTruck65283,N2_LRP239a,0,MediumTruck
2294,MediumTruck65283,N2_LRP238c,0,MediumTruck
2295,MediumTruck65285,N102_LRP034b,0,MediumTruck
2296,MiniBus65295,N2_LRP179a,0,MiniBus
2297,MediumTruck65297,N1_LRP420c,0,MediumTruck
2298,MediumTruck65297,N1_LRP420a,0,MediumTruck
2299,LargeBus65298,N2_LRP047a,0,LargeBus
2300,LargeBus65298,N2_LRP047c,0,LargeBus
2301,LargeBus65299,N2_LRP239a,0,LargeBus
2302,LargeBus65299,N2_LRP238c,0,LargeBus
2303,LargeBus65300,N1_LRP033b,0,LargeBus
2304,LargeBus65300,N1_LRP033a,0,LargeBus
2305,SmallTruck65301,N102_LRP038b,0,SmallTruck
2306,SmallTruck65301,N102_LRP037d,0,SmallTruck
2307,MiniBus65311,N2_LRP183c,0,MiniBus
2308,LargeBus65313,N1_LRP420e,0,LargeBus
2309,LargeBus65313,N1_LRP420d,0,LargeBus
2310,LargeBus65313,N1_LRP420c,0,LargeBus
2311,LargeBus65313,N1_LRP420a,0,LargeBus
2312,MediumTruck65314,N2_LRP040b,0,MediumTruck
2313,LargeBus65315,N2_LRP243a,0,LargeBus
2314,HeavyTruck65320,N105_LRP041c,0,HeavyTruck
2315,MediumTruck65321,N2_LRP016a,0,MediumTruck
2316,MediumTruck65325,N2_LRP157a,0,MediumTruck
2317,SmallTruck65329,N1_LRP425c,0.011504244800697774,SmallTruck
2318,MediumTruck65336,N2_LRP035b,0,MediumTruck
2319,MediumTruck65337,N2_LRP012c,0,MediumTruck
2320,MediumTruck65341,N2_LRP160a,0,MediumTruck
2321,MediumTruck65341,N2_LRP159d,0,MediumTruck
2322,MediumTruck65345,N1_LRP429c,0,MediumTruck
2323,MediumTruck65345,N1_LRP429b,0,MediumTruck
2324,MediumTruck65345,N1_LRP429a,0,MediumTruck
2325,MediumTruck65351,N104_LRP017b,0,MediumTruck
2326,MediumTruck65356,N2_LRP117b,0,MediumTruck
2327,MediumTruck65356,N2_LRP117a,0.13635029355701966,MediumTruck
2328,MiniBus65361,N1_LRP431b,0,MiniBus
2329,MiniBus65361,N1_LRP431a,0,MiniBus
2330,MiniBus65361,N1_LRP430c,0,MiniBus
2331,MediumTruck65369,N105_LRP020c,0,MediumTruck
2332,SmallTruck65372,N2_LRP121a,0,SmallTruck
2333,SmallTruck65373,N2_LRP167c,0,SmallTruck
2334,SmallTruck65373,N2_LRP167b,0,SmallTruck
2335,MediumTruck65374,N208_LRP028d,0,MediumTruck
2336,LargeBus65376,N1_LRP026a,0,LargeBus
2337,LargeBus65376,N1_LRP026b,0,LargeBus
2338,MediumTruck65377,N1_LRP435c,0,MediumTruck
2339,SmallTruck65381,N102_LRP058a,0,SmallTruck
2340,MediumTruck65385,N105_LRP024c,0,MediumTruck
2341,LargeBus65388,N2_LRP171d,0,LargeBus
2342,LargeBus65388,N2_LRP171e,0,LargeBus
2343,LargeBus65388,N2_LRP171f,0.18088745291914485,LargeBus
2344,MiniBus65390,N208_LRP027b,0,MiniBus
2345,MiniBus65390,N208_LRP027d,0,MiniBus
2346,MediumTruck65392,N1_LRP020a,0,MediumTruck
2347,MiniBus65393,N1_LRP438a,0,MiniBus
2348,MediumTruck65397,N102_LRP062c,0,MediumTruck
2349,MediumTruck65397,N102_LRP062b,0,MediumTruck
2350,MediumTruck65402,N2_LRP098b,0.22648374813632816,MediumTruck
2351,MediumTruck65404,N2_LRP129b,0,MediumTruck
2352,MediumTruck65404,N2_LRP129a,0,MediumTruck
2353,MediumTruck65404,N2_LRP128b,0,MediumTruck
2354,MediumTruck65409,N1_LRP443d,0,MediumTruck
2355,MediumTruck65409,N1_LRP443c,0,MediumTruck
2356,MediumTruck65410,N2_LRP016a,0,MediumTruck
2357,LargeBus65419,N204_LRP020b,0,LargeBus
2358,HeavyTruck65420,N2_LRP132c,0,HeavyTruck
2359,MediumTruck65421,N2_LRP178a,0,MediumTruck
2360,MediumTruck65425,N1_LRP447c,0,MediumTruck
2361,SmallTruck65427,N2_LRP276a,0,SmallTruck
2362,LargeBus65434,N2_LRP104a,0,LargeBus
2363,LargeBus65437,N2_LRP181c,0,LargeBus
2364,MediumTruck65438,N208_LRP011b,0,MediumTruck
2365,MediumTruck65441,N1_LRP451b,0,MediumTruck
2366,MediumTruck65441,N1_LRP450e,0.3197819331594867,MediumTruck
2367,MiniBus65453,N2_LRP199d,0,MiniBus
2368,MiniBus65453,N2_LRP200c,0,MiniBus
2369,MediumTruck65457,N1_LRP455a,0,MediumTruck
2370,SmallTruck65459,N2_LRP284b,0,SmallTruck
2371,MediumTruck65464,N105_LRP003a,0,MediumTruck
2372,SmallTruck65281,N1_LRP417b,0,SmallTruck
2373,SmallTruck65281,N1_LRP416e,0,SmallTruck
2374,SmallTruck65281,N1_LRP416d,0,SmallTruck
2375,MediumTruck65282,N2_LRP048b,0,MediumTruck
2376,MediumTruck65285,N102_LRP033c,0,MediumTruck
2377,MediumTruck65287,N104_LRPSa,0,MediumTruck
2378,MediumTruck65289,N1_LRP012a,0,MediumTruck
2379,MediumTruck65289,N1_LRP012b,0,MediumTruck
2380,MiniBus65295,N2_LRP178b,0,MiniBus
2381,MiniBus65295,N2_LRP178a,0,MiniBus
2382,MediumTruck65297,N1_LRP418b,0,MediumTruck
2383,LargeBus65298,N2_LRP048a,0,LargeBus
2384,SmallTruck65301,N102_LRP037c,0,SmallTruck
2385,MediumTruck65305,N105_LRP003a,0,MediumTruck
2386,MiniBus65311,N2_LRP183a,0,MiniBus
2387,MiniBus65311,N2_LRP182d,0,MiniBus
2388,MediumTruck65314,N2_LRP041b,0,MediumTruck
2389,MediumTruck65314,N2_LRP042a,0,MediumTruck
2390,LargeBus65315,N2_LRP242a,0,LargeBus
2391,MediumTruck65325,N2_LRP156a,0,MediumTruck
2392,SmallTruck65329,N1_LRP425b,0,SmallTruck
2393,SmallTruck65329,N1_LRP425a,0,SmallTruck
2394,MediumTruck65330,N105_LRP039b,0,MediumTruck
2395,HeavyTruck65332,N102_LRP036b,0,HeavyTruck
2396,HeavyTruck65332,N102_LRP036d,0,HeavyTruck
2397,MediumTruck65333,N102_LRP045a,0,MediumTruck
2398,MediumTruck65334,N1_LRP111a,0,MediumTruck
2399,MediumTruck65337,N2_LRP012f,0,MediumTruck
2400,MediumTruck65341,N2_LRP159c,0,MediumTruck
2401,MediumTruck65341,N2_LRP159b,0,MediumTruck
2402,MediumTruck65345,N1_LRP428d,0,MediumTruck
2403,MediumTruck65345,N1_LRP428c,0,MediumTruck
2404,MediumTruck65345,N1_LRP428b,0,MediumTruck
2405,MediumTruck65345,N1_LRP428a,0,MediumTruck
2406,MiniBus65361,N1_LRP430b,0,MiniBus
2407,MiniBus65361,N1_LRP430a,0,MiniBus
2408,MiniBus65361,N1_LRP429f,0,MiniBus
2409,MediumTruck65362,N2_LRP029b,0,MediumTruck
2410,HeavyTruck65364,N102_LRP028c,0,HeavyTruck
2411,SmallTruck65372,N2_LRP120a,0,SmallTruck
2412,SmallTruck65372,N2_LRP119c,0,SmallTruck
2413,SmallTruck65373,N2_LRP166e,0,SmallTruck
2414,SmallTruck65373,N2_LRP166d,0,SmallTruck
2415,MediumTruck65374,N208_LRP029c,0,MediumTruck
2416,LargeBus65376,N1_LRP027a,0,LargeBus
2417,MediumTruck65382,N1_LRP123a,0,MediumTruck
2418,MediumTruck65389,N2_LRP216a,0,MediumTruck
2419,MediumTruck65389,N2_LRP216b,0,MediumTruck
2420,MiniBus65390,N208_LRP027f,0,MiniBus
2421,MediumTruck65391,N2_LRP206b,0,MediumTruck
2422,MiniBus65393,N1_LRP437b,0,MiniBus
2423,MiniBus65393,N1_LRP437a,0,MiniBus
2424,LargeBus65395,N2_LRP264a,0,LargeBus
2425,LargeBus65396,N1_LRP105a,0,LargeBus
2426,MediumTruck65399,N104_LRP028a,0,MediumTruck
2427,HeavyTruck65400,N105_LRP020c,0,HeavyTruck
2428,MediumTruck65404,N2_LRP128a,0,MediumTruck
2429,MediumTruck65404,N2_LRP127c,0,MediumTruck
2430,MiniBus65405,N2_LRP172d,0,MiniBus
2431,MiniBus65405,N2_LRP172c,0,MiniBus
2432,LargeBus65407,N2_LRP207b,0,LargeBus
2433,MediumTruck65413,N102_LRP065a,0,MediumTruck
2434,SmallTruck65416,N2_LRP016a,0,SmallTruck
2435,SmallTruck65417,N105_LRP032c,0,SmallTruck
2436,SmallTruck65417,N105_LRP032b,0,SmallTruck
2437,HeavyTruck65420,N2_LRP132b,0,HeavyTruck
2438,HeavyTruck65420,N2_LRP132a,0,HeavyTruck
2439,MediumTruck65421,N2_LRP177a,0,MediumTruck
2440,MediumTruck65425,N1_LRP447b,0,MediumTruck
2441,MediumTruck65425,N1_LRP447a,0,MediumTruck
2442,MediumTruck65425,N1_LRP446d,0,MediumTruck
2443,MediumTruck65425,N1_LRP446b,0,MediumTruck
2444,LargeBus65434,N2_LRP103c,0,LargeBus
2445,MediumTruck65436,N2_LRP135b,0,MediumTruck
2446,LargeBus65437,N2_LRP180c,0,LargeBus
2447,LargeBus65437,N2_LRP180a,0,LargeBus
2448,SmallTruck65439,N2_LRP216b,0,SmallTruck
2449,MediumTruck65441,N1_LRP450c,0,MediumTruck
2450,SmallTruck65449,N105_LRP041c,0,SmallTruck
2451,MediumTruck65452,N207_LRP008c,0,MediumTruck
2452,SmallTruck65459,N2_LRP283b,0,SmallTruck
2453,MediumTruck65462,N1_LRP143a,0,MediumTruck
2454,LargeBus65463,N104_LRP044d,0,LargeBus
2455,MiniBus65470,N208_LRP004c,0,MiniBus
2456,MediumTruck65478,N104_LRPSa,0,MediumTruck
2457,MediumTruck65480,N1_LRP011a,0,MediumTruck
2458,LargeBus65487,N2_LRP228b,0,LargeBus
2459,SmallTruck65281,N1_LRP415c,0.7461397469152846,SmallTruck
2460,MediumTruck65289,N1_LRP014a,0,MediumTruck
2461,LargeBus65296,N1_LRP051a,0,LargeBus
2462,LargeBus65298,N2_LRP048b,0,LargeBus
2463,LargeBus65299,N2_LRP236c,0,LargeBus
2464,SmallTruck65301,N102_LRP036d,0,SmallTruck
2465,SmallTruck65301,N102_LRP036b,0,SmallTruck
2466,MediumTruck65310,N208_LRP046b,0,MediumTruck
2467,MiniBus65311,N2_LRP182b,0,MiniBus
2468,MiniBus65311,N2_LRP182a,0,MiniBus
2469,LargeBus65313,N1_LRP418b,0,LargeBus
2470,LargeBus65315,N2_LRP241c,0,LargeBus
2471,HeavyTruck65320,N105_LRP042b,0,HeavyTruck
2472,MediumTruck65325,N2_LRP155a,0,MediumTruck
2473,SmallTruck65329,N1_LRP424e,0,SmallTruck
2474,SmallTruck65329,N1_LRP424c,0,SmallTruck
2475,SmallTruck65329,N1_LRP424b,0,SmallTruck
2476,SmallTruck65329,N1_LRP424a,0.34682177541335274,SmallTruck
2477,SmallTruck65331,N2_LRP249a,0,SmallTruck
2478,HeavyTruck65332,N102_LRP037c,0,HeavyTruck
2479,HeavyTruck65332,N102_LRP037d,0,HeavyTruck
2480,MediumTruck65341,N2_LRP158a,0,MediumTruck
2481,MediumTruck65345,N1_LRP427e,0,MediumTruck
2482,MediumTruck65345,N1_LRP427d,0,MediumTruck
2483,MediumTruck65345,N1_LRP427b,0,MediumTruck
2484,MediumTruck65348,N102_LRP033c,0,MediumTruck
2485,MediumTruck65358,N208_LRP034c,0,MediumTruck
2486,MediumTruck65358,N208_LRP034d,0,MediumTruck
2487,MediumTruck65360,N1_LRP030a,0,MediumTruck
2488,MiniBus65361,N1_LRP429c,0,MiniBus
2489,MiniBus65361,N1_LRP429b,0,MiniBus
2490,MiniBus65361,N1_LRP429a,0,MiniBus
2491,MiniBus65361,N1_LRP428d,0,MiniBus
2492,MiniBus65361,N1_LRP428c,0,MiniBus
2493,HeavyTruck65364,N102_LRP029d,0,HeavyTruck
2494,SmallTruck65372,N2_LRP118g,0,SmallTruck
2495,MediumTruck65379,N2_LRP262a,0,MediumTruck
2496,MediumTruck65379,N2_LRP261b,0,MediumTruck
2497,MediumTruck65382,N1_LRP122a,0,MediumTruck
2498,MediumTruck65384,N2_LRP024b,0,MediumTruck
2499,MediumTruck65384,N2_LRP025a,0,MediumTruck
2500,MediumTruck65385,N105_LRP023c,0,MediumTruck
2501,LargeBus65388,N2_LRP172c,0,LargeBus
2502,LargeBus65388,N2_LRP172d,0,LargeBus
2503,MiniBus65390,N208_LRP028d,0,MiniBus
2504,MiniBus65393,N1_LRP436a,0,MiniBus
2505,MiniBus65393,N1_LRP435c,0,MiniBus
2506,HeavyTruck65400,N105_LRP021d,0,HeavyTruck
2507,MediumTruck65401,N105_LRP027c,0,MediumTruck
2508,MediumTruck65402,N2_LRP097a,0,MediumTruck
2509,MediumTruck65404,N2_LRP127b,0,MediumTruck
2510,MiniBus65405,N2_LRP171f,0.023780254936798043,MiniBus
2511,MiniBus65406,N208_LRP024d,0,MiniBus
2512,LargeBus65407,N2_LRP206b,0,LargeBus
2513,MediumTruck65409,N1_LRP441a,0,MediumTruck
2514,MediumTruck65412,N102_LRP017a,0,MediumTruck
2515,SmallTruck65414,N104_LRP017b,0,SmallTruck
2516,MiniBus65418,N2_LRP098b,0.06600852857023366,MiniBus
2517,MediumTruck65421,N2_LRP176e,0,MediumTruck
2518,MediumTruck65421,N2_LRP176d,0,MediumTruck
2519,MediumTruck65421,N2_LRP176c,0,MediumTruck
2520,MediumTruck65421,N2_LRP176b,0,MediumTruck
2521,SmallTruck65427,N2_LRP274e,0,SmallTruck
2522,LargeBus65434,N2_LRP102a,0,LargeBus
2523,MediumTruck65436,N2_LRP135a,0,MediumTruck
2524,LargeBus65437,N2_LRP179a,0,LargeBus
2525,SmallTruck65439,N2_LRP216a,0,SmallTruck
2526,MediumTruck65441,N1_LRP450a,0,MediumTruck
2527,SmallTruck65449,N105_LRP040c,0,SmallTruck
2528,MediumTruck65456,N1_LRP004b,0,MediumTruck
2529,HeavyTruck65460,N1_LRP077a,0,HeavyTruck
2530,MediumTruck65476,N102_LRPSc,0,MediumTruck
2531,SmallTruck65477,N102_LRP082a,0,SmallTruck
2532,MediumTruck65480,N1_LRP010c,0,MediumTruck
2533,MediumTruck65480,N1_LRP010b,0,MediumTruck
2534,SmallTruck65482,N2_LRP118a,0,SmallTruck
2535,SmallTruck65482,N2_LRP118b,0,SmallTruck
2536,SmallTruck65482,N2_LRP118e,0,SmallTruck
2537,MediumTruck65282,N2_LRP050a,0,MediumTruck
2538,MediumTruck65283,N2_LRP236c,0,MediumTruck
2539,LargeBus65293,N2_LRP141b,0,LargeBus
2540,MiniBus65295,N2_LRP177a,0,MiniBus
2541,MiniBus65295,N2_LRP176e,0,MiniBus
2542,MiniBus65295,N2_LRP176d,0,MiniBus
2543,MiniBus65295,N2_LRP176c,0,MiniBus
2544,MiniBus65295,N2_LRP176b,0,MiniBus
2545,MediumTruck65297,N1_LRP417d,0.36057161245212305,MediumTruck
2546,LargeBus65298,N2_LRP050a,0,LargeBus
2547,LargeBus65299,N2_LRP236a,0,LargeBus
2548,LargeBus65308,N2_LRP098b,1.0660085285702336,LargeBus
2549,MiniBus65311,N2_LRP181c,0,MiniBus
2550,LargeBus65313,N1_LRP417d,1.360571612452123,LargeBus
2551,MediumTruck65314,N2_LRP043a,0.13048688749892787,MediumTruck
2552,MediumTruck65321,N2_LRP018a,0,MediumTruck
2553,MediumTruck65325,N2_LRP154c,0,MediumTruck
2554,MediumTruck65330,N105_LRP040c,0,MediumTruck
2555,HeavyTruck65332,N102_LRP038b,0,HeavyTruck
2556,HeavyTruck65332,N102_LRP038d,0,HeavyTruck
2557,MediumTruck65341,N2_LRP157b,0,MediumTruck
2558,MediumTruck65345,N1_LRP426e,0,MediumTruck
2559,MediumTruck65345,N1_LRP426d,0,MediumTruck
2560,MediumTruck65348,N102_LRP034b,0,MediumTruck
2561,MiniBus65361,N1_LRP428b,0,MiniBus
2562,MiniBus65361,N1_LRP428a,0,MiniBus
2563,MiniBus65361,N1_LRP427e,0,MiniBus
2564,SmallTruck65372,N2_LRP118e,0,SmallTruck
2565,SmallTruck65372,N2_LRP118b,0,SmallTruck
2566,SmallTruck65372,N2_LRP118a,0,SmallTruck
2567,SmallTruck65373,N2_LRP165d,0,SmallTruck
2568,SmallTruck65373,N2_LRP165c,0,SmallTruck
2569,SmallTruck65373,N2_LRP164d,0,SmallTruck
2570,MediumTruck65374,N208_LRP031b,0,MediumTruck
2571,MediumTruck65374,N208_LRP031d,0,MediumTruck
2572,SmallTruck65375,N2_LRP200c,0,SmallTruck
2573,MediumTruck65377,N1_LRP433c,0,MediumTruck
2574,MediumTruck65377,N1_LRP433b,0.2626122354152049,MediumTruck
2575,MediumTruck65379,N2_LRP261a,0,MediumTruck
2576,MediumTruck65384,N2_LRP025b,0,MediumTruck
2577,MediumTruck65385,N105_LRP022c,0,MediumTruck
2578,MiniBus65390,N208_LRP029c,0,MiniBus
2579,MediumTruck65392,N1_LRP023a,0,MediumTruck
2580,LargeBus65394,N2_LRP024b,0,LargeBus
2581,LargeBus65394,N2_LRP025a,0,LargeBus
2582,LargeBus65396,N1_LRP107a,0,LargeBus
2583,HeavyTruck65400,N105_LRP022c,0,HeavyTruck
2584,MediumTruck65402,N2_LRP096c,0,MediumTruck
2585,MediumTruck65404,N2_LRP126d,0,MediumTruck
2586,MediumTruck65404,N2_LRP126c,0,MediumTruck
2587,MediumTruck65404,N2_LRP126b,0,MediumTruck
2588,MiniBus65405,N2_LRP171e,0,MiniBus
2589,LargeBus65408,N1_LRP020a,0,LargeBus
2590,MediumTruck65410,N2_LRP018a,0,MediumTruck
2591,SmallTruck65417,N105_LRP030c,0,SmallTruck
2592,HeavyTruck65420,N2_LRP130c,0,HeavyTruck
2593,HeavyTruck65420,N2_LRP130b,0,HeavyTruck
2594,MediumTruck65421,N2_LRP175f,0,MediumTruck
2595,MediumTruck65421,N2_LRP175e,0,MediumTruck
2596,MediumTruck65421,N2_LRP175d,0,MediumTruck
2597,MediumTruck65421,N2_LRP175c,0,MediumTruck
2598,MediumTruck65425,N1_LRP445d,0,MediumTruck
2599,MediumTruck65425,N1_LRP445b,0,MediumTruck
2600,MediumTruck65426,N1_LRP023a,0,MediumTruck
2601,SmallTruck65430,N1_LRP159a,0,SmallTruck
2602,MediumTruck65432,N1_LRP026a,0,MediumTruck
2603,MediumTruck65433,N105_LRP035d,0,MediumTruck
2604,MediumTruck65436,N2_LRP134c,0,MediumTruck
2605,MediumTruck65436,N2_LRP134b,0,MediumTruck
2606,LargeBus65437,N2_LRP178b,0,LargeBus
2607,LargeBus65437,N2_LRP178a,0,LargeBus
2608,MediumTruck65441,N1_LRP449d,0,MediumTruck
2609,MediumTruck65441,N1_LRP449c,0,MediumTruck
2610,MiniBus65442,N2_LRP012c,0,MiniBus
2611,SmallTruck65449,N105_LRP039b,0,SmallTruck
2612,MiniBus65455,N208_LRP046b,0,MiniBus
2613,MediumTruck65457,N1_LRP452e,0,MediumTruck
2614,MediumTruck65457,N1_LRP452d,0,MediumTruck
2615,MediumTruck65462,N1_LRP142a,0,MediumTruck
2616,MediumTruck65464,N105_LRP005c,0,MediumTruck
2617,MediumTruck65464,N105_LRP006a,0,MediumTruck
2618,MediumTruck65472,N1_LRP001a,0,MediumTruck
2619,MediumTruck65473,N1_LRP456c,0,MediumTruck
2620,SmallTruck65475,N2_LRP285c,0,SmallTruck
2621,MediumTruck65476,N102_LRP002a,0,MediumTruck
2622,SmallTruck65482,N2_LRP118g,0,SmallTruck
2623,LargeBus65487,N2_LRP226d,0,LargeBus
2624,LargeBus65487,N2_LRP226c,0,LargeBus
2625,SmallTruck65281,N1_LRP414a,0,SmallTruck
2626,MediumTruck65283,N2_LRP236a,0,MediumTruck
2627,MediumTruck65283,N2_LRP235a,0,MediumTruck
2628,LargeBus65293,N2_LRP141a,0,LargeBus
2629,MiniBus65295,N2_LRP175f,0,MiniBus
2630,MiniBus65295,N2_LRP175e,0,MiniBus
2631,MiniBus65295,N2_LRP175d,0,MiniBus
2632,MiniBus65295,N2_LRP175c,0,MiniBus
2633,LargeBus65299,N2_LRP235a,0,LargeBus
2634,LargeBus65300,N1_LRP030a,0,LargeBus
2635,MiniBus65311,N2_LRP180c,0,MiniBus
2636,MiniBus65311,N2_LRP180a,0,MiniBus
2637,MediumTruck65312,N2_LRP035b,0,MediumTruck
2638,LargeBus65315,N2_LRP240a,0,LargeBus
2639,SmallTruck65317,N102_LRP038d,0,SmallTruck
2640,SmallTruck65323,N2_LRP108a,0,SmallTruck
2641,MediumTruck65325,N2_LRP153b,0,MediumTruck
2642,SmallTruck65329,N1_LRP423d,0,SmallTruck
2643,SmallTruck65329,N1_LRP423c,0,SmallTruck
2644,SmallTruck65329,N1_LRP423b,0.13259458011770542,SmallTruck
2645,MediumTruck65330,N105_LRP041c,0,MediumTruck
2646,SmallTruck65331,N2_LRP248a,0,SmallTruck
2647,MediumTruck65334,N1_LRP109a,0,MediumTruck
2648,MediumTruck65335,N104_LRP010a,0,MediumTruck
2649,MediumTruck65336,N2_LRP038c,0,MediumTruck
2650,MediumTruck65336,N2_LRP039a,0,MediumTruck
2651,MediumTruck65341,N2_LRP157a,0,MediumTruck
2652,MediumTruck65345,N1_LRP426c,0,MediumTruck
2653,MediumTruck65345,N1_LRP426b,0,MediumTruck
2654,MediumTruck65345,N1_LRP426a,0,MediumTruck
2655,MediumTruck65345,N1_LRP425e,0,MediumTruck
2656,SmallTruck65346,N2_LRP035b,0,SmallTruck
2657,SmallTruck65355,N2_LRP118a,0,SmallTruck
2658,SmallTruck65355,N2_LRP118b,0,SmallTruck
2659,MiniBus65361,N1_LRP427d,0,MiniBus
2660,MiniBus65361,N1_LRP427b,0,MiniBus
2661,MediumTruck65369,N105_LRP017c,0,MediumTruck
2662,MediumTruck65371,N204_LRP003b,0,MediumTruck
2663,SmallTruck65373,N2_LRP164b,0,SmallTruck
2664,SmallTruck65373,N2_LRP164a,0,SmallTruck
2665,SmallTruck65375,N2_LRP199d,0,SmallTruck
2666,LargeBus65376,N1_LRP030a,0,LargeBus
2667,MediumTruck65377,N1_LRP432b,0,MediumTruck
2668,SmallTruck65381,N102_LRP055c,0,SmallTruck
2669,MediumTruck65382,N1_LRP120b,0,MediumTruck
2670,MediumTruck65385,N105_LRP021d,0,MediumTruck
2671,MiniBus65390,N208_LRP031b,0,MiniBus
2672,LargeBus65394,N2_LRP025b,0,LargeBus
2673,LargeBus65395,N2_LRP262a,0,LargeBus
2674,LargeBus65395,N2_LRP261b,0,LargeBus
2675,HeavyTruck65400,N105_LRP023c,0,HeavyTruck
2676,MediumTruck65402,N2_LRP096a,0,MediumTruck
2677,MediumTruck65402,N2_LRP095a,0,MediumTruck
2678,MediumTruck65404,N2_LRP126a,0,MediumTruck
2679,MediumTruck65404,N2_LRP125d,0,MediumTruck
2680,MediumTruck65404,N2_LRP125c,0,MediumTruck
2681,MediumTruck65404,N2_LRP125b,0,MediumTruck
2682,MiniBus65405,N2_LRP171d,0,MiniBus
2683,MiniBus65405,N2_LRP170j,0,MiniBus
2684,MiniBus65405,N2_LRP170i,0,MiniBus
2685,MiniBus65405,N2_LRP170h,0,MiniBus
2686,MiniBus65405,N2_LRP170g,0,MiniBus
2687,MiniBus65405,N2_LRP170f,0.27360759400183954,MiniBus
2688,MediumTruck65409,N1_LRP440a,0,MediumTruck
2689,MediumTruck65412,N102_LRP019a,0,MediumTruck
2690,MediumTruck65412,N102_LRP019b,0,MediumTruck
2691,SmallTruck65416,N2_LRP018a,0,SmallTruck
2692,MiniBus65418,N2_LRP097a,0,MiniBus
2693,HeavyTruck65420,N2_LRP130a,0,HeavyTruck
2694,HeavyTruck65420,N2_LRP129c,0,HeavyTruck
2695,MediumTruck65425,N1_LRP444e,0,MediumTruck
2696,MediumTruck65425,N1_LRP444d,0,MediumTruck
2697,MediumTruck65425,N1_LRP444c,0,MediumTruck
2698,MediumTruck65425,N1_LRP444b,0,MediumTruck
2699,MediumTruck65425,N1_LRP444a,0,MediumTruck
2700,SmallTruck65428,N102_LRP015a,0,SmallTruck
2701,MediumTruck65432,N1_LRP026b,0,MediumTruck
2702,MediumTruck65436,N2_LRP133a,0,MediumTruck
2703,SmallTruck65439,N2_LRP214b,0.16110089830587576,SmallTruck
2704,MediumTruck65440,N1_LRP010b,0,MediumTruck
2705,MediumTruck65440,N1_LRP010c,0,MediumTruck
2706,MediumTruck65440,N1_LRP011a,0,MediumTruck
2707,MediumTruck65441,N1_LRP448a,0,MediumTruck
2708,MiniBus65442,N2_LRP012f,0,MiniBus
2709,MediumTruck65446,N1_LRP137a,0,MediumTruck
2710,MediumTruck65457,N1_LRP452c,0,MediumTruck
2711,MediumTruck65457,N1_LRP452a,0,MediumTruck
2712,MediumTruck65457,N1_LRP451e,0,MediumTruck
2713,MediumTruck65465,N105_LRP042b,0,MediumTruck
2714,MediumTruck65469,N207_LRP061d,0,MediumTruck
2715,MediumTruck65473,N1_LRP456a,0,MediumTruck
2716,SmallTruck65475,N2_LRP285a,0,SmallTruck
2717,SmallTruck65475,N2_LRP284c,0,SmallTruck
2718,MediumTruck65476,N102_LRP002b,0,MediumTruck
2719,MediumTruck65476,N102_LRP002c,0,MediumTruck
2720,SmallTruck65482,N2_LRP119c,0,SmallTruck
2721,SmallTruck65482,N2_LRP120a,0,SmallTruck
2722,LargeBus65487,N2_LRP225c,0.030492982723070876,LargeBus
2723,MediumTruck65285,N102_LRP029d,0,MediumTruck
2724,LargeBus65293,N2_LRP140c,0.056822801895485026,LargeBus
2725,MediumTruck65297,N1_LRP417b,0,MediumTruck
2726,MediumTruck65297,N1_LRP416e,0,MediumTruck
2727,MediumTruck65297,N1_LRP416d,0,MediumTruck
2728,SmallTruck65301,N102_LRP034b,0,SmallTruck
2729,SmallTruck65303,N1_LRP145a,0,SmallTruck
2730,MiniBus65311,N2_LRP179a,0,MiniBus
2731,MediumTruck65314,N2_LRP043d,0,MediumTruck
2732,MediumTruck65314,N2_LRP044a,0,MediumTruck
2733,LargeBus65315,N2_LRP239a,0,LargeBus
2734,LargeBus65315,N2_LRP238c,0,LargeBus
2735,SmallTruck65317,N102_LRP038b,0,SmallTruck
2736,SmallTruck65317,N102_LRP037d,0,SmallTruck
2737,MediumTruck65318,N104_LRP044d,0,MediumTruck
2738,LargeBus65319,N104_LRPSa,0,LargeBus
2739,MediumTruck65325,N2_LRP153a,0,MediumTruck
2740,MediumTruck65325,N2_LRP152d,0,MediumTruck
2741,LargeBus65328,N2_LRP035b,0,LargeBus
2742,MediumTruck65330,N105_LRP042b,0,MediumTruck
2743,MediumTruck65336,N2_LRP039c,0,MediumTruck
2744,MediumTruck65337,N2_LRP016a,0,MediumTruck
2745,MediumTruck65341,N2_LRP156a,0,MediumTruck
2746,MediumTruck65345,N1_LRP425c,0.025266177744125498,MediumTruck
2747,MediumTruck65353,N2_LRP012c,0,MediumTruck
2748,SmallTruck65355,N2_LRP118e,0,SmallTruck
2749,SmallTruck65355,N2_LRP118g,0,SmallTruck
2750,MiniBus65361,N1_LRP426e,0,MiniBus
2751,MiniBus65361,N1_LRP426d,0,MiniBus
2752,MiniBus65361,N1_LRP426c,0,MiniBus
2753,MiniBus65361,N1_LRP426b,0,MiniBus
2754,MiniBus65361,N1_LRP426a,0,MiniBus
2755,LargeBus65366,N1_LRP112a,0,LargeBus
2756,MediumTruck65367,N104_LRP017b,0,MediumTruck
2757,SmallTruck65372,N2_LRP117b,0,SmallTruck
2758,SmallTruck65372,N2_LRP117a,0.20120516975290154,SmallTruck
2759,SmallTruck65373,N2_LRP163d,0,SmallTruck
2760,SmallTruck65373,N2_LRP163c,0,SmallTruck
2761,SmallTruck65373,N2_LRP163b,0,SmallTruck
2762,SmallTruck65373,N2_LRP163a,0,SmallTruck
2763,MediumTruck65377,N1_LRP432a,0,MediumTruck
2764,MediumTruck65385,N105_LRP020c,0,MediumTruck
2765,LargeBus65388,N2_LRP175c,0,LargeBus
2766,MediumTruck65389,N2_LRP219a,0,MediumTruck
2767,MiniBus65393,N1_LRP433c,0,MiniBus
2768,MiniBus65393,N1_LRP433b,0.7227224241808015,MiniBus
2769,LargeBus65395,N2_LRP261a,0,LargeBus
2770,LargeBus65396,N1_LRP109a,0,LargeBus
2771,MediumTruck65397,N102_LRP058a,0,MediumTruck
2772,MediumTruck65401,N105_LRP024c,0,MediumTruck
2773,MediumTruck65404,N2_LRP125a,0,MediumTruck
2774,MediumTruck65404,N2_LRP124c,0,MediumTruck
2775,MiniBus65405,N2_LRP170e,0,MiniBus
2776,MiniBus65405,N2_LRP170c,0,MiniBus
2777,MiniBus65406,N208_LRP027b,0,MiniBus
2778,MiniBus65406,N208_LRP027d,0,MiniBus
2779,MediumTruck65409,N1_LRP439a,0,MediumTruck
2780,MediumTruck65413,N102_LRP062c,0,MediumTruck
2781,MediumTruck65413,N102_LRP062b,0,MediumTruck
2782,MiniBus65418,N2_LRP096c,0,MiniBus
2783,MiniBus65418,N2_LRP096a,0,MiniBus
2784,HeavyTruck65420,N2_LRP129b,0,HeavyTruck
2785,HeavyTruck65420,N2_LRP129a,0,HeavyTruck
2786,HeavyTruck65420,N2_LRP128b,0,HeavyTruck
2787,MediumTruck65425,N1_LRP443d,0,MediumTruck
2788,MediumTruck65425,N1_LRP443c,0,MediumTruck
2789,MediumTruck65432,N1_LRP027a,0,MediumTruck
2790,MediumTruck65436,N2_LRP132c,0,MediumTruck
2791,LargeBus65437,N2_LRP177a,0,LargeBus
2792,LargeBus65437,N2_LRP176e,0,LargeBus
2793,LargeBus65437,N2_LRP176d,0,LargeBus
2794,LargeBus65437,N2_LRP176c,0,LargeBus
2795,LargeBus65437,N2_LRP176b,0,LargeBus
2796,MediumTruck65441,N1_LRP447c,0,MediumTruck
2797,SmallTruck65443,N2_LRP276a,0,SmallTruck
2798,MediumTruck65454,N208_LRP011b,0,MediumTruck
2799,MediumTruck65457,N1_LRP451b,0,MediumTruck
2800,MediumTruck65457,N1_LRP450e,0.4584648811010218,MediumTruck
2801,MediumTruck65473,N1_LRP455a,0,MediumTruck
2802,SmallTruck65475,N2_LRP284b,0,SmallTruck
2803,SmallTruck65482,N2_LRP121a,0,SmallTruck
2804,SmallTruck65485,N2_LRP188a,0,SmallTruck
2805,SmallTruck65485,N2_LRP187b,0,SmallTruck
2806,SmallTruck65281,N1_LRP412d,0,SmallTruck
2807,SmallTruck65281,N1_LRP412b,0,SmallTruck
2808,MediumTruck65282,N2_LRP052a,0,MediumTruck
2809,MediumTruck65297,N1_LRP415c,2.5183147943530964,MediumTruck
2810,LargeBus65298,N2_LRP052a,0,LargeBus
2811,SmallTruck65301,N102_LRP033c,0,SmallTruck
2812,LargeBus65308,N2_LRP097a,0,LargeBus
2813,MiniBus65311,N2_LRP178b,0,MiniBus
2814,MiniBus65311,N2_LRP178a,0,MiniBus
2815,LargeBus65313,N1_LRP417b,0,LargeBus
2816,LargeBus65313,N1_LRP416e,0,LargeBus
2817,LargeBus65313,N1_LRP416d,0,LargeBus
2818,MediumTruck65314,N2_LRP044c,0,MediumTruck
2819,SmallTruck65317,N102_LRP037c,0,SmallTruck
2820,MediumTruck65321,N2_LRP021a,0,MediumTruck
2821,SmallTruck65323,N2_LRP106b,0,SmallTruck
2822,SmallTruck65323,N2_LRP106a,0,SmallTruck
2823,MediumTruck65325,N2_LRP152c,0,MediumTruck
2824,MediumTruck65325,N2_LRP152b,0,MediumTruck
2825,MediumTruck65325,N2_LRP152a,0,MediumTruck
2826,MediumTruck65325,N2_LRP151b,0,MediumTruck
2827,SmallTruck65329,N1_LRP422b,0,SmallTruck
2828,SmallTruck65329,N1_LRP421f,0,SmallTruck
2829,SmallTruck65331,N2_LRP246c,0,SmallTruck
2830,MediumTruck65334,N1_LRP107a,0,MediumTruck
2831,MediumTruck65336,N2_LRP040a,0,MediumTruck
2832,MediumTruck65336,N2_LRP040b,0,MediumTruck
2833,MediumTruck65341,N2_LRP155a,0,MediumTruck
2834,MediumTruck65345,N1_LRP425b,0,MediumTruck
2835,MediumTruck65345,N1_LRP425a,0,MediumTruck
2836,MediumTruck65348,N102_LRP036b,0,MediumTruck
2837,MediumTruck65348,N102_LRP036d,0,MediumTruck
2838,MediumTruck65349,N102_LRP045a,0,MediumTruck
2839,MediumTruck65353,N2_LRP012f,0,MediumTruck
2840,SmallTruck65355,N2_LRP119c,0,SmallTruck
2841,SmallTruck65355,N2_LRP120a,0,SmallTruck
2842,MediumTruck65360,N1_LRP033a,0,MediumTruck
2843,MediumTruck65360,N1_LRP033b,0,MediumTruck
2844,MiniBus65361,N1_LRP425e,0,MiniBus
2845,MiniBus65361,N1_LRP425c,2.25187643953547,MiniBus
2846,SmallTruck65373,N2_LRP162e,0,SmallTruck
2847,SmallTruck65373,N2_LRP162d,0,SmallTruck
2848,SmallTruck65373,N2_LRP162c,0,SmallTruck
2849,MediumTruck65377,N1_LRP431d,0.08292608620836865,MediumTruck
2850,MediumTruck65379,N2_LRP258a,0,MediumTruck
2851,MediumTruck65382,N1_LRP119a,0,MediumTruck
2852,LargeBus65388,N2_LRP175d,0,LargeBus
2853,LargeBus65388,N2_LRP175e,0,LargeBus
2854,LargeBus65388,N2_LRP175f,0,LargeBus
2855,LargeBus65388,N2_LRP176b,0,LargeBus
2856,LargeBus65388,N2_LRP176c,0,LargeBus
2857,MiniBus65390,N208_LRP031d,0,MiniBus
2858,MiniBus65393,N1_LRP432b,0,MiniBus
2859,HeavyTruck65400,N105_LRP024c,0,HeavyTruck
2860,MediumTruck65404,N2_LRP123e,0,MediumTruck
2861,MediumTruck65404,N2_LRP123d,0,MediumTruck
2862,MiniBus65405,N2_LRP170b,0,MiniBus
2863,MiniBus65405,N2_LRP170a,0,MiniBus
2864,MiniBus65405,N2_LRP169f,0,MiniBus
2865,MiniBus65405,N2_LRP169e,0,MiniBus
2866,MiniBus65405,N2_LRP169d,0,MiniBus
2867,MiniBus65405,N2_LRP169c,0,MiniBus
2868,MiniBus65406,N208_LRP027f,0,MiniBus
2869,LargeBus65408,N1_LRP023a,0,LargeBus
2870,MediumTruck65410,N2_LRP021a,0,MediumTruck
2871,LargeBus65411,N2_LRP264a,0,LargeBus
2872,HeavyTruck65415,N104_LRP028a,0,HeavyTruck
2873,MiniBus65418,N2_LRP095a,0,MiniBus
2874,HeavyTruck65420,N2_LRP128a,0,HeavyTruck
2875,HeavyTruck65420,N2_LRP127c,0,HeavyTruck
2876,MediumTruck65429,N102_LRP065a,0,MediumTruck
2877,MediumTruck65433,N105_LRP032c,0,MediumTruck
2878,MediumTruck65433,N105_LRP032b,0,MediumTruck
2879,MediumTruck65436,N2_LRP132b,0,MediumTruck
2880,MediumTruck65436,N2_LRP132a,0,MediumTruck
2881,LargeBus65437,N2_LRP175f,0,LargeBus
2882,LargeBus65437,N2_LRP175e,0,LargeBus
2883,LargeBus65437,N2_LRP175d,0,LargeBus
2884,LargeBus65437,N2_LRP175c,0,LargeBus
2885,MediumTruck65440,N1_LRP012a,0,MediumTruck
2886,MediumTruck65440,N1_LRP012b,0,MediumTruck
2887,MediumTruck65441,N1_LRP447b,0,MediumTruck
2888,MediumTruck65441,N1_LRP447a,0,MediumTruck
2889,MediumTruck65441,N1_LRP446d,0,MediumTruck
2890,MediumTruck65441,N1_LRP446b,0,MediumTruck
2891,MediumTruck65446,N1_LRP136a,0,MediumTruck
2892,MediumTruck65457,N1_LRP450c,0,MediumTruck
2893,MediumTruck65465,N105_LRP041c,0,MediumTruck
2894,SmallTruck65468,N207_LRP008c,0,SmallTruck
2895,SmallTruck65475,N2_LRP283b,0,SmallTruck
2896,SmallTruck65482,N2_LRP121c,0,SmallTruck
2897,SmallTruck65486,N208_LRP004c,0,SmallTruck
2898,LargeBus65487,N2_LRP224b,0,LargeBus
2899,MediumTruck65492,N1_LRP083a,0,MediumTruck
2900,MiniBus65494,N104_LRPSa,0,MiniBus
2901,MiniBus65503,N2_LRP228b,0,MiniBus
2902,SmallTruck65281,N1_LRP412a,0,SmallTruck
2903,SmallTruck65281,N1_LRP411b,0,SmallTruck
2904,MediumTruck65282,N2_LRP053a,0,MediumTruck
2905,MediumTruck65285,N102_LRP028c,0,MediumTruck
2906,LargeBus65293,N2_LRP140a,0.17021344603926128,LargeBus
2907,LargeBus65298,N2_LRP053a,0,LargeBus
2908,LargeBus65298,N2_LRP054a,0,LargeBus
2909,LargeBus65300,N1_LRP027a,0,LargeBus
2910,LargeBus65300,N1_LRP026b,0,LargeBus
2911,SmallTruck65303,N1_LRP143a,0,SmallTruck
2912,LargeBus65308,N2_LRP096c,0,LargeBus
2913,LargeBus65308,N2_LRP096a,0,LargeBus
2914,LargeBus65313,N1_LRP415c,2.119959192321432,LargeBus
2915,MediumTruck65314,N2_LRP045b,0,MediumTruck
2916,LargeBus65315,N2_LRP236c,0,LargeBus
2917,SmallTruck65316,N1_LRP036c,0,SmallTruck
2918,SmallTruck65317,N102_LRP036d,0,SmallTruck
2919,SmallTruck65317,N102_LRP036b,0,SmallTruck
2920,MediumTruck65321,N2_LRP021b,0,MediumTruck
2921,MediumTruck65325,N2_LRP151a,0,MediumTruck
2922,MediumTruck65326,N208_LRP046b,0,MediumTruck
2923,SmallTruck65327,N208_LRP011b,0,SmallTruck
2924,SmallTruck65329,N1_LRP421d,0,SmallTruck
2925,MediumTruck65336,N2_LRP041b,0,MediumTruck
2926,MediumTruck65341,N2_LRP154c,0,MediumTruck
2927,MediumTruck65345,N1_LRP424e,0,MediumTruck
2928,MediumTruck65345,N1_LRP424c,0,MediumTruck
2929,MediumTruck65345,N1_LRP424b,0,MediumTruck
2930,MediumTruck65345,N1_LRP424a,0.35367023832642025,MediumTruck
2931,SmallTruck65346,N2_LRP038c,0,SmallTruck
2932,SmallTruck65347,N2_LRP249a,0,SmallTruck
2933,MediumTruck65348,N102_LRP037c,0,MediumTruck
2934,MediumTruck65348,N102_LRP037d,0,MediumTruck
2935,MediumTruck65360,N1_LRP034a,0,MediumTruck
2936,HeavyTruck65364,N102_LRP033c,0,HeavyTruck
2937,LargeBus65366,N1_LRP111a,0,LargeBus
2938,SmallTruck65373,N2_LRP162a,0.5066617363757505,SmallTruck
2939,MediumTruck65374,N208_LRP034c,0,MediumTruck
2940,MediumTruck65374,N208_LRP034d,0,MediumTruck
2941,LargeBus65376,N1_LRP033a,0,LargeBus
2942,MediumTruck65382,N1_LRP118d,0,MediumTruck
2943,LargeBus65388,N2_LRP176d,0,LargeBus
2944,LargeBus65388,N2_LRP176e,0,LargeBus
2945,LargeBus65388,N2_LRP177a,0,LargeBus
2946,MediumTruck65389,N2_LRP221b,0,MediumTruck
2947,MiniBus65393,N1_LRP432a,0,MiniBus
2948,MiniBus65393,N1_LRP431d,0.06741319497207471,MiniBus
2949,LargeBus65398,N104_LRP028a,0,LargeBus
2950,MediumTruck65401,N105_LRP023c,0,MediumTruck
2951,MediumTruck65402,N2_LRP093a,0,MediumTruck
2952,MediumTruck65404,N2_LRP123c,0,MediumTruck
2953,MiniBus65405,N2_LRP169b,0,MiniBus
2954,MiniBus65405,N2_LRP168c,0,MiniBus
2955,MiniBus65406,N208_LRP028d,0,MiniBus
2956,MediumTruck65409,N1_LRP438c,0,MediumTruck
2957,MediumTruck65409,N1_LRP438b,0,MediumTruck
2958,MediumTruck65409,N1_LRP438a,0,MediumTruck
2959,MediumTruck65410,N2_LRP021b,0,MediumTruck
2960,SmallTruck65416,N2_LRP021a,0,SmallTruck
2961,SmallTruck65417,N105_LRP027c,0,SmallTruck
2962,HeavyTruck65420,N2_LRP127b,0,HeavyTruck
2963,MediumTruck65421,N2_LRP172d,0,MediumTruck
2964,MediumTruck65421,N2_LRP172c,0,MediumTruck
2965,LargeBus65422,N208_LRP024d,0,LargeBus
2966,MediumTruck65425,N1_LRP441a,0,MediumTruck
2967,MediumTruck65426,N1_LRP026a,0,MediumTruck
2968,SmallTruck65428,N102_LRP017a,0,SmallTruck
2969,LargeBus65434,N2_LRP098b,0.2251663387780035,LargeBus
2970,MediumTruck65435,N204_LRP020b,0,MediumTruck
2971,MediumTruck65440,N1_LRP014a,0,MediumTruck
2972,SmallTruck65443,N2_LRP274e,0,SmallTruck
2973,MiniBus65453,N2_LRP206b,0,MiniBus
2974,MediumTruck65457,N1_LRP450a,0,MediumTruck
2975,MediumTruck65465,N105_LRP040c,0,MediumTruck
2976,MediumTruck65472,N1_LRP004b,0,MediumTruck
2977,SmallTruck65479,N104_LRP044d,0,SmallTruck
2978,SmallTruck65482,N2_LRP122b,0,SmallTruck
2979,SmallTruck65485,N2_LRP186d,0,SmallTruck
2980,SmallTruck65485,N2_LRP186c,0,SmallTruck
2981,MediumTruck65492,N1_LRP083b,0,MediumTruck
2982,MediumTruck65493,N102_LRP082a,0,MediumTruck
2983,MediumTruck65498,N2_LRP118a,0,MediumTruck
2984,MediumTruck65498,N2_LRP118b,0,MediumTruck
2985,MediumTruck65498,N2_LRP118e,0,MediumTruck
2986,MiniBus65500,N2_LRP146a,0,MiniBus
2987,SmallTruck65281,N1_LRP411a,0,SmallTruck
2988,MediumTruck65282,N2_LRP054a,0,MediumTruck
2989,MediumTruck65284,N102_LRP055c,0,MediumTruck
2990,MediumTruck65294,N208_LRP055a,0,MediumTruck
2991,MiniBus65295,N2_LRP172d,0,MiniBus
2992,MiniBus65295,N2_LRP172c,0,MiniBus
2993,LargeBus65298,N2_LRP054b,0,LargeBus
2994,LargeBus65299,N2_LRP231d,0,LargeBus
2995,LargeBus65299,N2_LRP231c,0,LargeBus
2996,LargeBus65300,N1_LRP026a,0,LargeBus
2997,LargeBus65308,N2_LRP095a,0,LargeBus
2998,MiniBus65311,N2_LRP177a,0,MiniBus
2999,MiniBus65311,N2_LRP176e,0,MiniBus
3000,MiniBus65311,N2_LRP176d,0,MiniBus
3001,MiniBus65311,N2_LRP176c,0,MiniBus
3002,MiniBus65311,N2_LRP176b,0,MiniBus
3003,MediumTruck65312,N2_LRP038c,0,MediumTruck
3004,MediumTruck65312,N2_LRP039a,0,MediumTruck
3005,LargeBus65315,N2_LRP236a,0,LargeBus
3006,SmallTruck65316,N1_LRP035a,0,SmallTruck
3007,SmallTruck65323,N2_LRP104a,0,SmallTruck
3008,LargeBus65328,N2_LRP038c,0,LargeBus
3009,LargeBus65328,N2_LRP039a,0,LargeBus
3010,SmallTruck65329,N1_LRP420e,0,SmallTruck
3011,SmallTruck65329,N1_LRP420d,0,SmallTruck
3012,MediumTruck65334,N1_LRP105a,0,MediumTruck
3013,MediumTruck65336,N2_LRP042a,0,MediumTruck
3014,MediumTruck65337,N2_LRP018a,0,MediumTruck
3015,MediumTruck65341,N2_LRP153b,0,MediumTruck
3016,MiniBus65343,N2_LRP274e,0,MiniBus
3017,SmallTruck65346,N2_LRP039a,0,SmallTruck
3018,MediumTruck65348,N102_LRP038b,0,MediumTruck
3019,MediumTruck65348,N102_LRP038d,0,MediumTruck
3020,SmallTruck65355,N2_LRP121a,0,SmallTruck
3021,SmallTruck65355,N2_LRP121c,0,SmallTruck
3022,LargeBus65363,N2_LRP249a,0,LargeBus
3023,HeavyTruck65364,N102_LRP034b,0,HeavyTruck
3024,SmallTruck65373,N2_LRP161c,0,SmallTruck
3025,SmallTruck65373,N2_LRP161b,0,SmallTruck
3026,LargeBus65376,N1_LRP033b,0,LargeBus
3027,LargeBus65376,N1_LRP034a,0,LargeBus
3028,MediumTruck65377,N1_LRP431b,0,MediumTruck
3029,MediumTruck65377,N1_LRP431a,0,MediumTruck
3030,MediumTruck65377,N1_LRP430c,0,MediumTruck
3031,MediumTruck65384,N2_LRP029b,0,MediumTruck
3032,MediumTruck65391,N2_LRP200c,0,MediumTruck
3033,MediumTruck65392,N1_LRP026a,0,MediumTruck
3034,MediumTruck65392,N1_LRP026b,0,MediumTruck
3035,LargeBus65394,N2_LRP029b,0,LargeBus
3036,LargeBus65395,N2_LRP258a,0,LargeBus
3037,LargeBus65396,N1_LRP111a,0,LargeBus
3038,MediumTruck65401,N105_LRP022c,0,MediumTruck
3039,MediumTruck65404,N2_LRP122b,0,MediumTruck
3040,MiniBus65405,N2_LRP168a,0,MiniBus
3041,MiniBus65405,N2_LRP167c,0,MiniBus
3042,MiniBus65406,N208_LRP029c,0,MiniBus
3043,MediumTruck65409,N1_LRP437b,0,MediumTruck
3044,MediumTruck65409,N1_LRP437a,0,MediumTruck
3045,MediumTruck65412,N102_LRP022a,0,MediumTruck
3046,SmallTruck65416,N2_LRP021b,0,SmallTruck
3047,HeavyTruck65420,N2_LRP126d,0,HeavyTruck
3048,HeavyTruck65420,N2_LRP126c,0,HeavyTruck
3049,HeavyTruck65420,N2_LRP126b,0,HeavyTruck
3050,MediumTruck65421,N2_LRP171f,0.33785075494443045,MediumTruck
3051,MediumTruck65426,N1_LRP026b,0,MediumTruck
3052,MediumTruck65426,N1_LRP027a,0,MediumTruck
3053,MediumTruck65432,N1_LRP030a,0,MediumTruck
3054,MediumTruck65433,N105_LRP030c,0,MediumTruck
3055,MediumTruck65436,N2_LRP130c,0,MediumTruck
3056,MediumTruck65436,N2_LRP130b,0,MediumTruck
3057,SmallTruck65439,N2_LRP211c,0,SmallTruck
3058,MediumTruck65441,N1_LRP445d,0,MediumTruck
3059,MediumTruck65441,N1_LRP445b,0,MediumTruck
3060,MiniBus65442,N2_LRP016a,0,MiniBus
3061,HeavyTruck65444,N1_LRP068a,0,HeavyTruck
3062,MediumTruck65446,N1_LRP134a,0,MediumTruck
3063,SmallTruck65449,N105_LRP035d,0,SmallTruck
3064,MiniBus65453,N2_LRP207b,0,MiniBus
3065,MediumTruck65457,N1_LRP449d,0,MediumTruck
3066,MediumTruck65457,N1_LRP449c,0,MediumTruck
3067,MediumTruck65465,N105_LRP039b,0,MediumTruck
3068,MiniBus65471,N208_LRP046b,0,MiniBus
3069,MediumTruck65473,N1_LRP452e,0,MediumTruck
3070,MediumTruck65473,N1_LRP452d,0,MediumTruck
3071,SmallTruck65482,N2_LRP123c,0,SmallTruck
3072,SmallTruck65485,N2_LRP186b,0.664398336218467,SmallTruck
3073,MediumTruck65488,N1_LRP001a,0,MediumTruck
3074,MediumTruck65489,N1_LRP456c,0,MediumTruck
3075,HeavyTruck65491,N2_LRP285c,0,HeavyTruck
3076,MediumTruck65498,N2_LRP118g,0,MediumTruck
3077,MiniBus65503,N2_LRP226d,0,MiniBus
3078,MiniBus65503,N2_LRP226c,0,MiniBus
3079,SmallTruck65281,N1_LRP410c,0.11529845415749261,SmallTruck
3080,MediumTruck65282,N2_LRP054b,0,MediumTruck
3081,MediumTruck65283,N2_LRP231d,0,MediumTruck
3082,MediumTruck65283,N2_LRP231c,0,MediumTruck
3083,LargeBus65293,N2_LRP139b,0,LargeBus
3084,LargeBus65293,N2_LRP139a,0,LargeBus
3085,MiniBus65295,N2_LRP171f,1.3378507549444305,MiniBus
3086,LargeBus65298,N2_LRP055b,0,LargeBus
3087,LargeBus65299,N2_LRP230e,0,LargeBus
3088,SmallTruck65303,N1_LRP142a,0,SmallTruck
3089,MiniBus65311,N2_LRP175f,0,MiniBus
3090,MiniBus65311,N2_LRP175e,0,MiniBus
3091,MiniBus65311,N2_LRP175d,0,MiniBus
3092,MiniBus65311,N2_LRP175c,0,MiniBus
3093,MediumTruck65312,N2_LRP039c,0,MediumTruck
3094,MediumTruck65314,N2_LRP046c,0,MediumTruck
3095,MediumTruck65314,N2_LRP047a,0,MediumTruck
3096,MediumTruck65314,N2_LRP047c,0,MediumTruck
3097,LargeBus65315,N2_LRP235a,0,LargeBus
3098,LargeBus65328,N2_LRP039c,0,LargeBus
3099,SmallTruck65329,N1_LRP420c,0,SmallTruck
3100,SmallTruck65329,N1_LRP420a,0,SmallTruck
3101,SmallTruck65331,N2_LRP243b,0,SmallTruck
3102,MediumTruck65333,N102_LRP038d,0,MediumTruck
3103,MediumTruck65336,N2_LRP043a,0.26227890701855733,MediumTruck
3104,MediumTruck65341,N2_LRP153a,0,MediumTruck
3105,MediumTruck65341,N2_LRP152d,0,MediumTruck
3106,MiniBus65343,N2_LRP276a,0,MiniBus
3107,MediumTruck65345,N1_LRP423d,0,MediumTruck
3108,MediumTruck65345,N1_LRP423c,0,MediumTruck
3109,MediumTruck65345,N1_LRP423b,0.5751089995374739,MediumTruck
3110,SmallTruck65346,N2_LRP039c,0,SmallTruck
3111,SmallTruck65346,N2_LRP040a,0,SmallTruck
3112,SmallTruck65347,N2_LRP248a,0,SmallTruck
3113,MediumTruck65351,N104_LRP010a,0,MediumTruck
3114,HeavyTruck65352,N1_LRP051a,0,HeavyTruck
3115,SmallTruck65355,N2_LRP122b,0,SmallTruck
3116,MediumTruck65360,N1_LRP035a,0,MediumTruck
3117,MiniBus65361,N1_LRP425b,0,MiniBus
3118,MiniBus65361,N1_LRP425a,0,MiniBus
3119,MediumTruck65362,N2_LRP035b,0,MediumTruck
3120,LargeBus65363,N2_LRP248a,0,LargeBus
3121,LargeBus65366,N1_LRP109a,0,LargeBus
3122,SmallTruck65373,N2_LRP161a,0,SmallTruck
3123,MediumTruck65377,N1_LRP430b,0,MediumTruck
3124,MediumTruck65377,N1_LRP430a,0,MediumTruck
3125,MediumTruck65377,N1_LRP429f,0,MediumTruck
3126,MediumTruck65380,N1_LRP051a,0,MediumTruck
3127,MediumTruck65385,N105_LRP017c,0,MediumTruck
3128,MediumTruck65387,N204_LRP003b,0,MediumTruck
3129,LargeBus65388,N2_LRP178a,0,LargeBus
3130,LargeBus65388,N2_LRP178b,0,LargeBus
3131,LargeBus65388,N2_LRP179a,0,LargeBus
3132,MiniBus65390,N208_LRP034c,0,MiniBus
3133,MiniBus65390,N208_LRP034d,0,MiniBus
3134,MediumTruck65391,N2_LRP199d,0,MediumTruck
3135,MediumTruck65392,N1_LRP027a,0,MediumTruck
3136,MiniBus65393,N1_LRP431b,0,MiniBus
3137,MiniBus65393,N1_LRP431a,0,MiniBus
3138,MiniBus65393,N1_LRP430c,0,MiniBus
3139,LargeBus65396,N1_LRP112a,0,LargeBus
3140,MediumTruck65397,N102_LRP055c,0,MediumTruck
3141,HeavyTruck65400,N105_LRP027c,0,HeavyTruck
3142,MediumTruck65401,N105_LRP021d,0,MediumTruck
3143,MediumTruck65402,N2_LRP092b,0,MediumTruck
3144,MediumTruck65402,N2_LRP092a,0,MediumTruck
3145,MediumTruck65402,N2_LRP091b,0,MediumTruck
3146,MediumTruck65404,N2_LRP121c,0,MediumTruck
3147,MiniBus65405,N2_LRP167b,0,MiniBus
3148,MiniBus65405,N2_LRP166e,0,MiniBus
3149,MiniBus65406,N208_LRP031b,0,MiniBus
3150,LargeBus65407,N2_LRP200c,0,LargeBus
3151,MediumTruck65409,N1_LRP436a,0,MediumTruck
3152,LargeBus65411,N2_LRP262a,0,LargeBus
3153,LargeBus65411,N2_LRP261b,0,LargeBus
3154,MiniBus65418,N2_LRP093a,0,MiniBus
3155,HeavyTruck65420,N2_LRP126a,0,HeavyTruck
3156,HeavyTruck65420,N2_LRP125d,0,HeavyTruck
3157,HeavyTruck65420,N2_LRP125c,0,HeavyTruck
3158,HeavyTruck65420,N2_LRP125b,0,HeavyTruck
3159,MediumTruck65421,N2_LRP171e,0,MediumTruck
3160,MediumTruck65425,N1_LRP440a,0,MediumTruck
3161,SmallTruck65428,N102_LRP019a,0,SmallTruck
3162,SmallTruck65428,N102_LRP019b,0,SmallTruck
3163,LargeBus65431,N104_LRP028a,0,LargeBus
3164,LargeBus65434,N2_LRP097a,0,LargeBus
3165,MediumTruck65436,N2_LRP130a,0,MediumTruck
3166,MediumTruck65436,N2_LRP129c,0,MediumTruck
3167,SmallTruck65439,N2_LRP211b,0,SmallTruck
3168,MediumTruck65441,N1_LRP444e,0,MediumTruck
3169,MediumTruck65441,N1_LRP444d,0,MediumTruck
3170,MediumTruck65441,N1_LRP444c,0,MediumTruck
3171,MediumTruck65441,N1_LRP444b,0,MediumTruck
3172,MediumTruck65441,N1_LRP444a,0,MediumTruck
3173,MediumTruck65456,N1_LRP010b,0,MediumTruck
3174,MediumTruck65456,N1_LRP010c,0,MediumTruck
3175,MediumTruck65456,N1_LRP011a,0,MediumTruck
3176,MediumTruck65457,N1_LRP448a,0,MediumTruck
3177,MediumTruck65462,N1_LRP137a,0,MediumTruck
3178,MiniBus65470,N208_LRP011b,0,MiniBus
3179,MediumTruck65473,N1_LRP452c,0,MediumTruck
3180,MediumTruck65473,N1_LRP452a,0,MediumTruck
3181,MediumTruck65473,N1_LRP451e,0,MediumTruck
3182,MediumTruck65481,N105_LRP042b,0,MediumTruck
3183,SmallTruck65482,N2_LRP123d,0,SmallTruck
3184,SmallTruck65482,N2_LRP123e,0,SmallTruck
3185,MediumTruck65489,N1_LRP456a,0,MediumTruck
3186,HeavyTruck65491,N2_LRP285a,0,HeavyTruck
3187,HeavyTruck65491,N2_LRP284c,0,HeavyTruck
3188,MediumTruck65498,N2_LRP119c,0,MediumTruck
3189,MediumTruck65498,N2_LRP120a,0,MediumTruck
3190,MiniBus65503,N2_LRP225c,0.014979691668486648,MiniBus
3191,SmallTruck65281,N1_LRP410b,0,SmallTruck
3192,MediumTruck65282,N2_LRP055b,0,MediumTruck
3193,MediumTruck65282,N2_LRP056a,0,MediumTruck
3194,MediumTruck65283,N2_LRP230e,0,MediumTruck
3195,MediumTruck65289,N1_LRP020a,0,MediumTruck
3196,LargeBus65293,N2_LRP138b,0,LargeBus
3197,LargeBus65293,N2_LRP138a,0,LargeBus
3198,MediumTruck65297,N1_LRP414a,0,MediumTruck
3199,LargeBus65298,N2_LRP056a,0,LargeBus
3200,LargeBus65299,N2_LRP230c,0,LargeBus
3201,SmallTruck65301,N102_LRP029d,0,SmallTruck
3202,SmallTruck65304,N1_LRP064c,0,SmallTruck
3203,MediumTruck65312,N2_LRP040a,0,MediumTruck
3204,MediumTruck65312,N2_LRP040b,0,MediumTruck
3205,MediumTruck65314,N2_LRP048a,0,MediumTruck
3206,SmallTruck65316,N1_LRP034a,0,SmallTruck
3207,SmallTruck65317,N102_LRP034b,0,SmallTruck
3208,MediumTruck65321,N2_LRP024b,0,MediumTruck
3209,SmallTruck65323,N2_LRP103c,0,SmallTruck
3210,LargeBus65328,N2_LRP040a,0,LargeBus
3211,LargeBus65328,N2_LRP040b,0,LargeBus
3212,SmallTruck65329,N1_LRP418b,0,SmallTruck
3213,SmallTruck65331,N2_LRP243a,0,SmallTruck
3214,MediumTruck65333,N102_LRP038b,0,MediumTruck
3215,MediumTruck65333,N102_LRP037d,0,MediumTruck
3216,MediumTruck65341,N2_LRP152c,0,MediumTruck
3217,MediumTruck65341,N2_LRP152b,0,MediumTruck
3218,MediumTruck65341,N2_LRP152a,0,MediumTruck
3219,MediumTruck65341,N2_LRP151b,0,MediumTruck
3220,SmallTruck65346,N2_LRP040b,0,SmallTruck
3221,MediumTruck65353,N2_LRP016a,0,MediumTruck
3222,SmallTruck65355,N2_LRP123c,0,SmallTruck
3223,MediumTruck65360,N1_LRP036c,0,MediumTruck
3224,MiniBus65361,N1_LRP424e,0,MiniBus
3225,MiniBus65361,N1_LRP424c,0,MiniBus
3226,MiniBus65361,N1_LRP424b,0,MiniBus
3227,MiniBus65361,N1_LRP424a,0.07860882059035137,MiniBus
3228,SmallTruck65373,N2_LRP160a,0,SmallTruck
3229,SmallTruck65373,N2_LRP159d,0,SmallTruck
3230,LargeBus65376,N1_LRP035a,0,LargeBus
3231,MediumTruck65377,N1_LRP429c,0,MediumTruck
3232,MediumTruck65377,N1_LRP429b,0,MediumTruck
3233,MediumTruck65377,N1_LRP429a,0,MediumTruck
3234,SmallTruck65383,N104_LRP017b,0,SmallTruck
3235,LargeBus65388,N2_LRP180a,0,LargeBus
3236,MiniBus65393,N1_LRP430b,0,MiniBus
3237,MiniBus65393,N1_LRP430a,0,MiniBus
3238,MiniBus65393,N1_LRP429f,0,MiniBus
3239,MediumTruck65401,N105_LRP020c,0,MediumTruck
3240,MediumTruck65404,N2_LRP121a,0,MediumTruck
3241,MiniBus65405,N2_LRP166d,0,MiniBus
3242,LargeBus65407,N2_LRP199d,0,LargeBus
3243,LargeBus65408,N1_LRP026a,0,LargeBus
3244,LargeBus65408,N1_LRP026b,0,LargeBus
3245,MediumTruck65409,N1_LRP435c,0,MediumTruck
3246,MediumTruck65410,N2_LRP024b,0,MediumTruck
3247,LargeBus65411,N2_LRP261a,0,LargeBus
3248,MediumTruck65413,N102_LRP058a,0,MediumTruck
3249,SmallTruck65417,N105_LRP024c,0,SmallTruck
3250,MiniBus65418,N2_LRP092b,0,MiniBus
3251,MiniBus65418,N2_LRP092a,0,MiniBus
3252,HeavyTruck65420,N2_LRP125a,0,HeavyTruck
3253,HeavyTruck65420,N2_LRP124c,0,HeavyTruck
3254,MediumTruck65421,N2_LRP171d,0,MediumTruck
3255,MediumTruck65421,N2_LRP170j,0,MediumTruck
3256,MediumTruck65421,N2_LRP170i,0,MediumTruck
3257,MediumTruck65421,N2_LRP170h,0,MediumTruck
3258,MediumTruck65421,N2_LRP170g,0,MediumTruck
3259,MediumTruck65421,N2_LRP170f,0.09158701564605805,MediumTruck
3260,LargeBus65422,N208_LRP027b,0,LargeBus
3261,LargeBus65422,N208_LRP027d,0,LargeBus
3262,SmallTruck65423,N208_LRP034d,0,SmallTruck
3263,SmallTruck65423,N208_LRP034c,0,SmallTruck
3264,MediumTruck65425,N1_LRP439a,0,MediumTruck
3265,MediumTruck65429,N102_LRP062c,0,MediumTruck
3266,MediumTruck65429,N102_LRP062b,0,MediumTruck
3267,LargeBus65434,N2_LRP096c,0,LargeBus
3268,LargeBus65434,N2_LRP096a,0,LargeBus
3269,MediumTruck65436,N2_LRP129b,0,MediumTruck
3270,MediumTruck65436,N2_LRP129a,0,MediumTruck
3271,MediumTruck65436,N2_LRP128b,0,MediumTruck
3272,LargeBus65437,N2_LRP172d,0,LargeBus
3273,LargeBus65437,N2_LRP172c,0,LargeBus
3274,MediumTruck65441,N1_LRP443d,0,MediumTruck
3275,MediumTruck65441,N1_LRP443c,0,MediumTruck
3276,MiniBus65451,N204_LRP020b,0,MiniBus
3277,MediumTruck65457,N1_LRP447c,0,MediumTruck
3278,SmallTruck65459,N2_LRP276a,0,SmallTruck
3279,MediumTruck65473,N1_LRP451b,0,MediumTruck
3280,MediumTruck65473,N1_LRP450e,0.18506755922446358,MediumTruck
3281,SmallTruck65482,N2_LRP124c,0,SmallTruck
3282,LargeBus65487,N2_LRP221b,0,LargeBus
3283,MediumTruck65489,N1_LRP455a,0,MediumTruck
3284,HeavyTruck65491,N2_LRP284b,0,HeavyTruck
3285,MediumTruck65496,N105_LRP003a,0,MediumTruck
3286,MediumTruck65498,N2_LRP121a,0,MediumTruck
3287,SmallTruck65281,N1_LRP410a,0,SmallTruck
3288,MediumTruck65282,N2_LRP057a,0,MediumTruck
3289,MediumTruck65283,N2_LRP230c,0,MediumTruck
3290,MediumTruck65294,N2_LRP228b,0,MediumTruck
3291,MiniBus65295,N2_LRP171e,0,MiniBus
3292,LargeBus65298,N2_LRP057a,0,LargeBus
3293,LargeBus65298,N2_LRP057b,0,LargeBus
3294,LargeBus65299,N2_LRP229c,0,LargeBus
3295,LargeBus65299,N2_LRP229a,0.873998215500126,LargeBus
3296,LargeBus65308,N2_LRP093a,0,LargeBus
3297,MediumTruck65312,N2_LRP041b,0,MediumTruck
3298,LargeBus65313,N1_LRP414a,0,LargeBus
3299,MediumTruck65314,N2_LRP048b,0,MediumTruck
3300,SmallTruck65316,N1_LRP033b,0,SmallTruck
3301,SmallTruck65316,N1_LRP033a,0,SmallTruck
3302,SmallTruck65317,N102_LRP033c,0,SmallTruck
3303,MediumTruck65321,N2_LRP025a,0,MediumTruck
3304,MediumTruck65321,N2_LRP025b,0,MediumTruck
3305,SmallTruck65323,N2_LRP102a,0,SmallTruck
3306,MediumTruck65325,N2_LRP148b,0,MediumTruck
3307,LargeBus65328,N2_LRP041b,0,LargeBus
3308,SmallTruck65331,N2_LRP242a,0,SmallTruck
3309,HeavyTruck65332,N102_LRP045a,0,HeavyTruck
3310,MediumTruck65333,N102_LRP037c,0,MediumTruck
3311,MediumTruck65336,N2_LRP043d,0,MediumTruck
3312,MediumTruck65336,N2_LRP044a,0,MediumTruck
3313,MediumTruck65337,N2_LRP021a,0,MediumTruck
3314,MediumTruck65341,N2_LRP151a,0,MediumTruck
3315,MediumTruck65345,N1_LRP422b,0,MediumTruck
3316,MediumTruck65345,N1_LRP421f,0,MediumTruck
3317,SmallTruck65346,N2_LRP041b,0,SmallTruck
3318,SmallTruck65346,N2_LRP042a,0,SmallTruck
3319,SmallTruck65347,N2_LRP246c,0,SmallTruck
3320,SmallTruck65355,N2_LRP123d,0,SmallTruck
3321,SmallTruck65355,N2_LRP123e,0,SmallTruck
3322,MediumTruck65356,N2_LRP108a,0,MediumTruck
3323,LargeBus65363,N2_LRP246c,0,LargeBus
3324,HeavyTruck65364,N102_LRP036b,0,HeavyTruck
3325,HeavyTruck65364,N102_LRP036d,0,HeavyTruck
3326,MediumTruck65365,N102_LRP045a,0,MediumTruck
3327,LargeBus65366,N1_LRP107a,0,LargeBus
3328,SmallTruck65373,N2_LRP159c,0,SmallTruck
3329,SmallTruck65373,N2_LRP159b,0,SmallTruck
3330,LargeBus65376,N1_LRP036c,0,LargeBus
3331,MediumTruck65377,N1_LRP428d,0,MediumTruck
3332,MediumTruck65377,N1_LRP428c,0,MediumTruck
3333,MediumTruck65377,N1_LRP428b,0,MediumTruck
3334,MediumTruck65377,N1_LRP428a,0,MediumTruck
3335,LargeBus65388,N2_LRP180c,0,LargeBus
3336,MediumTruck65389,N2_LRP224b,0,MediumTruck
3337,MiniBus65393,N1_LRP429c,0,MiniBus
3338,MiniBus65393,N1_LRP429b,0,MiniBus
3339,MiniBus65393,N1_LRP429a,0,MiniBus
3340,MiniBus65393,N1_LRP428d,0,MiniBus
3341,MiniBus65393,N1_LRP428c,0,MiniBus
3342,MediumTruck65402,N2_LRP090a,0,MediumTruck
3343,MediumTruck65404,N2_LRP120a,0,MediumTruck
3344,MediumTruck65404,N2_LRP119c,0,MediumTruck
3345,MiniBus65405,N2_LRP165d,0,MiniBus
3346,MiniBus65405,N2_LRP165c,0,MiniBus
3347,MiniBus65406,N208_LRP031d,0,MiniBus
3348,LargeBus65408,N1_LRP027a,0,LargeBus
3349,MediumTruck65410,N2_LRP025a,0,MediumTruck
3350,MediumTruck65410,N2_LRP025b,0,MediumTruck
3351,MiniBus65418,N2_LRP091b,0,MiniBus
3352,HeavyTruck65420,N2_LRP123e,0,HeavyTruck
3353,HeavyTruck65420,N2_LRP123d,0,HeavyTruck
3354,MediumTruck65421,N2_LRP170e,0,MediumTruck
3355,MediumTruck65421,N2_LRP170c,0,MediumTruck
3356,LargeBus65422,N208_LRP027f,0,LargeBus
3357,MediumTruck65432,N1_LRP033a,0,MediumTruck
3358,MediumTruck65432,N1_LRP033b,0,MediumTruck
3359,LargeBus65434,N2_LRP095a,0,LargeBus
3360,MediumTruck65436,N2_LRP128a,0,MediumTruck
3361,MediumTruck65436,N2_LRP127c,0,MediumTruck
3362,LargeBus65437,N2_LRP171f,0.1102150435539833,LargeBus
3363,MiniBus65442,N2_LRP018a,0,MiniBus
3364,MediumTruck65445,N102_LRP065a,0,MediumTruck
3365,MediumTruck65446,N1_LRP131b,0,MediumTruck
3366,SmallTruck65449,N105_LRP032c,0,SmallTruck
3367,SmallTruck65449,N105_LRP032b,0,SmallTruck
3368,MediumTruck65456,N1_LRP012a,0,MediumTruck
3369,MediumTruck65456,N1_LRP012b,0,MediumTruck
3370,MediumTruck65457,N1_LRP447b,0,MediumTruck
3371,MediumTruck65457,N1_LRP447a,0,MediumTruck
3372,MediumTruck65457,N1_LRP446d,0,MediumTruck
3373,MediumTruck65457,N1_LRP446b,0,MediumTruck
3374,MediumTruck65462,N1_LRP136a,0,MediumTruck
3375,MediumTruck65473,N1_LRP450c,0,MediumTruck
3376,MediumTruck65481,N105_LRP041c,0,MediumTruck
3377,SmallTruck65482,N2_LRP125a,0,SmallTruck
3378,SmallTruck65482,N2_LRP125b,0,SmallTruck
3379,SmallTruck65482,N2_LRP125c,0,SmallTruck
3380,SmallTruck65482,N2_LRP125d,0,SmallTruck
3381,MediumTruck65484,N207_LRP008c,0,MediumTruck
3382,SmallTruck65485,N2_LRP184c,0,SmallTruck
3383,HeavyTruck65491,N2_LRP283b,0,HeavyTruck
3384,LargeBus65495,N104_LRP044d,0,LargeBus
3385,MediumTruck65498,N2_LRP121c,0,MediumTruck
3386,MiniBus65500,N2_LRP141b,0,MiniBus
3387,MiniBus65502,N208_LRP004c,0,MiniBus
3388,MiniBus65503,N2_LRP224b,0,MiniBus
3389,SmallTruck65510,N104_LRPSa,0,SmallTruck
3390,SmallTruck65519,N2_LRP228b,0,SmallTruck
3391,MiniBus65280,N1_LRP064c,0,MiniBus
3392,MediumTruck65282,N2_LRP057b,0,MediumTruck
3393,MediumTruck65283,N2_LRP229c,0,MediumTruck
3394,MediumTruck65284,N102_LRP058a,0,MediumTruck
3395,MiniBus65295,N2_LRP171d,0,MiniBus
3396,MiniBus65295,N2_LRP170j,0,MiniBus
3397,MiniBus65295,N2_LRP170i,0,MiniBus
3398,MiniBus65295,N2_LRP170h,0,MiniBus
3399,MiniBus65295,N2_LRP170g,0,MiniBus
3400,MiniBus65295,N2_LRP170f,0.1485464556347673,MiniBus
3401,MediumTruck65297,N1_LRP412d,0,MediumTruck
3402,MediumTruck65297,N1_LRP412b,0,MediumTruck
3403,LargeBus65299,N2_LRP228b,0,LargeBus
3404,LargeBus65300,N1_LRP023a,0,LargeBus
3405,SmallTruck65301,N102_LRP028c,0,SmallTruck
3406,LargeBus65308,N2_LRP092b,0,LargeBus
3407,LargeBus65308,N2_LRP092a,0,LargeBus
3408,MediumTruck65312,N2_LRP042a,0,MediumTruck
3409,MediumTruck65325,N2_LRP147d,0,MediumTruck
3410,MediumTruck65325,N2_LRP147b,0,MediumTruck
3411,MediumTruck65325,N2_LRP147a,0,MediumTruck
3412,LargeBus65328,N2_LRP042a,0,LargeBus
3413,SmallTruck65329,N1_LRP417d,0.12248996447722652,SmallTruck
3414,SmallTruck65331,N2_LRP241c,0,SmallTruck
3415,MediumTruck65333,N102_LRP036d,0,MediumTruck
3416,MediumTruck65333,N102_LRP036b,0,MediumTruck
3417,MediumTruck65336,N2_LRP044c,0,MediumTruck
3418,MediumTruck65337,N2_LRP021b,0,MediumTruck
3419,MediumTruck65342,N208_LRP046b,0,MediumTruck
3420,MediumTruck65345,N1_LRP421d,0,MediumTruck
3421,SmallTruck65355,N2_LRP124c,0,SmallTruck
3422,MiniBus65361,N1_LRP423d,0,MiniBus
3423,MiniBus65361,N1_LRP423c,0,MiniBus
3424,MiniBus65361,N1_LRP423b,0.33135026565299064,MiniBus
3425,MediumTruck65362,N2_LRP038c,0,MediumTruck
3426,HeavyTruck65364,N102_LRP037c,0,HeavyTruck
3427,HeavyTruck65364,N102_LRP037d,0,HeavyTruck
3428,SmallTruck65373,N2_LRP158a,0,SmallTruck
3429,MediumTruck65377,N1_LRP427e,0,MediumTruck
3430,MediumTruck65377,N1_LRP427d,0,MediumTruck
3431,MediumTruck65377,N1_LRP427b,0,MediumTruck
3432,LargeBus65388,N2_LRP181c,0,LargeBus
3433,MediumTruck65392,N1_LRP030a,0,MediumTruck
3434,MiniBus65393,N1_LRP428b,0,MiniBus
3435,MiniBus65393,N1_LRP428a,0,MiniBus
3436,MiniBus65393,N1_LRP427e,0,MiniBus
3437,MediumTruck65404,N2_LRP118g,0,MediumTruck
3438,MiniBus65405,N2_LRP164d,0,MiniBus
3439,MiniBus65405,N2_LRP164b,0,MiniBus
3440,MiniBus65405,N2_LRP164a,0,MiniBus
3441,SmallTruck65416,N2_LRP024b,0,SmallTruck
3442,SmallTruck65416,N2_LRP025a,0,SmallTruck
3443,SmallTruck65417,N105_LRP023c,0,SmallTruck
3444,MiniBus65418,N2_LRP090a,0,MiniBus
3445,HeavyTruck65420,N2_LRP123c,0,HeavyTruck
3446,MediumTruck65421,N2_LRP170b,0,MediumTruck
3447,MediumTruck65421,N2_LRP170a,0,MediumTruck
3448,MediumTruck65421,N2_LRP169f,0,MediumTruck
3449,MediumTruck65421,N2_LRP169e,0,MediumTruck
3450,MediumTruck65421,N2_LRP169d,0,MediumTruck
3451,MediumTruck65421,N2_LRP169c,0,MediumTruck
3452,LargeBus65422,N208_LRP028d,0,LargeBus
3453,MediumTruck65425,N1_LRP438c,0,MediumTruck
3454,MediumTruck65425,N1_LRP438b,0,MediumTruck
3455,MediumTruck65425,N1_LRP438a,0,MediumTruck
3456,MediumTruck65426,N1_LRP030a,0,MediumTruck
3457,SmallTruck65430,N1_LRP166a,0,SmallTruck
3458,MediumTruck65433,N105_LRP027c,0,MediumTruck
3459,MediumTruck65436,N2_LRP127b,0,MediumTruck
3460,LargeBus65437,N2_LRP171e,0,LargeBus
3461,MediumTruck65441,N1_LRP441a,0,MediumTruck
3462,MediumTruck65448,N105_LRP017c,0,MediumTruck
3463,SmallTruck65450,N204_LRP020b,0,SmallTruck
3464,MediumTruck65456,N1_LRP014a,0,MediumTruck
3465,SmallTruck65459,N2_LRP274e,0,SmallTruck
3466,MediumTruck65473,N1_LRP450a,0,MediumTruck
3467,MediumTruck65476,N102_LRP009a,0,MediumTruck
3468,MediumTruck65481,N105_LRP040c,0,MediumTruck
3469,SmallTruck65482,N2_LRP126a,0,SmallTruck
3470,SmallTruck65482,N2_LRP126b,0,SmallTruck
3471,SmallTruck65482,N2_LRP126c,0,SmallTruck
3472,SmallTruck65482,N2_LRP126d,0,SmallTruck
3473,SmallTruck65485,N2_LRP183d,0.11836218899144264,SmallTruck
3474,LargeBus65487,N2_LRP219a,0,LargeBus
3475,MediumTruck65488,N1_LRP004b,0,MediumTruck
3476,MediumTruck65498,N2_LRP122b,0,MediumTruck
3477,MiniBus65500,N2_LRP141a,0,MiniBus
3478,SmallTruck65508,N102_LRPSc,0,SmallTruck
3479,LargeBus65509,N102_LRP082a,0,LargeBus
3480,SmallTruck65281,N1_LRP408a,0,SmallTruck
3481,MediumTruck65283,N2_LRP229a,0.31048151006481445,MediumTruck
3482,MediumTruck65289,N1_LRP023a,0,MediumTruck
3483,LargeBus65293,N2_LRP135b,0,LargeBus
3484,LargeBus65293,N2_LRP135a,0,LargeBus
3485,MediumTruck65294,N2_LRP226d,0,MediumTruck
3486,MediumTruck65294,N2_LRP226c,0,MediumTruck
3487,MiniBus65295,N2_LRP170e,0,MiniBus
3488,MiniBus65295,N2_LRP170c,0,MiniBus
3489,MediumTruck65297,N1_LRP412a,0,MediumTruck
3490,MediumTruck65297,N1_LRP411b,0,MediumTruck
3491,LargeBus65298,N2_LRP058c,0,LargeBus
3492,LargeBus65298,N2_LRP059a,0,LargeBus
3493,LargeBus65308,N2_LRP091b,0,LargeBus
3494,MediumTruck65310,N208_LRP055a,0,MediumTruck
3495,MiniBus65311,N2_LRP172d,0,MiniBus
3496,MiniBus65311,N2_LRP172c,0,MiniBus
3497,MediumTruck65312,N2_LRP043a,0.118905097917989,MediumTruck
3498,LargeBus65313,N1_LRP412d,0,LargeBus
3499,LargeBus65313,N1_LRP412b,0,LargeBus
3500,MediumTruck65314,N2_LRP050a,0,MediumTruck
3501,LargeBus65315,N2_LRP231d,0,LargeBus
3502,LargeBus65315,N2_LRP231c,0,LargeBus
3503,MediumTruck65325,N2_LRP146a,0,MediumTruck
3504,LargeBus65328,N2_LRP043a,1.118905097917989,LargeBus
3505,MediumTruck65336,N2_LRP045b,0,MediumTruck
3506,MediumTruck65345,N1_LRP420e,0,MediumTruck
3507,MediumTruck65345,N1_LRP420d,0,MediumTruck
3508,SmallTruck65346,N2_LRP043a,2.118905097917989,SmallTruck
3509,MediumTruck65353,N2_LRP018a,0,MediumTruck
3510,SmallTruck65355,N2_LRP125a,0,SmallTruck
3511,SmallTruck65355,N2_LRP125b,0,SmallTruck
3512,SmallTruck65355,N2_LRP125c,0,SmallTruck
3513,SmallTruck65355,N2_LRP125d,0,SmallTruck
3514,MediumTruck65356,N2_LRP106b,0,MediumTruck
3515,MediumTruck65356,N2_LRP106a,0,MediumTruck
3516,MediumTruck65362,N2_LRP039a,0,MediumTruck
3517,HeavyTruck65364,N102_LRP038b,0,HeavyTruck
3518,HeavyTruck65364,N102_LRP038d,0,HeavyTruck
3519,LargeBus65366,N1_LRP105a,0,LargeBus
3520,SmallTruck65373,N2_LRP157b,0,SmallTruck
3521,MediumTruck65377,N1_LRP426e,0,MediumTruck
3522,MediumTruck65377,N1_LRP426d,0,MediumTruck
3523,MediumTruck65387,N2_LRP117b,0,MediumTruck
3524,MediumTruck65387,N2_LRP117a,0.10518691076534778,MediumTruck
3525,LargeBus65388,N2_LRP182a,0,LargeBus
3526,LargeBus65388,N2_LRP182b,0,LargeBus
3527,LargeBus65388,N2_LRP182d,0,LargeBus
3528,MediumTruck65389,N2_LRP225c,0.11695069978564339,MediumTruck
3529,MiniBus65393,N1_LRP427d,0,MiniBus
3530,MiniBus65393,N1_LRP427b,0,MiniBus
3531,HeavyTruck65400,N105_LRP030c,0,HeavyTruck
3532,MediumTruck65404,N2_LRP118e,0,MediumTruck
3533,MediumTruck65404,N2_LRP118b,0,MediumTruck
3534,MediumTruck65404,N2_LRP118a,0,MediumTruck
3535,MiniBus65405,N2_LRP163d,0,MiniBus
3536,MiniBus65405,N2_LRP163c,0,MiniBus
3537,MiniBus65405,N2_LRP163b,0,MiniBus
3538,MediumTruck65409,N1_LRP433c,0,MediumTruck
3539,MediumTruck65409,N1_LRP433b,0.36456417249617284,MediumTruck
3540,LargeBus65411,N2_LRP258a,0,LargeBus
3541,SmallTruck65416,N2_LRP025b,0,SmallTruck
3542,SmallTruck65417,N105_LRP022c,0,SmallTruck
3543,HeavyTruck65420,N2_LRP122b,0,HeavyTruck
3544,MediumTruck65421,N2_LRP169b,0,MediumTruck
3545,LargeBus65422,N208_LRP029c,0,LargeBus
3546,SmallTruck65423,N208_LRP031d,0,SmallTruck
3547,MediumTruck65425,N1_LRP437b,0,MediumTruck
3548,MediumTruck65425,N1_LRP437a,0,MediumTruck
3549,SmallTruck65428,N102_LRP022a,0,SmallTruck
3550,SmallTruck65430,N1_LRP166c,0,SmallTruck
3551,MediumTruck65432,N1_LRP034a,0,MediumTruck
3552,MediumTruck65436,N2_LRP126d,0,MediumTruck
3553,MediumTruck65436,N2_LRP126c,0,MediumTruck
3554,MediumTruck65436,N2_LRP126b,0,MediumTruck
3555,LargeBus65437,N2_LRP171d,0,LargeBus
3556,LargeBus65437,N2_LRP170j,0,LargeBus
3557,LargeBus65437,N2_LRP170i,0,LargeBus
3558,LargeBus65437,N2_LRP170h,0,LargeBus
3559,LargeBus65437,N2_LRP170g,0,LargeBus
3560,LargeBus65437,N2_LRP170f,0.18167992077063438,LargeBus
3561,SmallTruck65439,N2_LRP207b,0,SmallTruck
3562,MiniBus65442,N2_LRP021a,0,MiniBus
3563,HeavyTruck65444,N1_LRP064c,0,HeavyTruck
3564,SmallTruck65449,N105_LRP030c,0,SmallTruck
3565,MiniBus65453,N2_LRP211b,0,MiniBus
3566,MiniBus65453,N2_LRP211c,0,MiniBus
3567,MediumTruck65457,N1_LRP445d,0,MediumTruck
3568,MediumTruck65457,N1_LRP445b,0,MediumTruck
3569,HeavyTruck65460,N1_LRP068a,0,HeavyTruck
3570,MediumTruck65462,N1_LRP134a,0,MediumTruck
3571,MediumTruck65465,N105_LRP035d,0,MediumTruck
3572,MediumTruck65473,N1_LRP449d,0,MediumTruck
3573,MediumTruck65473,N1_LRP449c,0,MediumTruck
3574,MediumTruck65478,N104_LRP010a,0,MediumTruck
3575,MediumTruck65481,N105_LRP039b,0,MediumTruck
3576,SmallTruck65482,N2_LRP127b,0,SmallTruck
3577,SmallTruck65485,N2_LRP183c,0,SmallTruck
3578,MediumTruck65489,N1_LRP452e,0,MediumTruck
3579,MediumTruck65489,N1_LRP452d,0,MediumTruck
3580,MediumTruck65492,N1_LRP088a,0,MediumTruck
3581,MediumTruck65496,N105_LRP005c,0,MediumTruck
3582,MediumTruck65496,N105_LRP006a,0,MediumTruck
3583,MediumTruck65498,N2_LRP123c,0,MediumTruck
3584,MiniBus65500,N2_LRP140c,0.24313566168523978,MiniBus
3585,MediumTruck65504,N1_LRP001a,0,MediumTruck
3586,LargeBus65505,N1_LRP456c,0,LargeBus
3587,LargeBus65507,N2_LRP285c,0,LargeBus
3588,LargeBus65507,N2_LRP285a,0,LargeBus
3589,SmallTruck65508,N102_LRP002a,0,SmallTruck
3590,SmallTruck65519,N2_LRP226d,0,SmallTruck
3591,SmallTruck65519,N2_LRP226c,0,SmallTruck
3592,MediumTruck65282,N2_LRP058c,0,MediumTruck
3593,MediumTruck65282,N2_LRP059a,0,MediumTruck
3594,MediumTruck65285,N102_LRP022a,0,MediumTruck
3595,LargeBus65293,N2_LRP134c,0,LargeBus
3596,MiniBus65295,N2_LRP170b,0,MiniBus
3597,MiniBus65295,N2_LRP170a,0,MiniBus
3598,MiniBus65295,N2_LRP169f,0,MiniBus
3599,MiniBus65295,N2_LRP169e,0,MiniBus
3600,MiniBus65295,N2_LRP169d,0,MiniBus
3601,MiniBus65295,N2_LRP169c,0,MiniBus
3602,MediumTruck65297,N1_LRP411a,0,MediumTruck
3603,LargeBus65299,N2_LRP226d,0,LargeBus
3604,LargeBus65299,N2_LRP226c,0,LargeBus
3605,LargeBus65308,N2_LRP090a,0,LargeBus
3606,MiniBus65311,N2_LRP171f,0.2633344622350773,MiniBus
3607,LargeBus65313,N1_LRP412a,0,LargeBus
3608,LargeBus65313,N1_LRP411b,0,LargeBus
3609,LargeBus65313,N1_LRP411a,0,LargeBus
3610,LargeBus65315,N2_LRP230e,0,LargeBus
3611,SmallTruck65316,N1_LRP030a,0,SmallTruck
3612,SmallTruck65329,N1_LRP417b,0,SmallTruck
3613,SmallTruck65329,N1_LRP416e,0,SmallTruck
3614,SmallTruck65329,N1_LRP416d,0,SmallTruck
3615,SmallTruck65331,N2_LRP240a,0,SmallTruck
3616,MediumTruck65345,N1_LRP420c,0,MediumTruck
3617,MediumTruck65345,N1_LRP420a,0,MediumTruck
3618,SmallTruck65347,N2_LRP243b,0,SmallTruck
3619,MediumTruck65349,N102_LRP038d,0,MediumTruck
3620,SmallTruck65355,N2_LRP126a,0,SmallTruck
3621,SmallTruck65355,N2_LRP126b,0,SmallTruck
3622,SmallTruck65355,N2_LRP126c,0,SmallTruck
3623,SmallTruck65355,N2_LRP126d,0,SmallTruck
3624,MiniBus65361,N1_LRP422b,0,MiniBus
3625,MiniBus65361,N1_LRP421f,0,MiniBus
3626,MediumTruck65362,N2_LRP039c,0,MediumTruck
3627,MediumTruck65362,N2_LRP040a,0,MediumTruck
3628,LargeBus65363,N2_LRP243b,0,LargeBus
3629,MediumTruck65367,N104_LRP010a,0,MediumTruck
3630,SmallTruck65373,N2_LRP157a,0,SmallTruck
3631,MediumTruck65377,N1_LRP426c,0,MediumTruck
3632,MediumTruck65377,N1_LRP426b,0,MediumTruck
3633,MediumTruck65377,N1_LRP426a,0,MediumTruck
3634,MediumTruck65377,N1_LRP425e,0,MediumTruck
3635,MediumTruck65382,N1_LRP112a,0,MediumTruck
3636,LargeBus65388,N2_LRP183a,0,LargeBus
3637,LargeBus65388,N2_LRP183c,0,LargeBus
3638,MiniBus65393,N1_LRP426e,0,MiniBus
3639,MiniBus65393,N1_LRP426d,0,MiniBus
3640,MiniBus65393,N1_LRP426c,0,MiniBus
3641,MiniBus65393,N1_LRP426b,0,MiniBus
3642,MiniBus65393,N1_LRP426a,0,MiniBus
3643,MediumTruck65401,N105_LRP017c,0,MediumTruck
3644,MediumTruck65402,N2_LRP087a,0,MediumTruck
3645,MediumTruck65403,N204_LRP003b,0,MediumTruck
3646,MiniBus65405,N2_LRP163a,0,MiniBus
3647,MiniBus65405,N2_LRP162e,0,MiniBus
3648,MiniBus65405,N2_LRP162d,0,MiniBus
3649,MiniBus65405,N2_LRP162c,0,MiniBus
3650,MiniBus65406,N208_LRP034c,0,MiniBus
3651,MiniBus65406,N208_LRP034d,0,MiniBus
3652,LargeBus65408,N1_LRP030a,0,LargeBus
3653,MediumTruck65409,N1_LRP432b,0,MediumTruck
3654,MediumTruck65413,N102_LRP055c,0,MediumTruck
3655,SmallTruck65417,N105_LRP021d,0,SmallTruck
3656,HeavyTruck65420,N2_LRP121c,0,HeavyTruck
3657,MediumTruck65421,N2_LRP168c,0,MediumTruck
3658,MediumTruck65421,N2_LRP168a,0,MediumTruck
3659,LargeBus65422,N208_LRP031b,0,LargeBus
3660,SmallTruck65423,N208_LRP031b,0,SmallTruck
3661,MediumTruck65425,N1_LRP436a,0,MediumTruck
3662,SmallTruck65427,N2_LRP264a,0,SmallTruck
3663,SmallTruck65430,N1_LRP167a,0,SmallTruck
3664,LargeBus65434,N2_LRP093a,0,LargeBus
3665,MediumTruck65436,N2_LRP126a,0,MediumTruck
3666,MediumTruck65436,N2_LRP125d,0,MediumTruck
3667,MediumTruck65436,N2_LRP125c,0,MediumTruck
3668,MediumTruck65436,N2_LRP125b,0,MediumTruck
3669,LargeBus65437,N2_LRP170e,0,LargeBus
3670,LargeBus65437,N2_LRP170c,0,LargeBus
3671,MediumTruck65441,N1_LRP440a,0,MediumTruck
3672,MiniBus65442,N2_LRP021b,0,MiniBus
3673,MediumTruck65457,N1_LRP444e,0,MediumTruck
3674,MediumTruck65457,N1_LRP444d,0,MediumTruck
3675,MediumTruck65457,N1_LRP444c,0,MediumTruck
3676,MediumTruck65457,N1_LRP444b,0,MediumTruck
3677,MediumTruck65457,N1_LRP444a,0,MediumTruck
3678,MediumTruck65473,N1_LRP448a,0,MediumTruck
3679,SmallTruck65482,N2_LRP127c,0,SmallTruck
3680,SmallTruck65482,N2_LRP128a,0,SmallTruck
3681,SmallTruck65485,N2_LRP183a,0,SmallTruck
3682,SmallTruck65485,N2_LRP182d,0,SmallTruck
3683,MediumTruck65489,N1_LRP452c,0,MediumTruck
3684,MediumTruck65489,N1_LRP452a,0,MediumTruck
3685,MediumTruck65489,N1_LRP451e,0,MediumTruck
3686,MediumTruck65497,N105_LRP042b,0,MediumTruck
3687,MediumTruck65498,N2_LRP123d,0,MediumTruck
3688,MediumTruck65498,N2_LRP123e,0,MediumTruck
3689,LargeBus65505,N1_LRP456a,0,LargeBus
3690,LargeBus65507,N2_LRP284c,0,LargeBus
3691,LargeBus65507,N2_LRP284b,0,LargeBus
3692,SmallTruck65508,N102_LRP002b,0,SmallTruck
3693,SmallTruck65508,N102_LRP002c,0,SmallTruck
3694,SmallTruck65510,N1_LRP145a,0,SmallTruck
3695,SmallTruck65514,N204_LRP003b,0,SmallTruck
3696,SmallTruck65519,N2_LRP225c,0.05603913714058857,SmallTruck
3697,SmallTruck65292,N207_LRP061d,0,SmallTruck
3698,LargeBus65293,N2_LRP134b,0,LargeBus
3699,LargeBus65293,N2_LRP133a,0,LargeBus
3700,MediumTruck65294,N2_LRP225c,0.0889491707876264,MediumTruck
3701,MiniBus65295,N2_LRP169b,0,MiniBus
3702,MiniBus65295,N2_LRP168c,0,MiniBus
3703,MediumTruck65297,N1_LRP410c,0.06673380852814266,MediumTruck
3704,LargeBus65298,N2_LRP060c,0,LargeBus
3705,LargeBus65298,N2_LRP061a,0,LargeBus
3706,LargeBus65299,N2_LRP225c,0.11645255216015686,LargeBus
3707,LargeBus65300,N1_LRP020a,0,LargeBus
3708,SmallTruck65303,N1_LRP137a,0,SmallTruck
3709,SmallTruck65304,N1_LRP068a,0,SmallTruck
3710,MiniBus65311,N2_LRP171e,0,MiniBus
3711,MediumTruck65312,N2_LRP043d,0,MediumTruck
3712,MediumTruck65312,N2_LRP044a,0,MediumTruck
3713,LargeBus65313,N1_LRP410c,1.0667338085281426,LargeBus
3714,LargeBus65315,N2_LRP230c,0,LargeBus
3715,SmallTruck65317,N102_LRP029d,0,SmallTruck
3716,SmallTruck65327,N208_LRP004c,0,SmallTruck
3717,SmallTruck65329,N1_LRP415c,0.5419979673473282,SmallTruck
3718,SmallTruck65331,N2_LRP239a,0,SmallTruck
3719,SmallTruck65331,N2_LRP238c,0,SmallTruck
3720,MediumTruck65333,N102_LRP034b,0,MediumTruck
3721,MediumTruck65335,N1_LRP145a,0,MediumTruck
3722,MediumTruck65336,N2_LRP046c,0,MediumTruck
3723,MediumTruck65336,N2_LRP047a,0,MediumTruck
3724,MediumTruck65336,N2_LRP047c,0,MediumTruck
3725,MediumTruck65337,N2_LRP024b,0,MediumTruck
3726,MediumTruck65341,N2_LRP148b,0,MediumTruck
3727,MediumTruck65345,N1_LRP418b,0,MediumTruck
3728,SmallTruck65347,N2_LRP243a,0,SmallTruck
3729,MediumTruck65349,N102_LRP038b,0,MediumTruck
3730,MediumTruck65349,N102_LRP037d,0,MediumTruck
3731,MediumTruck65350,N104_LRP044d,0,MediumTruck
3732,SmallTruck65355,N2_LRP127b,0,SmallTruck
3733,MediumTruck65356,N2_LRP104a,0,MediumTruck
3734,MiniBus65361,N1_LRP421d,0,MiniBus
3735,MediumTruck65362,N2_LRP040b,0,MediumTruck
3736,LargeBus65363,N2_LRP243a,0,LargeBus
3737,SmallTruck65373,N2_LRP156a,0,SmallTruck
3738,MediumTruck65377,N1_LRP425c,0.2006016645342624,MediumTruck
3739,MediumTruck65384,N2_LRP035b,0,MediumTruck
3740,LargeBus65388,N2_LRP183d,0.570312574374625,LargeBus
3741,MediumTruck65389,N2_LRP226c,0,MediumTruck
3742,MediumTruck65389,N2_LRP226d,0,MediumTruck
3743,MiniBus65393,N1_LRP425e,0,MiniBus
3744,MiniBus65393,N1_LRP425c,1.2006016645342623,MiniBus
3745,LargeBus65394,N2_LRP035b,0,LargeBus
3746,MediumTruck65399,N104_LRP017b,0,MediumTruck
3747,HeavyTruck65400,N105_LRP032b,0,HeavyTruck
3748,HeavyTruck65400,N105_LRP032c,0,HeavyTruck
3749,MediumTruck65402,N2_LRP086a,0,MediumTruck
3750,MediumTruck65404,N2_LRP117b,0,MediumTruck
3751,MediumTruck65404,N2_LRP117a,0.2754268223159625,MediumTruck
3752,MiniBus65405,N2_LRP162a,0.4119931308597314,MiniBus
3753,MediumTruck65409,N1_LRP432a,0,MediumTruck
3754,SmallTruck65414,N104_LRP028a,0,SmallTruck
3755,SmallTruck65417,N105_LRP020c,0,SmallTruck
3756,MiniBus65418,N2_LRP087a,0,MiniBus
3757,HeavyTruck65420,N2_LRP121a,0,HeavyTruck
3758,MediumTruck65421,N2_LRP167c,0,MediumTruck
3759,MediumTruck65421,N2_LRP167b,0,MediumTruck
3760,MediumTruck65425,N1_LRP435c,0,MediumTruck
3761,MediumTruck65426,N1_LRP033a,0,MediumTruck
3762,MediumTruck65426,N1_LRP033b,0,MediumTruck
3763,MediumTruck65429,N102_LRP058a,0,MediumTruck
3764,MediumTruck65432,N1_LRP035a,0,MediumTruck
3765,MediumTruck65433,N105_LRP024c,0,MediumTruck
3766,LargeBus65434,N2_LRP092b,0,LargeBus
3767,LargeBus65434,N2_LRP092a,0,LargeBus
3768,MediumTruck65436,N2_LRP125a,0,MediumTruck
3769,MediumTruck65436,N2_LRP124c,0,MediumTruck
3770,LargeBus65437,N2_LRP170b,0,LargeBus
3771,LargeBus65437,N2_LRP170a,0,LargeBus
3772,LargeBus65437,N2_LRP169f,0,LargeBus
3773,LargeBus65437,N2_LRP169e,0,LargeBus
3774,LargeBus65437,N2_LRP169d,0,LargeBus
3775,LargeBus65437,N2_LRP169c,0,LargeBus
3776,MediumTruck65438,N208_LRP024d,0,MediumTruck
3777,MediumTruck65440,N1_LRP020a,0,MediumTruck
3778,MediumTruck65441,N1_LRP439a,0,MediumTruck
3779,MediumTruck65445,N102_LRP062c,0,MediumTruck
3780,MediumTruck65445,N102_LRP062b,0,MediumTruck
3781,MediumTruck65457,N1_LRP443d,0,MediumTruck
3782,MediumTruck65457,N1_LRP443c,0,MediumTruck
3783,MiniBus65466,N204_LRP020b,0,MiniBus
3784,MediumTruck65473,N1_LRP447c,0,MediumTruck
3785,MediumTruck65474,N2_LRP012c,0,MediumTruck
3786,SmallTruck65475,N2_LRP276a,0,SmallTruck
3787,SmallTruck65482,N2_LRP128b,0,SmallTruck
3788,SmallTruck65482,N2_LRP129a,0,SmallTruck
3789,SmallTruck65485,N2_LRP182b,0,SmallTruck
3790,SmallTruck65485,N2_LRP182a,0,SmallTruck
3791,SmallTruck65486,N208_LRP011b,0,SmallTruck
3792,LargeBus65487,N2_LRP216b,0,LargeBus
3793,MediumTruck65489,N1_LRP451b,0,MediumTruck
3794,MediumTruck65489,N1_LRP450e,0.07666251876299487,MediumTruck
3795,MediumTruck65498,N2_LRP124c,0,MediumTruck
3796,MiniBus65500,N2_LRP140a,0.0061170499050627125,MiniBus
3797,SmallTruck65501,N2_LRP199d,0,SmallTruck
3798,MiniBus65503,N2_LRP221b,0,MiniBus
3799,LargeBus65505,N1_LRP455a,0,LargeBus
3800,LargeBus65507,N2_LRP283b,0,LargeBus
3801,MediumTruck65512,N105_LRP003a,0,MediumTruck
3802,SmallTruck65517,N2_LRP188a,0,SmallTruck
3803,SmallTruck65517,N2_LRP187b,0,SmallTruck
3804,MediumTruck65282,N2_LRP060c,0,MediumTruck
3805,MediumTruck65282,N2_LRP061a,0,MediumTruck
3806,MiniBus65295,N2_LRP168a,0,MiniBus
3807,MiniBus65295,N2_LRP167c,0,MiniBus
3808,MediumTruck65297,N1_LRP410b,0,MediumTruck
3809,MiniBus65311,N2_LRP171d,0,MiniBus
3810,MiniBus65311,N2_LRP170j,0,MiniBus
3811,MiniBus65311,N2_LRP170i,0,MiniBus
3812,MiniBus65311,N2_LRP170h,0,MiniBus
3813,MiniBus65311,N2_LRP170g,0,MiniBus
3814,MiniBus65311,N2_LRP170f,0.0031170302351199077,MiniBus
3815,MediumTruck65312,N2_LRP044c,0,MediumTruck
3816,MediumTruck65314,N2_LRP052a,0,MediumTruck
3817,LargeBus65315,N2_LRP229c,0,LargeBus
3818,LargeBus65315,N2_LRP229a,0.5588149415288356,LargeBus
3819,MediumTruck65321,N2_LRP029b,0,MediumTruck
3820,LargeBus65328,N2_LRP043d,0,LargeBus
3821,LargeBus65328,N2_LRP044a,0,LargeBus
3822,MediumTruck65333,N102_LRP033c,0,MediumTruck
3823,MediumTruck65336,N2_LRP048a,0,MediumTruck
3824,MediumTruck65337,N2_LRP025a,0,MediumTruck
3825,MediumTruck65337,N2_LRP025b,0,MediumTruck
3826,MediumTruck65341,N2_LRP147d,0,MediumTruck
3827,MediumTruck65341,N2_LRP147b,0,MediumTruck
3828,MediumTruck65341,N2_LRP147a,0,MediumTruck
3829,SmallTruck65347,N2_LRP242a,0,SmallTruck
3830,MediumTruck65348,N102_LRP045a,0,MediumTruck
3831,MediumTruck65349,N102_LRP037c,0,MediumTruck
3832,MediumTruck65353,N2_LRP021a,0,MediumTruck
3833,SmallTruck65355,N2_LRP127c,0,SmallTruck
3834,SmallTruck65355,N2_LRP128a,0,SmallTruck
3835,MiniBus65361,N1_LRP420e,0,MiniBus
3836,MiniBus65361,N1_LRP420d,0,MiniBus
3837,MiniBus65361,N1_LRP420c,0,MiniBus
3838,MiniBus65361,N1_LRP420a,0,MiniBus
3839,MediumTruck65362,N2_LRP041b,0,MediumTruck
3840,MediumTruck65362,N2_LRP042a,0,MediumTruck
3841,LargeBus65363,N2_LRP242a,0,LargeBus
3842,SmallTruck65372,N2_LRP108a,0,SmallTruck
3843,SmallTruck65373,N2_LRP155a,0,SmallTruck
3844,MediumTruck65377,N1_LRP425b,0,MediumTruck
3845,SmallTruck65381,N102_LRP045a,0,SmallTruck
3846,MediumTruck65382,N1_LRP111a,0,MediumTruck
3847,MediumTruck65392,N1_LRP033a,0,MediumTruck
3848,MediumTruck65392,N1_LRP033b,0,MediumTruck
3849,LargeBus65396,N1_LRP118d,0,LargeBus
3850,LargeBus65396,N1_LRP119a,0,LargeBus
3851,MiniBus65405,N2_LRP161c,0,MiniBus
3852,MiniBus65405,N2_LRP161b,0,MiniBus
3853,MediumTruck65409,N1_LRP431d,0.06839140151579864,MediumTruck
3854,MediumTruck65410,N2_LRP029b,0,MediumTruck
3855,MediumTruck65412,N102_LRP028c,0,MediumTruck
3856,MiniBus65418,N2_LRP086a,0,MiniBus
3857,LargeBus65419,N204_LRP003b,0,LargeBus
3858,HeavyTruck65420,N2_LRP120a,0,HeavyTruck
3859,HeavyTruck65420,N2_LRP119c,0,HeavyTruck
3860,MediumTruck65421,N2_LRP166e,0,MediumTruck
3861,MediumTruck65421,N2_LRP166d,0,MediumTruck
3862,LargeBus65422,N208_LRP031d,0,LargeBus
3863,SmallTruck65423,N208_LRP029c,0,SmallTruck
3864,MediumTruck65426,N1_LRP034a,0,MediumTruck
3865,SmallTruck65430,N1_LRP169a,0,SmallTruck
3866,MediumTruck65432,N1_LRP036c,0,MediumTruck
3867,LargeBus65434,N2_LRP091b,0,LargeBus
3868,MediumTruck65436,N2_LRP123e,0,MediumTruck
3869,MediumTruck65436,N2_LRP123d,0,MediumTruck
3870,LargeBus65437,N2_LRP169b,0,LargeBus
3871,LargeBus65437,N2_LRP168c,0,LargeBus
3872,SmallTruck65439,N2_LRP206b,0,SmallTruck
3873,MediumTruck65446,N1_LRP127a,0,MediumTruck
3874,MediumTruck65447,N104_LRP028a,0,MediumTruck
3875,MediumTruck65448,N105_LRP020c,0,MediumTruck
3876,MiniBus65453,N2_LRP214b,0.27903430334125384,MiniBus
3877,MediumTruck65461,N102_LRP065a,0,MediumTruck
3878,MediumTruck65462,N1_LRP131b,0,MediumTruck
3879,MediumTruck65465,N105_LRP032c,0,MediumTruck
3880,MediumTruck65465,N105_LRP032b,0,MediumTruck
3881,MediumTruck65473,N1_LRP447b,0,MediumTruck
3882,MediumTruck65473,N1_LRP447a,0,MediumTruck
3883,MediumTruck65473,N1_LRP446d,0,MediumTruck
3884,MediumTruck65473,N1_LRP446b,0,MediumTruck
3885,MediumTruck65474,N2_LRP012f,0,MediumTruck
3886,SmallTruck65482,N2_LRP129b,0,SmallTruck
3887,SmallTruck65482,N2_LRP129c,0,SmallTruck
3888,SmallTruck65482,N2_LRP130a,0,SmallTruck
3889,SmallTruck65485,N2_LRP181c,0,SmallTruck
3890,LargeBus65487,N2_LRP216a,0,LargeBus
3891,MediumTruck65489,N1_LRP450c,0,MediumTruck
3892,MediumTruck65497,N105_LRP041c,0,MediumTruck
3893,MediumTruck65498,N2_LRP125a,0,MediumTruck
3894,MediumTruck65498,N2_LRP125b,0,MediumTruck
3895,MediumTruck65498,N2_LRP125c,0,MediumTruck
3896,MediumTruck65498,N2_LRP125d,0,MediumTruck
3897,SmallTruck65501,N2_LRP200c,0,SmallTruck
3898,SmallTruck65510,N1_LRP143a,0,SmallTruck
3899,MediumTruck65518,N208_LRP004c,0,MediumTruck
3900,MiniBus65526,N104_LRPSa,0,MiniBus
3901,MediumTruck65528,N1_LRP011a,0,MediumTruck
3902,MediumTruck65535,N2_LRP228b,0,MediumTruck
3903,MiniBus65280,N1_LRP068a,0,MiniBus
3904,MediumTruck65284,N102_LRP062b,0,MediumTruck
3905,LargeBus65293,N2_LRP132c,0,LargeBus
3906,LargeBus65293,N2_LRP132b,0,LargeBus
3907,LargeBus65293,N2_LRP132a,0,LargeBus
3908,MiniBus65295,N2_LRP167b,0,MiniBus
3909,MiniBus65295,N2_LRP166e,0,MiniBus
3910,LargeBus65296,N1_LRP064c,0,LargeBus
3911,MediumTruck65297,N1_LRP410a,0,MediumTruck
3912,LargeBus65299,N2_LRP224b,0,LargeBus
3913,SmallTruck65303,N1_LRP136a,0,SmallTruck
3914,LargeBus65308,N2_LRP087a,0,LargeBus
3915,MiniBus65311,N2_LRP170e,0,MiniBus
3916,MiniBus65311,N2_LRP170c,0,MiniBus
3917,MediumTruck65312,N2_LRP045b,0,MediumTruck
3918,LargeBus65313,N1_LRP410b,0,LargeBus
3919,LargeBus65313,N1_LRP410a,0,LargeBus
3920,MediumTruck65314,N2_LRP053a,0,MediumTruck
3921,SmallTruck65317,N102_LRP028c,0,SmallTruck
3922,SmallTruck65323,N2_LRP098b,0.2652700753205503,SmallTruck
3923,LargeBus65328,N2_LRP044c,0,LargeBus
3924,SmallTruck65329,N1_LRP414a,0,SmallTruck
3925,MediumTruck65334,N1_LRP098a,0,MediumTruck
3926,MediumTruck65335,N1_LRP143a,0,MediumTruck
3927,MediumTruck65336,N2_LRP048b,0,MediumTruck
3928,MediumTruck65341,N2_LRP146a,0,MediumTruck
3929,MediumTruck65345,N1_LRP417d,0.026757531965092198,MediumTruck
3930,SmallTruck65346,N2_LRP043d,0,SmallTruck
3931,SmallTruck65346,N2_LRP044a,0,SmallTruck
3932,SmallTruck65347,N2_LRP241c,0,SmallTruck
3933,MediumTruck65349,N102_LRP036d,0,MediumTruck
3934,MediumTruck65349,N102_LRP036b,0,MediumTruck
3935,MediumTruck65353,N2_LRP021b,0,MediumTruck
3936,SmallTruck65355,N2_LRP128b,0,SmallTruck
3937,SmallTruck65355,N2_LRP129a,0,SmallTruck
3938,MediumTruck65356,N2_LRP103c,0,MediumTruck
3939,MediumTruck65358,N208_LRP046b,0,MediumTruck
3940,LargeBus65363,N2_LRP241c,0,LargeBus
3941,SmallTruck65373,N2_LRP154c,0,SmallTruck
3942,MediumTruck65377,N1_LRP425a,0,MediumTruck
3943,MediumTruck65377,N1_LRP424e,0,MediumTruck
3944,MediumTruck65379,N2_LRP249a,0,MediumTruck
3945,LargeBus65388,N2_LRP184c,0,LargeBus
3946,MediumTruck65392,N1_LRP034a,0,MediumTruck
3947,MiniBus65393,N1_LRP425b,0,MiniBus
3948,MiniBus65393,N1_LRP425a,0,MiniBus
3949,MiniBus65405,N2_LRP161a,0,MiniBus
3950,LargeBus65408,N1_LRP033a,0,LargeBus
3951,MediumTruck65412,N102_LRP029d,0,MediumTruck
3952,HeavyTruck65420,N2_LRP118g,0,HeavyTruck
3953,SmallTruck65423,N208_LRP028d,0,SmallTruck
3954,SmallTruck65427,N2_LRP262a,0,SmallTruck
3955,SmallTruck65427,N2_LRP261b,0,SmallTruck
3956,MediumTruck65433,N105_LRP023c,0,MediumTruck
3957,LargeBus65434,N2_LRP090a,0,LargeBus
3958,MediumTruck65436,N2_LRP123c,0,MediumTruck
3959,LargeBus65437,N2_LRP168a,0,LargeBus
3960,LargeBus65437,N2_LRP167c,0,LargeBus
3961,MediumTruck65441,N1_LRP438c,0,MediumTruck
3962,MediumTruck65441,N1_LRP438b,0,MediumTruck
3963,MediumTruck65441,N1_LRP438a,0,MediumTruck
3964,MediumTruck65448,N105_LRP021d,0,MediumTruck
3965,SmallTruck65449,N105_LRP027c,0,SmallTruck
3966,MiniBus65455,N208_LRP034d,0,MiniBus
3967,MiniBus65455,N208_LRP034c,0,MiniBus
3968,MediumTruck65457,N1_LRP441a,0,MediumTruck
3969,MediumTruck65464,N105_LRP017c,0,MediumTruck
3970,MediumTruck65467,N204_LRP020b,0,MediumTruck
3971,SmallTruck65475,N2_LRP274e,0,SmallTruck
3972,SmallTruck65482,N2_LRP130b,0,SmallTruck
3973,SmallTruck65482,N2_LRP130c,0,SmallTruck
3974,SmallTruck65485,N2_LRP180c,0,SmallTruck
3975,LargeBus65487,N2_LRP214b,0.0637121018890145,LargeBus
3976,MediumTruck65489,N1_LRP450a,0,MediumTruck
3977,MiniBus65494,N104_LRP010a,0,MiniBus
3978,MediumTruck65497,N105_LRP040c,0,MediumTruck
3979,MediumTruck65498,N2_LRP126a,0,MediumTruck
3980,MediumTruck65498,N2_LRP126b,0,MediumTruck
3981,MediumTruck65498,N2_LRP126c,0,MediumTruck
3982,MediumTruck65498,N2_LRP126d,0,MediumTruck
3983,MiniBus65500,N2_LRP139b,0,MiniBus
3984,MiniBus65500,N2_LRP139a,0,MiniBus
3985,MiniBus65503,N2_LRP219a,0,MiniBus
3986,MediumTruck65504,N1_LRP004b,0,MediumTruck
3987,SmallTruck65511,N104_LRP044d,0,SmallTruck
3988,SmallTruck65517,N2_LRP186d,0,SmallTruck
3989,SmallTruck65517,N2_LRP186c,0,SmallTruck
3990,SmallTruck65519,N2_LRP224b,0,SmallTruck
3991,MiniBus65524,N102_LRPSc,0,MiniBus
3992,LargeBus65525,N102_LRP082a,0,LargeBus
3993,MediumTruck65528,N1_LRP010c,0,MediumTruck
3994,MediumTruck65528,N1_LRP010b,0,MediumTruck
3995,SmallTruck65532,N2_LRP146a,0,SmallTruck
3996,MediumTruck65284,N102_LRP062c,0,MediumTruck
3997,MediumTruck65285,N102_LRP019b,0,MediumTruck
3998,MediumTruck65285,N102_LRP019a,0,MediumTruck
3999,MediumTruck65289,N1_LRP026a,0,MediumTruck
4000,MediumTruck65289,N1_LRP026b,0,MediumTruck
4001,MediumTruck65294,N2_LRP224b,0,MediumTruck
4002,MiniBus65295,N2_LRP166d,0,MiniBus
4003,LargeBus65308,N2_LRP086a,0,LargeBus
4004,MiniBus65311,N2_LRP170b,0,MiniBus
4005,MiniBus65311,N2_LRP170a,0,MiniBus
4006,MiniBus65311,N2_LRP169f,0,MiniBus
4007,MiniBus65311,N2_LRP169e,0,MiniBus
4008,MiniBus65311,N2_LRP169d,0,MiniBus
4009,MiniBus65311,N2_LRP169c,0,MiniBus
4010,MediumTruck65314,N2_LRP054a,0,MediumTruck
4011,SmallTruck65316,N1_LRP027a,0,SmallTruck
4012,SmallTruck65316,N1_LRP026b,0,SmallTruck
4013,MediumTruck65326,N208_LRP055a,0,MediumTruck
4014,LargeBus65328,N2_LRP045b,0,LargeBus
4015,SmallTruck65331,N2_LRP236c,0,SmallTruck
4016,MiniBus65343,N2_LRP283b,0,MiniBus
4017,SmallTruck65346,N2_LRP044c,0,SmallTruck
4018,SmallTruck65355,N2_LRP129b,0,SmallTruck
4019,SmallTruck65355,N2_LRP129c,0,SmallTruck
4020,SmallTruck65355,N2_LRP130a,0,SmallTruck
4021,MediumTruck65356,N2_LRP102a,0,MediumTruck
4022,MiniBus65361,N1_LRP418b,0,MiniBus
4023,MediumTruck65362,N2_LRP043a,0.1788983237362922,MediumTruck
4024,MediumTruck65369,N105_LRP006a,0,MediumTruck
4025,MediumTruck65369,N105_LRP005c,0,MediumTruck
4026,SmallTruck65372,N2_LRP106b,0,SmallTruck
4027,SmallTruck65372,N2_LRP106a,0,SmallTruck
4028,SmallTruck65373,N2_LRP153b,0,SmallTruck
4029,MediumTruck65377,N1_LRP424c,0,MediumTruck
4030,MediumTruck65377,N1_LRP424b,0,MediumTruck
4031,MediumTruck65377,N1_LRP424a,0.1377823975693568,MediumTruck
4032,MediumTruck65389,N2_LRP228b,0,MediumTruck
4033,MediumTruck65389,N2_LRP229a,0.00797039065497707,MediumTruck
4034,MiniBus65393,N1_LRP424e,0,MiniBus
4035,MiniBus65393,N1_LRP424c,0,MiniBus
4036,MiniBus65393,N1_LRP424b,0,MiniBus
4037,MiniBus65393,N1_LRP424a,0.16970049416059688,MiniBus
4038,LargeBus65394,N2_LRP038c,0,LargeBus
4039,LargeBus65394,N2_LRP039a,0,LargeBus
4040,LargeBus65395,N2_LRP249a,0,LargeBus
4041,LargeBus65396,N1_LRP120b,0,LargeBus
4042,HeavyTruck65400,N105_LRP035d,0,HeavyTruck
4043,MediumTruck65402,N2_LRP084a,0,MediumTruck
4044,MediumTruck65403,N2_LRP117b,0,MediumTruck
4045,MediumTruck65403,N2_LRP117a,0.04830736329194839,MediumTruck
4046,MiniBus65405,N2_LRP160a,0,MiniBus
4047,MiniBus65405,N2_LRP159d,0,MiniBus
4048,LargeBus65408,N1_LRP033b,0,LargeBus
4049,LargeBus65408,N1_LRP034a,0,LargeBus
4050,MediumTruck65409,N1_LRP431b,0,MediumTruck
4051,MediumTruck65409,N1_LRP431a,0,MediumTruck
4052,MediumTruck65409,N1_LRP430c,0,MediumTruck
4053,SmallTruck65416,N2_LRP029b,0,SmallTruck
4054,MiniBus65418,N2_LRP084a,0,MiniBus
4055,HeavyTruck65420,N2_LRP118e,0,HeavyTruck
4056,HeavyTruck65420,N2_LRP118b,0,HeavyTruck
4057,HeavyTruck65420,N2_LRP118a,0,HeavyTruck
4058,MediumTruck65421,N2_LRP165d,0,MediumTruck
4059,MediumTruck65421,N2_LRP165c,0,MediumTruck
4060,MediumTruck65421,N2_LRP164d,0,MediumTruck
4061,SmallTruck65423,N208_LRP027f,0,SmallTruck
4062,SmallTruck65423,N208_LRP027d,0,SmallTruck
4063,MediumTruck65425,N1_LRP433c,0,MediumTruck
4064,MediumTruck65425,N1_LRP433b,0.8477775965327539,MediumTruck
4065,MediumTruck65426,N1_LRP035a,0,MediumTruck
4066,SmallTruck65427,N2_LRP261a,0,SmallTruck
4067,SmallTruck65430,N1_LRP171a,0.2370046078547423,SmallTruck
4068,MediumTruck65433,N105_LRP022c,0,MediumTruck
4069,MediumTruck65436,N2_LRP122b,0,MediumTruck
4070,LargeBus65437,N2_LRP167b,0,LargeBus
4071,LargeBus65437,N2_LRP166e,0,LargeBus
4072,MediumTruck65438,N208_LRP027b,0,MediumTruck
4073,MediumTruck65438,N208_LRP027d,0,MediumTruck
4074,MediumTruck65440,N1_LRP023a,0,MediumTruck
4075,MediumTruck65441,N1_LRP437b,0,MediumTruck
4076,MediumTruck65441,N1_LRP437a,0,MediumTruck
4077,MiniBus65442,N2_LRP024b,0,MiniBus
4078,MiniBus65442,N2_LRP025a,0,MiniBus
4079,MediumTruck65448,N105_LRP022c,0,MediumTruck
4080,HeavyTruck65460,N1_LRP064c,0,HeavyTruck
4081,MediumTruck65465,N105_LRP030c,0,MediumTruck
4082,MediumTruck65473,N1_LRP445d,0,MediumTruck
4083,MediumTruck65473,N1_LRP445b,0,MediumTruck
4084,MediumTruck65481,N105_LRP035d,0,MediumTruck
4085,SmallTruck65485,N2_LRP180a,0,SmallTruck
4086,MediumTruck65489,N1_LRP449d,0,MediumTruck
4087,MediumTruck65489,N1_LRP449c,0,MediumTruck
4088,MediumTruck65497,N105_LRP039b,0,MediumTruck
4089,MediumTruck65498,N2_LRP127b,0,MediumTruck
4090,MiniBus65500,N2_LRP138b,0,MiniBus
4091,MiniBus65500,N2_LRP138a,0,MiniBus
4092,LargeBus65505,N1_LRP452e,0,LargeBus
4093,LargeBus65505,N1_LRP452d,0,LargeBus
4094,LargeBus65505,N1_LRP452c,0,LargeBus
4095,LargeBus65505,N1_LRP452a,0,LargeBus
4096,SmallTruck65510,N1_LRP142a,0,SmallTruck
4097,MediumTruck65512,N105_LRP005c,0,MediumTruck
4098,MediumTruck65512,N105_LRP006a,0,MediumTruck
4099,SmallTruck65517,N2_LRP186b,0.21629925919379275,SmallTruck
4100,MediumTruck65520,N1_LRP001a,0,MediumTruck
4101,MediumTruck65521,N1_LRP456c,0,MediumTruck
4102,MediumTruck65523,N2_LRP285c,0,MediumTruck
4103,MiniBus65524,N102_LRP002a,0,MiniBus
4104,MiniBus65524,N102_LRP002b,0,MiniBus
4105,MiniBus65524,N102_LRP002c,0,MiniBus
4106,MediumTruck65535,N2_LRP226d,0,MediumTruck
4107,MediumTruck65535,N2_LRP226c,0,MediumTruck
4108,SmallTruck65281,N1_LRP403a,0,SmallTruck
4109,MediumTruck65289,N1_LRP027a,0,MediumTruck
4110,LargeBus65293,N2_LRP130c,0,LargeBus
4111,LargeBus65293,N2_LRP130b,0,LargeBus
4112,MiniBus65295,N2_LRP165d,0,MiniBus
4113,MiniBus65295,N2_LRP165c,0,MiniBus
4114,MediumTruck65297,N1_LRP408a,0,MediumTruck
4115,SmallTruck65301,N102_LRP022a,0,SmallTruck
4116,SmallTruck65303,N1_LRP134a,0,SmallTruck
4117,MiniBus65311,N2_LRP169b,0,MiniBus
4118,MiniBus65311,N2_LRP168c,0,MiniBus
4119,MediumTruck65312,N2_LRP046c,0,MediumTruck
4120,MediumTruck65312,N2_LRP047a,0,MediumTruck
4121,MediumTruck65312,N2_LRP047c,0,MediumTruck
4122,MediumTruck65314,N2_LRP054b,0,MediumTruck
4123,SmallTruck65316,N1_LRP026a,0,SmallTruck
4124,SmallTruck65323,N2_LRP097a,0,SmallTruck
4125,MediumTruck65325,N2_LRP141b,0,MediumTruck
4126,MediumTruck65325,N2_LRP141a,0,MediumTruck
4127,LargeBus65328,N2_LRP046c,0,LargeBus
4128,SmallTruck65329,N1_LRP412d,0,SmallTruck
4129,SmallTruck65329,N1_LRP412b,0,SmallTruck
4130,SmallTruck65331,N2_LRP236a,0,SmallTruck
4131,SmallTruck65331,N2_LRP235a,0,SmallTruck
4132,MediumTruck65335,N1_LRP142a,0,MediumTruck
4133,MediumTruck65336,N2_LRP050a,0,MediumTruck
4134,MiniBus65343,N2_LRP284b,0,MiniBus
4135,MiniBus65343,N2_LRP284c,0,MiniBus
4136,MediumTruck65345,N1_LRP417b,0,MediumTruck
4137,MediumTruck65345,N1_LRP416e,0,MediumTruck
4138,MediumTruck65345,N1_LRP416d,0,MediumTruck
4139,SmallTruck65346,N2_LRP045b,0,SmallTruck
4140,SmallTruck65347,N2_LRP240a,0,SmallTruck
4141,SmallTruck65355,N2_LRP130b,0,SmallTruck
4142,SmallTruck65355,N2_LRP130c,0,SmallTruck
4143,MiniBus65361,N1_LRP417d,0.25249293080637303,MiniBus
4144,LargeBus65363,N2_LRP240a,0,LargeBus
4145,MediumTruck65365,N102_LRP038d,0,MediumTruck
4146,SmallTruck65373,N2_LRP153a,0,SmallTruck
4147,SmallTruck65373,N2_LRP152d,0,SmallTruck
4148,MediumTruck65379,N2_LRP248a,0,MediumTruck
4149,MediumTruck65382,N1_LRP109a,0,MediumTruck
4150,SmallTruck65383,N104_LRP010a,0,SmallTruck
4151,MediumTruck65384,N2_LRP038c,0,MediumTruck
4152,MediumTruck65384,N2_LRP039a,0,MediumTruck
4153,LargeBus65388,N2_LRP186b,1.2162992591937927,LargeBus
4154,MediumTruck65389,N2_LRP229c,0,MediumTruck
4155,MediumTruck65392,N1_LRP035a,0,MediumTruck
4156,LargeBus65394,N2_LRP039c,0,LargeBus
4157,LargeBus65395,N2_LRP248a,0,LargeBus
4158,MiniBus65405,N2_LRP159c,0,MiniBus
4159,MiniBus65405,N2_LRP159b,0,MiniBus
4160,MediumTruck65409,N1_LRP430b,0,MediumTruck
4161,MediumTruck65409,N1_LRP430a,0,MediumTruck
4162,MediumTruck65409,N1_LRP429f,0,MediumTruck
4163,SmallTruck65417,N105_LRP017c,0,SmallTruck
4164,LargeBus65419,N2_LRP117b,0,LargeBus
4165,LargeBus65419,N2_LRP117a,0.03918847172956665,LargeBus
4166,MediumTruck65421,N2_LRP164b,0,MediumTruck
4167,MediumTruck65421,N2_LRP164a,0,MediumTruck
4168,LargeBus65422,N208_LRP034c,0,LargeBus
4169,LargeBus65422,N208_LRP034d,0,LargeBus
4170,SmallTruck65423,N208_LRP027b,0,SmallTruck
4171,MediumTruck65425,N1_LRP432b,0,MediumTruck
4172,MediumTruck65426,N1_LRP036c,0,MediumTruck
4173,MediumTruck65429,N102_LRP055c,0,MediumTruck
4174,SmallTruck65430,N1_LRP171b,0,SmallTruck
4175,MediumTruck65433,N105_LRP021d,0,MediumTruck
4176,MediumTruck65436,N2_LRP121c,0,MediumTruck
4177,LargeBus65437,N2_LRP166d,0,LargeBus
4178,MediumTruck65438,N208_LRP027f,0,MediumTruck
4179,MediumTruck65441,N1_LRP436a,0,MediumTruck
4180,MiniBus65442,N2_LRP025b,0,MiniBus
4181,SmallTruck65443,N2_LRP264a,0,SmallTruck
4182,MediumTruck65448,N105_LRP023c,0,MediumTruck
4183,MiniBus65453,N2_LRP216a,0,MiniBus
4184,MiniBus65453,N2_LRP216b,0,MiniBus
4185,MediumTruck65457,N1_LRP440a,0,MediumTruck
4186,LargeBus65463,N104_LRP028a,0,LargeBus
4187,MediumTruck65473,N1_LRP444e,0,MediumTruck
4188,MediumTruck65473,N1_LRP444d,0,MediumTruck
4189,MediumTruck65473,N1_LRP444c,0,MediumTruck
4190,MediumTruck65473,N1_LRP444b,0,MediumTruck
4191,MediumTruck65473,N1_LRP444a,0,MediumTruck
4192,MediumTruck65476,N102_LRP015a,0,MediumTruck
4193,SmallTruck65482,N2_LRP132a,0,SmallTruck
4194,SmallTruck65482,N2_LRP132b,0,SmallTruck
4195,SmallTruck65485,N2_LRP179a,0,SmallTruck
4196,SmallTruck65485,N2_LRP178b,0,SmallTruck
4197,MediumTruck65488,N1_LRP010b,0,MediumTruck
4198,MediumTruck65488,N1_LRP010c,0,MediumTruck
4199,MediumTruck65488,N1_LRP011a,0,MediumTruck
4200,MediumTruck65489,N1_LRP448a,0,MediumTruck
4201,MediumTruck65498,N2_LRP127c,0,MediumTruck
4202,MediumTruck65498,N2_LRP128a,0,MediumTruck
4203,MiniBus65502,N208_LRP011b,0,MiniBus
4204,LargeBus65505,N1_LRP451e,0,LargeBus
4205,LargeBus65505,N1_LRP451b,0,LargeBus
4206,LargeBus65505,N1_LRP450e,0.00887527623922091,LargeBus
4207,MediumTruck65513,N105_LRP042b,0,MediumTruck
4208,MediumTruck65521,N1_LRP456a,0,MediumTruck
4209,MediumTruck65523,N2_LRP285a,0,MediumTruck
4210,MediumTruck65523,N2_LRP284c,0,MediumTruck
4211,MediumTruck65530,N204_LRP003b,0,MediumTruck
4212,MediumTruck65535,N2_LRP225c,0.09203971346817721,MediumTruck
4213,SmallTruck65281,N1_LRP402b,0,SmallTruck
4214,MediumTruck65282,N2_LRP064a,0,MediumTruck
4215,LargeBus65293,N2_LRP130a,0,LargeBus
4216,LargeBus65293,N2_LRP129c,0,LargeBus
4217,LargeBus65293,N2_LRP129b,0,LargeBus
4218,MiniBus65295,N2_LRP164d,0,MiniBus
4219,MiniBus65295,N2_LRP164b,0,MiniBus
4220,MiniBus65295,N2_LRP164a,0,MiniBus
4221,LargeBus65298,N2_LRP064a,0,LargeBus
4222,LargeBus65298,N2_LRP064b,0,LargeBus
4223,LargeBus65308,N2_LRP084a,0,LargeBus
4224,MiniBus65311,N2_LRP168a,0,MiniBus
4225,MiniBus65311,N2_LRP167c,0,MiniBus
4226,MediumTruck65312,N2_LRP048a,0,MediumTruck
4227,LargeBus65313,N1_LRP408a,0,LargeBus
4228,MediumTruck65314,N2_LRP055b,0,MediumTruck
4229,MediumTruck65314,N2_LRP056a,0,MediumTruck
4230,SmallTruck65323,N2_LRP096c,0,SmallTruck
4231,MediumTruck65325,N2_LRP140c,0.1882654046989861,MediumTruck
4232,LargeBus65328,N2_LRP047a,0,LargeBus
4233,LargeBus65328,N2_LRP047c,0,LargeBus
4234,SmallTruck65329,N1_LRP412a,0,SmallTruck
4235,SmallTruck65329,N1_LRP411b,0,SmallTruck
4236,MediumTruck65333,N102_LRP029d,0,MediumTruck
4237,MiniBus65343,N2_LRP285a,0,MiniBus
4238,MiniBus65343,N2_LRP285c,0,MiniBus
4239,MediumTruck65345,N1_LRP415c,1.1830113193216736,MediumTruck
4240,SmallTruck65347,N2_LRP239a,0,SmallTruck
4241,SmallTruck65347,N2_LRP238c,0,SmallTruck
4242,MediumTruck65349,N102_LRP034b,0,MediumTruck
4243,MediumTruck65351,N1_LRP145a,0,MediumTruck
4244,MediumTruck65353,N2_LRP024b,0,MediumTruck
4245,MediumTruck65362,N2_LRP043d,0,MediumTruck
4246,MediumTruck65362,N2_LRP044a,0,MediumTruck
4247,LargeBus65363,N2_LRP239a,0,LargeBus
4248,LargeBus65363,N2_LRP238c,0,LargeBus
4249,MediumTruck65365,N102_LRP038b,0,MediumTruck
4250,MediumTruck65365,N102_LRP037d,0,MediumTruck
4251,SmallTruck65372,N2_LRP104a,0,SmallTruck
4252,SmallTruck65373,N2_LRP152c,0,SmallTruck
4253,SmallTruck65373,N2_LRP152b,0,SmallTruck
4254,SmallTruck65373,N2_LRP152a,0,SmallTruck
4255,SmallTruck65373,N2_LRP151b,0,SmallTruck
4256,MediumTruck65377,N1_LRP423d,0,MediumTruck
4257,MediumTruck65377,N1_LRP423c,0,MediumTruck
4258,MediumTruck65377,N1_LRP423b,0.4608076487323132,MediumTruck
4259,MediumTruck65384,N2_LRP039c,0,MediumTruck
4260,MediumTruck65392,N1_LRP036c,0,MediumTruck
4261,MiniBus65393,N1_LRP423d,0,MiniBus
4262,MiniBus65393,N1_LRP423c,0,MiniBus
4263,MiniBus65393,N1_LRP423b,1.4608076487323132,MiniBus
4264,LargeBus65394,N2_LRP040a,0,LargeBus
4265,LargeBus65394,N2_LRP040b,0,LargeBus
4266,LargeBus65396,N1_LRP122a,0,LargeBus
4267,MiniBus65405,N2_LRP158a,0,MiniBus
4268,LargeBus65408,N1_LRP035a,0,LargeBus
4269,MediumTruck65409,N1_LRP429c,0,MediumTruck
4270,MediumTruck65409,N1_LRP429b,0,MediumTruck
4271,MediumTruck65409,N1_LRP429a,0,MediumTruck
4272,HeavyTruck65415,N104_LRP017b,0,HeavyTruck
4273,MediumTruck65421,N2_LRP163d,0,MediumTruck
4274,MediumTruck65421,N2_LRP163c,0,MediumTruck
4275,MediumTruck65421,N2_LRP163b,0,MediumTruck
4276,MediumTruck65421,N2_LRP163a,0,MediumTruck
4277,MediumTruck65425,N1_LRP432a,0,MediumTruck
4278,SmallTruck65430,N1_LRP171c,0,SmallTruck
4279,MediumTruck65433,N105_LRP020c,0,MediumTruck
4280,LargeBus65434,N2_LRP087a,0,LargeBus
4281,MediumTruck65436,N2_LRP121a,0,MediumTruck
4282,LargeBus65437,N2_LRP165d,0,LargeBus
4283,LargeBus65437,N2_LRP165c,0,LargeBus
4284,MediumTruck65438,N208_LRP028d,0,MediumTruck
4285,MediumTruck65441,N1_LRP435c,0,MediumTruck
4286,MediumTruck65445,N102_LRP058a,0,MediumTruck
4287,SmallTruck65449,N105_LRP024c,0,SmallTruck
4288,MediumTruck65454,N208_LRP024d,0,MediumTruck
4289,MiniBus65455,N208_LRP031d,0,MiniBus
4290,MediumTruck65456,N1_LRP020a,0,MediumTruck
4291,MediumTruck65457,N1_LRP439a,0,MediumTruck
4292,MediumTruck65461,N102_LRP062c,0,MediumTruck
4293,MediumTruck65461,N102_LRP062b,0,MediumTruck
4294,MediumTruck65473,N1_LRP443d,0,MediumTruck
4295,MediumTruck65473,N1_LRP443c,0,MediumTruck
4296,MediumTruck65474,N2_LRP016a,0,MediumTruck
4297,SmallTruck65482,N2_LRP132c,0,SmallTruck
4298,SmallTruck65485,N2_LRP178a,0,SmallTruck
4299,MediumTruck65489,N1_LRP447c,0,MediumTruck
4300,SmallTruck65490,N2_LRP012c,0,SmallTruck
4301,HeavyTruck65491,N2_LRP276a,0,HeavyTruck
4302,MediumTruck65492,N1_LRP094a,0,MediumTruck
4303,MediumTruck65498,N2_LRP128b,0,MediumTruck
4304,MediumTruck65498,N2_LRP129a,0,MediumTruck
4305,MiniBus65503,N2_LRP216b,0,MiniBus
4306,LargeBus65505,N1_LRP450c,0,LargeBus
4307,SmallTruck65519,N2_LRP221b,0,SmallTruck
4308,MediumTruck65521,N1_LRP455a,0,MediumTruck
4309,MediumTruck65523,N2_LRP284b,0,MediumTruck
4310,MediumTruck65533,N2_LRP188a,0,MediumTruck
4311,MediumTruck65533,N2_LRP187b,0,MediumTruck
4312,MediumTruck65282,N2_LRP064b,0,MediumTruck
4313,MediumTruck65284,N102_LRP065a,0,MediumTruck
4314,MediumTruck65285,N102_LRP017a,0,MediumTruck
4315,SmallTruck65292,N207_LRP066b,0,SmallTruck
4316,LargeBus65293,N2_LRP129a,0,LargeBus
4317,LargeBus65293,N2_LRP128b,0,LargeBus
4318,MediumTruck65294,N2_LRP221b,0,MediumTruck
4319,MiniBus65295,N2_LRP163d,0,MiniBus
4320,MiniBus65295,N2_LRP163c,0,MiniBus
4321,MiniBus65295,N2_LRP163b,0,MiniBus
4322,LargeBus65299,N2_LRP221b,0,LargeBus
4323,MiniBus65311,N2_LRP167b,0,MiniBus
4324,MiniBus65311,N2_LRP166e,0,MiniBus
4325,MediumTruck65312,N2_LRP048b,0,MediumTruck
4326,MediumTruck65314,N2_LRP057a,0,MediumTruck
4327,SmallTruck65323,N2_LRP096a,0,SmallTruck
4328,SmallTruck65323,N2_LRP095a,0,SmallTruck
4329,MediumTruck65326,N2_LRP228b,0,MediumTruck
4330,LargeBus65328,N2_LRP048a,0,LargeBus
4331,SmallTruck65329,N1_LRP411a,0,SmallTruck
4332,MediumTruck65334,N1_LRP094a,0,MediumTruck
4333,MediumTruck65337,N2_LRP029b,0,MediumTruck
4334,SmallTruck65346,N2_LRP046c,0,SmallTruck
4335,SmallTruck65346,N2_LRP047a,0,SmallTruck
4336,SmallTruck65346,N2_LRP047c,0,SmallTruck
4337,MediumTruck65349,N102_LRP033c,0,MediumTruck
4338,MediumTruck65353,N2_LRP025a,0,MediumTruck
4339,MediumTruck65353,N2_LRP025b,0,MediumTruck
4340,SmallTruck65355,N2_LRP132a,0,SmallTruck
4341,SmallTruck65355,N2_LRP132b,0,SmallTruck
4342,MiniBus65361,N1_LRP417b,0,MiniBus
4343,MiniBus65361,N1_LRP416e,0,MiniBus
4344,MiniBus65361,N1_LRP416d,0,MiniBus
4345,MediumTruck65362,N2_LRP044c,0,MediumTruck
4346,HeavyTruck65364,N102_LRP045a,0,HeavyTruck
4347,MediumTruck65365,N102_LRP037c,0,MediumTruck
4348,MediumTruck65369,N105_LRP003a,0,MediumTruck
4349,SmallTruck65373,N2_LRP151a,0,SmallTruck
4350,MediumTruck65379,N2_LRP246c,0,MediumTruck
4351,MediumTruck65382,N1_LRP107a,0,MediumTruck
4352,MediumTruck65384,N2_LRP040a,0,MediumTruck
4353,MediumTruck65384,N2_LRP040b,0,MediumTruck
4354,LargeBus65388,N2_LRP186c,0,LargeBus
4355,MediumTruck65389,N2_LRP230c,0,MediumTruck
4356,MediumTruck65389,N2_LRP230e,0,MediumTruck
4357,LargeBus65394,N2_LRP041b,0,LargeBus
4358,LargeBus65395,N2_LRP246c,0,LargeBus
4359,LargeBus65396,N1_LRP123a,0,LargeBus
4360,MediumTruck65397,N102_LRP045a,0,MediumTruck
4361,MiniBus65405,N2_LRP157b,0,MiniBus
4362,MiniBus65405,N2_LRP157a,0,MiniBus
4363,LargeBus65408,N1_LRP036c,0,LargeBus
4364,MediumTruck65409,N1_LRP428d,0,MediumTruck
4365,MediumTruck65409,N1_LRP428c,0,MediumTruck
4366,MediumTruck65409,N1_LRP428b,0,MediumTruck
4367,MediumTruck65409,N1_LRP428a,0,MediumTruck
4368,MediumTruck65421,N2_LRP162e,0,MediumTruck
4369,MediumTruck65421,N2_LRP162d,0,MediumTruck
4370,MediumTruck65421,N2_LRP162c,0,MediumTruck
4371,MediumTruck65425,N1_LRP431d,0.4466045811639797,MediumTruck
4372,SmallTruck65427,N2_LRP258a,0,SmallTruck
4373,SmallTruck65428,N102_LRP028c,0,SmallTruck
4374,SmallTruck65430,N1_LRP172a,0,SmallTruck
4375,SmallTruck65430,N1_LRP172b,0,SmallTruck
4376,LargeBus65431,N104_LRP017b,0,LargeBus
4377,LargeBus65434,N2_LRP086a,0,LargeBus
4378,MediumTruck65436,N2_LRP120a,0,MediumTruck
4379,MediumTruck65436,N2_LRP119c,0,MediumTruck
4380,LargeBus65437,N2_LRP164d,0,LargeBus
4381,LargeBus65437,N2_LRP164b,0,LargeBus
4382,LargeBus65437,N2_LRP164a,0,LargeBus
4383,MediumTruck65438,N208_LRP029c,0,MediumTruck
4384,MediumTruck65446,N1_LRP123a,0,MediumTruck
4385,MediumTruck65448,N105_LRP024c,0,MediumTruck
4386,MiniBus65455,N208_LRP031b,0,MiniBus
4387,MediumTruck65462,N1_LRP127a,0,MediumTruck
4388,MediumTruck65464,N105_LRP020c,0,MediumTruck
4389,SmallTruck65477,N102_LRP065a,0,SmallTruck
4390,MediumTruck65481,N105_LRP032c,0,MediumTruck
4391,MediumTruck65481,N105_LRP032b,0,MediumTruck
4392,SmallTruck65482,N2_LRP133a,0,SmallTruck
4393,SmallTruck65485,N2_LRP177a,0,SmallTruck
4394,LargeBus65487,N2_LRP211c,0,LargeBus
4395,LargeBus65487,N2_LRP211b,0,LargeBus
4396,MediumTruck65488,N1_LRP012a,0,MediumTruck
4397,MediumTruck65488,N1_LRP012b,0,MediumTruck
4398,MediumTruck65489,N1_LRP447b,0,MediumTruck
4399,MediumTruck65489,N1_LRP447a,0,MediumTruck
4400,MediumTruck65489,N1_LRP446d,0,MediumTruck
4401,MediumTruck65489,N1_LRP446b,0,MediumTruck
4402,SmallTruck65490,N2_LRP012f,0,SmallTruck
4403,MediumTruck65498,N2_LRP129b,0,MediumTruck
4404,MediumTruck65498,N2_LRP129c,0,MediumTruck
4405,MediumTruck65498,N2_LRP130a,0,MediumTruck
4406,MiniBus65500,N2_LRP135b,0,MiniBus
4407,MiniBus65500,N2_LRP135a,0,MiniBus
4408,MiniBus65503,N2_LRP216a,0,MiniBus
4409,LargeBus65505,N1_LRP450a,0,LargeBus
4410,MediumTruck65513,N105_LRP041c,0,MediumTruck
4411,MediumTruck65516,N207_LRP008c,0,MediumTruck
4412,SmallTruck65517,N2_LRP184c,0,SmallTruck
4413,MediumTruck65523,N2_LRP283b,0,MediumTruck
4414,SmallTruck65534,N208_LRP004c,0,SmallTruck
4415,LargeBus65542,N104_LRPSa,0,LargeBus
4416,MediumTruck65551,N2_LRP228b,0,MediumTruck
4417,LargeBus65293,N2_LRP128a,0,LargeBus
4418,LargeBus65293,N2_LRP127c,0,LargeBus
4419,MiniBus65295,N2_LRP163a,0,MiniBus
4420,MiniBus65295,N2_LRP162e,0,MiniBus
4421,MiniBus65295,N2_LRP162d,0,MiniBus
4422,MiniBus65295,N2_LRP162c,0,MiniBus
4423,LargeBus65296,N1_LRP068a,0,LargeBus
4424,LargeBus65298,N2_LRP066a,0,LargeBus
4425,LargeBus65300,N1_LRP014a,0,LargeBus
4426,SmallTruck65303,N1_LRP131b,0,SmallTruck
4427,MiniBus65311,N2_LRP166d,0,MiniBus
4428,MediumTruck65314,N2_LRP057b,0,MediumTruck
4429,MediumTruck65325,N2_LRP140a,0.24871558203628946,MediumTruck
4430,LargeBus65328,N2_LRP048b,0,LargeBus
4431,SmallTruck65329,N1_LRP410c,0.14225026987359699,SmallTruck
4432,MediumTruck65333,N102_LRP028c,0,MediumTruck
4433,MediumTruck65336,N2_LRP052a,0,MediumTruck
4434,SmallTruck65346,N2_LRP048a,0,SmallTruck
4435,MediumTruck65351,N1_LRP143a,0,MediumTruck
4436,SmallTruck65355,N2_LRP132c,0,SmallTruck
4437,MiniBus65361,N1_LRP415c,3.586422060806123,MiniBus
4438,MediumTruck65362,N2_LRP045b,0,MediumTruck
4439,LargeBus65363,N2_LRP236c,0,LargeBus
4440,MediumTruck65365,N102_LRP036d,0,MediumTruck
4441,MediumTruck65365,N102_LRP036b,0,MediumTruck
4442,LargeBus65366,N1_LRP098a,0,LargeBus
4443,SmallTruck65372,N2_LRP103c,0,SmallTruck
4444,MediumTruck65374,N208_LRP046b,0,MediumTruck
4445,MediumTruck65377,N1_LRP422b,0,MediumTruck
4446,MediumTruck65384,N2_LRP041b,0,MediumTruck
4447,LargeBus65388,N2_LRP186d,0,LargeBus
4448,MediumTruck65389,N2_LRP231c,0,MediumTruck
4449,MediumTruck65391,N2_LRP188a,0,MediumTruck
4450,LargeBus65394,N2_LRP042a,0,LargeBus
4451,MediumTruck65402,N2_LRP081b,0,MediumTruck
4452,MediumTruck65402,N2_LRP081a,0,MediumTruck
4453,MiniBus65405,N2_LRP156a,0,MiniBus
4454,LargeBus65407,N2_LRP188a,0,LargeBus
4455,MediumTruck65409,N1_LRP427e,0,MediumTruck
4456,MediumTruck65409,N1_LRP427d,0,MediumTruck
4457,MediumTruck65409,N1_LRP427b,0,MediumTruck
4458,MediumTruck65412,N102_LRP033c,0,MediumTruck
4459,MiniBus65418,N2_LRP081b,0,MiniBus
4460,MiniBus65418,N2_LRP081a,0,MiniBus
4461,MediumTruck65421,N2_LRP162a,1.4637432414630243,MediumTruck
4462,SmallTruck65423,N208_LRP024d,0,SmallTruck
4463,SmallTruck65428,N102_LRP029d,0,SmallTruck
4464,SmallTruck65430,N1_LRP173a,0.10377850461936675,SmallTruck
4465,MediumTruck65436,N2_LRP118g,0,MediumTruck
4466,LargeBus65437,N2_LRP163d,0,LargeBus
4467,LargeBus65437,N2_LRP163c,0,LargeBus
4468,LargeBus65437,N2_LRP163b,0,LargeBus
4469,SmallTruck65443,N2_LRP262a,0,SmallTruck
4470,SmallTruck65443,N2_LRP261b,0,SmallTruck
4471,MediumTruck65446,N1_LRP122a,0,MediumTruck
4472,SmallTruck65449,N105_LRP023c,0,SmallTruck
4473,MediumTruck65457,N1_LRP438c,0,MediumTruck
4474,MediumTruck65457,N1_LRP438b,0,MediumTruck
4475,MediumTruck65457,N1_LRP438a,0,MediumTruck
4476,MediumTruck65464,N105_LRP021d,0,MediumTruck
4477,MediumTruck65465,N105_LRP027c,0,MediumTruck
4478,MiniBus65470,N208_LRP024d,0,MiniBus
4479,MiniBus65471,N208_LRP034d,0,MiniBus
4480,MiniBus65471,N208_LRP034c,0,MiniBus
4481,MediumTruck65473,N1_LRP441a,0,MediumTruck
4482,MediumTruck65476,N102_LRP017a,0,MediumTruck
4483,MediumTruck65478,N104_LRP017b,0,MediumTruck
4484,SmallTruck65482,N2_LRP134b,0,SmallTruck
4485,SmallTruck65482,N2_LRP134c,0,SmallTruck
4486,SmallTruck65483,N204_LRP020b,0,SmallTruck
4487,SmallTruck65485,N2_LRP176e,0,SmallTruck
4488,SmallTruck65485,N2_LRP176d,0,SmallTruck
4489,SmallTruck65485,N2_LRP176c,0,SmallTruck
4490,SmallTruck65485,N2_LRP176b,0,SmallTruck
4491,MediumTruck65488,N1_LRP014a,0,MediumTruck
4492,HeavyTruck65491,N2_LRP274e,0,HeavyTruck
4493,MediumTruck65498,N2_LRP130b,0,MediumTruck
4494,MediumTruck65498,N2_LRP130c,0,MediumTruck
4495,MiniBus65500,N2_LRP134c,0,MiniBus
4496,MiniBus65503,N2_LRP214b,0.09352252744392264,MiniBus
4497,LargeBus65505,N1_LRP449d,0,LargeBus
4498,LargeBus65505,N1_LRP449c,0,LargeBus
4499,SmallTruck65508,N102_LRP009a,0,SmallTruck
4500,MediumTruck65513,N105_LRP040c,0,MediumTruck
4501,SmallTruck65517,N2_LRP183d,0.1973119481651364,SmallTruck
4502,SmallTruck65519,N2_LRP219a,0,SmallTruck
4503,MediumTruck65520,N1_LRP004b,0,MediumTruck
4504,SmallTruck65527,N104_LRP044d,0,SmallTruck
4505,SmallTruck65532,N2_LRP141b,0,SmallTruck
4506,SmallTruck65532,N2_LRP141a,0,SmallTruck
4507,MediumTruck65533,N2_LRP186d,0,MediumTruck
4508,MediumTruck65533,N2_LRP186c,0,MediumTruck
4509,MediumTruck65535,N2_LRP224b,0,MediumTruck
4510,MediumTruck65541,N102_LRP082a,0,MediumTruck
4511,SmallTruck65548,N2_LRP146a,0,SmallTruck
4512,SmallTruck65281,N1_LRP400a,0,SmallTruck
4513,MediumTruck65282,N2_LRP066a,0,MediumTruck
4514,MediumTruck65285,N102_LRP015a,0,MediumTruck
4515,MediumTruck65289,N1_LRP030a,0,MediumTruck
4516,LargeBus65293,N2_LRP127b,0,LargeBus
4517,LargeBus65293,N2_LRP126d,0,LargeBus
4518,LargeBus65293,N2_LRP126c,0,LargeBus
4519,LargeBus65293,N2_LRP126b,0,LargeBus
4520,MediumTruck65294,N2_LRP219a,0,MediumTruck
4521,MiniBus65295,N2_LRP162a,2.4637432414630243,MiniBus
4522,LargeBus65298,N2_LRP067c,0,LargeBus
4523,LargeBus65299,N2_LRP219a,0,LargeBus
4524,LargeBus65300,N1_LRP012b,0,LargeBus
4525,LargeBus65300,N1_LRP012a,0,LargeBus
4526,SmallTruck65301,N102_LRP019b,0,SmallTruck
4527,SmallTruck65301,N102_LRP019a,0,SmallTruck
4528,MiniBus65311,N2_LRP165d,0,MiniBus
4529,MiniBus65311,N2_LRP165c,0,MiniBus
4530,MediumTruck65312,N2_LRP050a,0,MediumTruck
4531,SmallTruck65316,N1_LRP023a,0,SmallTruck
4532,MediumTruck65326,N2_LRP226d,0,MediumTruck
4533,MediumTruck65326,N2_LRP226c,0,MediumTruck
4534,LargeBus65328,N2_LRP050a,0,LargeBus
4535,SmallTruck65329,N1_LRP410b,0,SmallTruck
4536,HeavyTruck65332,N102_LRP055c,0,HeavyTruck
4537,MediumTruck65336,N2_LRP053a,0,MediumTruck
4538,MediumTruck65341,N2_LRP141b,0,MediumTruck
4539,MediumTruck65341,N2_LRP141a,0,MediumTruck
4540,MediumTruck65342,N208_LRP055a,0,MediumTruck
4541,MediumTruck65345,N1_LRP414a,0,MediumTruck
4542,SmallTruck65346,N2_LRP048b,0,SmallTruck
4543,SmallTruck65347,N2_LRP236c,0,SmallTruck
4544,SmallTruck65355,N2_LRP133a,0,SmallTruck
4545,LargeBus65363,N2_LRP236a,0,LargeBus
4546,SmallTruck65372,N2_LRP102a,0,SmallTruck
4547,MediumTruck65377,N1_LRP421f,0,MediumTruck
4548,MediumTruck65377,N1_LRP421d,0,MediumTruck
4549,MediumTruck65382,N1_LRP105a,0,MediumTruck
4550,MediumTruck65384,N2_LRP042a,0,MediumTruck
4551,MediumTruck65385,N105_LRP006a,0,MediumTruck
4552,MediumTruck65385,N105_LRP005c,0,MediumTruck
4553,LargeBus65388,N2_LRP187b,0,LargeBus
4554,MediumTruck65389,N2_LRP231d,0,MediumTruck
4555,MiniBus65390,N208_LRP046b,0,MiniBus
4556,MediumTruck65391,N2_LRP187b,0,MediumTruck
4557,MiniBus65393,N1_LRP422b,0,MiniBus
4558,MiniBus65393,N1_LRP421f,0,MiniBus
4559,LargeBus65394,N2_LRP043a,0.0020498184736014472,LargeBus
4560,HeavyTruck65400,N105_LRP039b,0,HeavyTruck
4561,MediumTruck65402,N2_LRP079d,0,MediumTruck
4562,MediumTruck65402,N2_LRP079b,0.3367370452392576,MediumTruck
4563,MiniBus65405,N2_LRP155a,0,MiniBus
4564,LargeBus65407,N2_LRP187b,0,LargeBus
4565,MediumTruck65409,N1_LRP426e,0,MediumTruck
4566,MediumTruck65409,N1_LRP426d,0,MediumTruck
4567,LargeBus65411,N2_LRP249a,0,LargeBus
4568,MediumTruck65412,N102_LRP034b,0,MediumTruck
4569,MiniBus65418,N2_LRP079d,0,MiniBus
4570,MiniBus65418,N2_LRP079b,1.0378481855196915,MiniBus
4571,MediumTruck65425,N1_LRP431b,0,MediumTruck
4572,MediumTruck65425,N1_LRP431a,0,MediumTruck
4573,MediumTruck65425,N1_LRP430c,0,MediumTruck
4574,SmallTruck65430,N1_LRP173b,0,SmallTruck
4575,LargeBus65434,N2_LRP084a,0,LargeBus
4576,MediumTruck65436,N2_LRP118e,0,MediumTruck
4577,MediumTruck65436,N2_LRP118b,0,MediumTruck
4578,MediumTruck65436,N2_LRP118a,0,MediumTruck
4579,LargeBus65437,N2_LRP163a,0,LargeBus
4580,LargeBus65437,N2_LRP162e,0,LargeBus
4581,LargeBus65437,N2_LRP162d,0,LargeBus
4582,LargeBus65437,N2_LRP162c,0,LargeBus
4583,MediumTruck65438,N208_LRP031b,0,MediumTruck
4584,MediumTruck65438,N208_LRP031d,0,MediumTruck
4585,SmallTruck65439,N2_LRP200c,0,SmallTruck
4586,MediumTruck65440,N1_LRP026a,0,MediumTruck
4587,MediumTruck65440,N1_LRP026b,0,MediumTruck
4588,MediumTruck65441,N1_LRP433c,0,MediumTruck
4589,MediumTruck65441,N1_LRP433b,0.06783436339799163,MediumTruck
4590,MiniBus65442,N2_LRP029b,0,MiniBus
4591,SmallTruck65443,N2_LRP261a,0,SmallTruck
4592,SmallTruck65449,N105_LRP022c,0,SmallTruck
4593,MiniBus65453,N2_LRP219a,0,MiniBus
4594,MediumTruck65454,N208_LRP027b,0,MediumTruck
4595,MediumTruck65454,N208_LRP027d,0,MediumTruck
4596,MiniBus65455,N208_LRP029c,0,MiniBus
4597,MediumTruck65456,N1_LRP023a,0,MediumTruck
4598,MediumTruck65457,N1_LRP437b,0,MediumTruck
4599,MediumTruck65457,N1_LRP437a,0,MediumTruck
4600,MediumTruck65464,N105_LRP022c,0,MediumTruck
4601,MediumTruck65474,N2_LRP018a,0,MediumTruck
4602,MediumTruck65481,N105_LRP030c,0,MediumTruck
4603,SmallTruck65482,N2_LRP135a,0,SmallTruck
4604,SmallTruck65485,N2_LRP175f,0,SmallTruck
4605,SmallTruck65485,N2_LRP175e,0,SmallTruck
4606,SmallTruck65485,N2_LRP175d,0,SmallTruck
4607,SmallTruck65485,N2_LRP175c,0,SmallTruck
4608,MediumTruck65489,N1_LRP445d,0,MediumTruck
4609,MediumTruck65489,N1_LRP445b,0,MediumTruck
4610,MediumTruck65497,N105_LRP035d,0,MediumTruck
4611,MiniBus65500,N2_LRP134b,0,MiniBus
4612,MiniBus65500,N2_LRP133a,0,MiniBus
4613,LargeBus65505,N1_LRP448a,0,LargeBus
4614,MediumTruck65513,N105_LRP039b,0,MediumTruck
4615,SmallTruck65517,N2_LRP183c,0,SmallTruck
4616,MediumTruck65521,N1_LRP452e,0,MediumTruck
4617,MediumTruck65521,N1_LRP452d,0,MediumTruck
4618,SmallTruck65532,N2_LRP140c,0.16214244930225125,SmallTruck
4619,MediumTruck65533,N2_LRP186b,0.31848669992898226,MediumTruck
4620,MediumTruck65536,N1_LRP001a,0,MediumTruck
4621,MediumTruck65537,N1_LRP456c,0,MediumTruck
4622,SmallTruck65539,N2_LRP285c,0,SmallTruck
4623,LargeBus65542,N1_LRP145a,0,LargeBus
4624,LargeBus65549,N207_LRP066b,0,LargeBus
4625,MediumTruck65551,N2_LRP226d,0,MediumTruck
4626,MediumTruck65551,N2_LRP226c,0,MediumTruck
4627,SmallTruck65281,N1_LRP398d,0.6077034016865923,SmallTruck
4628,MediumTruck65282,N2_LRP067c,0,MediumTruck
4629,LargeBus65293,N2_LRP126a,0,LargeBus
4630,LargeBus65293,N2_LRP125d,0,LargeBus
4631,LargeBus65308,N2_LRP081b,0,LargeBus
4632,LargeBus65308,N2_LRP081a,0,LargeBus
4633,MiniBus65311,N2_LRP164d,0,MiniBus
4634,MiniBus65311,N2_LRP164b,0,MiniBus
4635,MiniBus65311,N2_LRP164a,0,MiniBus
4636,MediumTruck65314,N2_LRP058c,0,MediumTruck
4637,MediumTruck65314,N2_LRP059a,0,MediumTruck
4638,SmallTruck65317,N102_LRP022a,0,SmallTruck
4639,MediumTruck65321,N2_LRP035b,0,MediumTruck
4640,SmallTruck65323,N2_LRP093a,0,SmallTruck
4641,MediumTruck65325,N2_LRP139b,0,MediumTruck
4642,MediumTruck65325,N2_LRP139a,0,MediumTruck
4643,SmallTruck65329,N1_LRP410a,0,SmallTruck
4644,SmallTruck65331,N2_LRP231d,0,SmallTruck
4645,SmallTruck65331,N2_LRP231c,0,SmallTruck
4646,MediumTruck65336,N2_LRP054a,0,MediumTruck
4647,MediumTruck65341,N2_LRP140c,1.1621424493022512,MediumTruck
4648,SmallTruck65347,N2_LRP236a,0,SmallTruck
4649,SmallTruck65347,N2_LRP235a,0,SmallTruck
4650,MediumTruck65351,N1_LRP142a,0,MediumTruck
4651,SmallTruck65355,N2_LRP134b,0,SmallTruck
4652,SmallTruck65355,N2_LRP134c,0,SmallTruck
4653,MediumTruck65356,N2_LRP098b,0.13026667082755422,MediumTruck
4654,MediumTruck65362,N2_LRP046c,0,MediumTruck
4655,MediumTruck65362,N2_LRP047a,0,MediumTruck
4656,MediumTruck65362,N2_LRP047c,0,MediumTruck
4657,LargeBus65363,N2_LRP235a,0,LargeBus
4658,MediumTruck65377,N1_LRP420e,0,MediumTruck
4659,MediumTruck65379,N2_LRP243b,0,MediumTruck
4660,SmallTruck65381,N102_LRP038d,0,SmallTruck
4661,MediumTruck65384,N2_LRP043a,0.18547476370063054,MediumTruck
4662,MediumTruck65387,N2_LRP108a,0,MediumTruck
4663,LargeBus65388,N2_LRP188a,0,LargeBus
4664,MediumTruck65391,N2_LRP186d,0,MediumTruck
4665,MiniBus65393,N1_LRP421d,0,MiniBus
4666,LargeBus65395,N2_LRP243b,0,LargeBus
4667,MediumTruck65399,N104_LRP010a,0,MediumTruck
4668,HeavyTruck65400,N105_LRP040c,0,HeavyTruck
4669,MiniBus65405,N2_LRP154c,0,MiniBus
4670,LargeBus65407,N2_LRP186d,0,LargeBus
4671,MediumTruck65409,N1_LRP426c,0,MediumTruck
4672,MediumTruck65409,N1_LRP426b,0,MediumTruck
4673,MediumTruck65409,N1_LRP426a,0,MediumTruck
4674,MediumTruck65409,N1_LRP425e,0,MediumTruck
4675,MediumTruck65410,N2_LRP035b,0,MediumTruck
4676,LargeBus65411,N2_LRP248a,0,LargeBus
4677,MediumTruck65421,N2_LRP161c,0,MediumTruck
4678,MediumTruck65421,N2_LRP161b,0,MediumTruck
4679,MediumTruck65425,N1_LRP430b,0,MediumTruck
4680,MediumTruck65425,N1_LRP430a,0,MediumTruck
4681,MediumTruck65425,N1_LRP429f,0,MediumTruck
4682,SmallTruck65430,N1_LRP174a,1.5766580439276252,SmallTruck
4683,MediumTruck65433,N105_LRP017c,0,MediumTruck
4684,MediumTruck65435,N204_LRP003b,0,MediumTruck
4685,LargeBus65437,N2_LRP162a,2.4637432414630243,LargeBus
4686,SmallTruck65439,N2_LRP199d,0,SmallTruck
4687,MediumTruck65440,N1_LRP027a,0,MediumTruck
4688,MediumTruck65441,N1_LRP432b,0,MediumTruck
4689,MediumTruck65445,N102_LRP055c,0,MediumTruck
4690,MediumTruck65446,N1_LRP120b,0,MediumTruck
4691,MediumTruck65448,N105_LRP027c,0,MediumTruck
4692,SmallTruck65449,N105_LRP021d,0,SmallTruck
4693,MediumTruck65454,N208_LRP027f,0,MediumTruck
4694,MiniBus65455,N208_LRP028d,0,MiniBus
4695,MiniBus65455,N208_LRP027f,0,MiniBus
4696,MediumTruck65457,N1_LRP436a,0,MediumTruck
4697,SmallTruck65459,N2_LRP264a,0,SmallTruck
4698,MediumTruck65464,N105_LRP023c,0,MediumTruck
4699,MediumTruck65473,N1_LRP440a,0,MediumTruck
4700,MediumTruck65476,N102_LRP019a,0,MediumTruck
4701,MediumTruck65476,N102_LRP019b,0,MediumTruck
4702,SmallTruck65482,N2_LRP135b,0,SmallTruck
4703,MediumTruck65489,N1_LRP444e,0,MediumTruck
4704,MediumTruck65489,N1_LRP444d,0,MediumTruck
4705,MediumTruck65489,N1_LRP444c,0,MediumTruck
4706,MediumTruck65489,N1_LRP444b,0,MediumTruck
4707,MediumTruck65489,N1_LRP444a,0,MediumTruck
4708,MediumTruck65498,N2_LRP132a,0,MediumTruck
4709,MediumTruck65498,N2_LRP132b,0,MediumTruck
4710,SmallTruck65501,N2_LRP206b,0,SmallTruck
4711,LargeBus65505,N1_LRP447c,0,LargeBus
4712,LargeBus65505,N1_LRP447b,0,LargeBus
4713,LargeBus65505,N1_LRP447a,0,LargeBus
4714,LargeBus65507,N2_LRP276a,0,LargeBus
4715,SmallTruck65510,N1_LRP137a,0,SmallTruck
4716,SmallTruck65517,N2_LRP183a,0,SmallTruck
4717,SmallTruck65517,N2_LRP182d,0,SmallTruck
4718,MediumTruck65521,N1_LRP452c,0,MediumTruck
4719,MediumTruck65521,N1_LRP452a,0,MediumTruck
4720,MediumTruck65521,N1_LRP451e,0,MediumTruck
4721,MediumTruck65529,N105_LRP042b,0,MediumTruck
4722,MediumTruck65537,N1_LRP456a,0,MediumTruck
4723,SmallTruck65539,N2_LRP285a,0,SmallTruck
4724,SmallTruck65539,N2_LRP284c,0,SmallTruck
4725,SmallTruck65546,N204_LRP003b,0,SmallTruck
4726,MediumTruck65551,N2_LRP225c,0.07327339678485614,MediumTruck
4727,SmallTruck65281,N1_LRP398a,0,SmallTruck
4728,LargeBus65293,N2_LRP125c,0,LargeBus
4729,LargeBus65293,N2_LRP125b,0,LargeBus
4730,LargeBus65293,N2_LRP125a,0,LargeBus
4731,MediumTruck65297,N1_LRP403a,0,MediumTruck
4732,SmallTruck65304,N1_LRP077a,0,SmallTruck
4733,LargeBus65308,N2_LRP079d,0,LargeBus
4734,LargeBus65308,N2_LRP079b,1.0378481855196915,LargeBus
4735,MiniBus65311,N2_LRP163d,0,MiniBus
4736,MiniBus65311,N2_LRP163c,0,MiniBus
4737,MiniBus65311,N2_LRP163b,0,MiniBus
4738,LargeBus65313,N1_LRP403a,0,LargeBus
4739,SmallTruck65324,N207_LRP061d,0,SmallTruck
4740,MediumTruck65325,N2_LRP138b,0,MediumTruck
4741,MediumTruck65326,N2_LRP225c,0.1460704214421152,MediumTruck
4742,SmallTruck65331,N2_LRP230e,0,SmallTruck
4743,MediumTruck65335,N1_LRP137a,0,MediumTruck
4744,MediumTruck65336,N2_LRP054b,0,MediumTruck
4745,MediumTruck65345,N1_LRP412d,0,MediumTruck
4746,MediumTruck65345,N1_LRP412b,0,MediumTruck
4747,SmallTruck65346,N2_LRP050a,0,SmallTruck
4748,MediumTruck65349,N102_LRP029d,0,MediumTruck
4749,HeavyTruck65352,N1_LRP064c,0,HeavyTruck
4750,SmallTruck65355,N2_LRP135a,0,SmallTruck
4751,MediumTruck65362,N2_LRP048a,0,MediumTruck
4752,MediumTruck65365,N102_LRP034b,0,MediumTruck
4753,MediumTruck65367,N1_LRP145a,0,MediumTruck
4754,SmallTruck65373,N2_LRP148b,0,SmallTruck
4755,MediumTruck65377,N1_LRP420d,0,MediumTruck
4756,MediumTruck65377,N1_LRP420c,0,MediumTruck
4757,MediumTruck65377,N1_LRP420a,0,MediumTruck
4758,MediumTruck65379,N2_LRP243a,0,MediumTruck
4759,SmallTruck65381,N102_LRP038b,0,SmallTruck
4760,SmallTruck65381,N102_LRP037d,0,SmallTruck
4761,MediumTruck65391,N2_LRP186c,0,MediumTruck
4762,MiniBus65393,N1_LRP420e,0,MiniBus
4763,MiniBus65393,N1_LRP420d,0,MiniBus
4764,MiniBus65393,N1_LRP420c,0,MiniBus
4765,MiniBus65393,N1_LRP420a,0,MiniBus
4766,LargeBus65394,N2_LRP043d,0,LargeBus
4767,LargeBus65394,N2_LRP044a,0,LargeBus
4768,LargeBus65395,N2_LRP243a,0,LargeBus
4769,LargeBus65396,N1_LRP127a,0,LargeBus
4770,HeavyTruck65400,N105_LRP041c,0,HeavyTruck
4771,MediumTruck65402,N2_LRP079a,0,MediumTruck
4772,MiniBus65405,N2_LRP153b,0,MiniBus
4773,LargeBus65407,N2_LRP186c,0,LargeBus
4774,LargeBus65407,N2_LRP186b,0.4901428975412809,LargeBus
4775,MediumTruck65409,N1_LRP425c,0.8445889720136983,MediumTruck
4776,SmallTruck65416,N2_LRP035b,0,SmallTruck
4777,MediumTruck65421,N2_LRP161a,0,MediumTruck
4778,MediumTruck65425,N1_LRP429c,0,MediumTruck
4779,MediumTruck65425,N1_LRP429b,0,MediumTruck
4780,MediumTruck65425,N1_LRP429a,0,MediumTruck
4781,MediumTruck65436,N2_LRP117b,0,MediumTruck
4782,MediumTruck65436,N2_LRP117a,0.04209415806436462,MediumTruck
4783,MediumTruck65441,N1_LRP432a,0,MediumTruck
4784,SmallTruck65449,N105_LRP020c,0,SmallTruck
4785,MiniBus65453,N2_LRP221b,0,MiniBus
4786,MediumTruck65454,N208_LRP028d,0,MediumTruck
4787,MiniBus65455,N208_LRP027d,0,MiniBus
4788,MiniBus65455,N208_LRP027b,0,MiniBus
4789,MediumTruck65457,N1_LRP435c,0,MediumTruck
4790,MediumTruck65461,N102_LRP058a,0,MediumTruck
4791,MediumTruck65465,N105_LRP024c,0,MediumTruck
4792,MiniBus65470,N208_LRP027b,0,MiniBus
4793,MiniBus65470,N208_LRP027d,0,MiniBus
4794,MiniBus65471,N208_LRP031d,0,MiniBus
4795,MediumTruck65473,N1_LRP439a,0,MediumTruck
4796,SmallTruck65477,N102_LRP062c,0,SmallTruck
4797,SmallTruck65477,N102_LRP062b,0,SmallTruck
4798,MediumTruck65489,N1_LRP443d,0,MediumTruck
4799,MediumTruck65489,N1_LRP443c,0,MediumTruck
4800,SmallTruck65490,N2_LRP016a,0,SmallTruck
4801,MediumTruck65492,N1_LRP098a,0,MediumTruck
4802,MiniBus65494,N104_LRP017b,0,MiniBus
4803,MediumTruck65498,N2_LRP132c,0,MediumTruck
4804,MiniBus65500,N2_LRP132c,0,MiniBus
4805,MiniBus65500,N2_LRP132b,0,MiniBus
4806,MiniBus65500,N2_LRP132a,0,MiniBus
4807,SmallTruck65501,N2_LRP207b,0,SmallTruck
4808,LargeBus65505,N1_LRP446d,0,LargeBus
4809,LargeBus65505,N1_LRP446b,0,LargeBus
4810,HeavyTruck65506,N2_LRP012c,0,HeavyTruck
4811,LargeBus65507,N2_LRP274e,0,LargeBus
4812,SmallTruck65517,N2_LRP182b,0,SmallTruck
4813,SmallTruck65517,N2_LRP182a,0,SmallTruck
4814,MediumTruck65518,N208_LRP011b,0,MediumTruck
4815,MediumTruck65521,N1_LRP451b,0,MediumTruck
4816,MediumTruck65521,N1_LRP450e,0.09668378021294315,MediumTruck
4817,SmallTruck65532,N2_LRP140a,0.010376489994319083,SmallTruck
4818,MediumTruck65535,N2_LRP221b,0,MediumTruck
4819,MediumTruck65537,N1_LRP455a,0,MediumTruck
4820,SmallTruck65539,N2_LRP284b,0,SmallTruck
4821,MediumTruck65544,N105_LRP003a,0,MediumTruck
4822,MiniBus65280,N1_LRP077a,0,MiniBus
4823,MediumTruck65289,N1_LRP033a,0,MediumTruck
4824,MediumTruck65289,N1_LRP033b,0,MediumTruck
4825,LargeBus65293,N2_LRP124c,0,LargeBus
4826,LargeBus65293,N2_LRP123e,0,LargeBus
4827,MiniBus65295,N2_LRP161c,0,MiniBus
4828,MiniBus65295,N2_LRP161b,0,MiniBus
4829,MediumTruck65297,N1_LRP402b,0,MediumTruck
4830,LargeBus65298,N2_LRP069c,0,LargeBus
4831,LargeBus65298,N2_LRP069e,0,LargeBus
4832,LargeBus65298,N2_LRP070a,0,LargeBus
4833,LargeBus65298,N2_LRP070c,0,LargeBus
4834,LargeBus65299,N2_LRP216b,0,LargeBus
4835,SmallTruck65301,N102_LRP017a,0,SmallTruck
4836,MiniBus65311,N2_LRP163a,0,MiniBus
4837,MiniBus65311,N2_LRP162e,0,MiniBus
4838,MiniBus65311,N2_LRP162d,0,MiniBus
4839,MiniBus65311,N2_LRP162c,0,MiniBus
4840,MediumTruck65312,N2_LRP052a,0,MediumTruck
4841,LargeBus65313,N1_LRP402b,0,LargeBus
4842,MediumTruck65314,N2_LRP060c,0,MediumTruck
4843,MediumTruck65314,N2_LRP061a,0,MediumTruck
4844,SmallTruck65323,N2_LRP092b,0,SmallTruck
4845,SmallTruck65323,N2_LRP092a,0,SmallTruck
4846,SmallTruck65323,N2_LRP091b,0,SmallTruck
4847,MediumTruck65325,N2_LRP138a,0,MediumTruck
4848,LargeBus65328,N2_LRP052a,0,LargeBus
4849,SmallTruck65329,N1_LRP408a,0,SmallTruck
4850,SmallTruck65331,N2_LRP230c,0,SmallTruck
4851,MediumTruck65336,N2_LRP055b,0,MediumTruck
4852,MediumTruck65336,N2_LRP056a,0,MediumTruck
4853,MediumTruck65342,N2_LRP228b,0,MediumTruck
4854,MediumTruck65345,N1_LRP412a,0,MediumTruck
4855,MediumTruck65345,N1_LRP411b,0,MediumTruck
4856,MediumTruck65353,N2_LRP029b,0,MediumTruck
4857,SmallTruck65355,N2_LRP135b,0,SmallTruck
4858,MediumTruck65356,N2_LRP097a,0,MediumTruck
4859,MediumTruck65362,N2_LRP048b,0,MediumTruck
4860,MediumTruck65365,N102_LRP033c,0,MediumTruck
4861,LargeBus65366,N1_LRP094a,0,LargeBus
4862,SmallTruck65373,N2_LRP147d,0,SmallTruck
4863,SmallTruck65373,N2_LRP147b,0,SmallTruck
4864,SmallTruck65373,N2_LRP147a,0,SmallTruck
4865,MediumTruck65379,N2_LRP242a,0,MediumTruck
4866,SmallTruck65381,N102_LRP037c,0,SmallTruck
4867,MediumTruck65384,N2_LRP043d,0,MediumTruck
4868,MediumTruck65384,N2_LRP044a,0,MediumTruck
4869,MediumTruck65385,N105_LRP003a,0,MediumTruck
4870,MediumTruck65387,N2_LRP106b,0,MediumTruck
4871,MediumTruck65387,N2_LRP106a,0,MediumTruck
4872,MediumTruck65391,N2_LRP186b,1.490142897541281,MediumTruck
4873,LargeBus65394,N2_LRP044c,0,LargeBus
4874,LargeBus65395,N2_LRP242a,0,LargeBus
4875,LargeBus65398,N104_LRP044d,0,LargeBus
4876,MediumTruck65402,N2_LRP078a,0,MediumTruck
4877,MediumTruck65404,N2_LRP108a,0,MediumTruck
4878,MiniBus65405,N2_LRP153a,0,MiniBus
4879,MiniBus65405,N2_LRP152d,0,MiniBus
4880,MiniBus65405,N2_LRP152c,0,MiniBus
4881,MediumTruck65409,N1_LRP425b,0,MediumTruck
4882,MediumTruck65409,N1_LRP425a,0,MediumTruck
4883,LargeBus65411,N2_LRP246c,0,LargeBus
4884,MediumTruck65412,N102_LRP036b,0,MediumTruck
4885,MediumTruck65412,N102_LRP036d,0,MediumTruck
4886,MediumTruck65413,N102_LRP045a,0,MediumTruck
4887,MiniBus65418,N2_LRP079a,0,MiniBus
4888,MediumTruck65421,N2_LRP160a,0,MediumTruck
4889,MediumTruck65425,N1_LRP428d,0,MediumTruck
4890,MediumTruck65425,N1_LRP428c,0,MediumTruck
4891,MediumTruck65425,N1_LRP428b,0,MediumTruck
4892,MediumTruck65425,N1_LRP428a,0,MediumTruck
4893,SmallTruck65430,N1_LRP174b,0,SmallTruck
4894,SmallTruck65430,N1_LRP174c,0,SmallTruck
4895,MediumTruck65441,N1_LRP431d,0.16451267250794846,MediumTruck
4896,SmallTruck65443,N2_LRP258a,0,SmallTruck
4897,MediumTruck65446,N1_LRP119a,0,MediumTruck
4898,MiniBus65451,N204_LRP003b,0,MiniBus
4899,MediumTruck65454,N208_LRP029c,0,MediumTruck
4900,MediumTruck65462,N1_LRP123a,0,MediumTruck
4901,MediumTruck65464,N105_LRP024c,0,MediumTruck
4902,MiniBus65470,N208_LRP027f,0,MiniBus
4903,MiniBus65471,N208_LRP031b,0,MiniBus
4904,MediumTruck65474,N2_LRP021a,0,MediumTruck
4905,SmallTruck65479,N104_LRP028a,0,SmallTruck
4906,LargeBus65487,N2_LRP207b,0,LargeBus
4907,MediumTruck65493,N102_LRP065a,0,MediumTruck
4908,MediumTruck65497,N105_LRP032c,0,MediumTruck
4909,MediumTruck65497,N105_LRP032b,0,MediumTruck
4910,MediumTruck65498,N2_LRP133a,0,MediumTruck
4911,MiniBus65503,N2_LRP211c,0,MiniBus
4912,MiniBus65503,N2_LRP211b,0,MiniBus
4913,LargeBus65505,N1_LRP445d,0,LargeBus
4914,LargeBus65505,N1_LRP445b,0,LargeBus
4915,HeavyTruck65506,N2_LRP012f,0,HeavyTruck
4916,SmallTruck65510,N1_LRP136a,0,SmallTruck
4917,SmallTruck65517,N2_LRP181c,0,SmallTruck
4918,SmallTruck65519,N2_LRP216b,0,SmallTruck
4919,MediumTruck65521,N1_LRP450c,0,MediumTruck
4920,MiniBus65524,N102_LRP009a,0,MiniBus
4921,MediumTruck65529,N105_LRP041c,0,MediumTruck
4922,MediumTruck65533,N2_LRP184c,0,MediumTruck
4923,SmallTruck65539,N2_LRP283b,0,SmallTruck
4924,LargeBus65542,N1_LRP143a,0,LargeBus
4925,LargeBus65543,N104_LRP044d,0,LargeBus
4926,MiniBus65550,N208_LRP004c,0,MiniBus
4927,MiniBus65558,N104_LRPSa,0,MiniBus
4928,MiniBus65567,N2_LRP229a,0.014015076946575153,MiniBus
4929,MediumTruck65282,N2_LRP069c,0,MediumTruck
4930,MediumTruck65282,N2_LRP069e,0,MediumTruck
4931,MediumTruck65282,N2_LRP070a,0,MediumTruck
4932,MediumTruck65289,N1_LRP034a,0,MediumTruck
4933,LargeBus65293,N2_LRP123d,0,LargeBus
4934,LargeBus65293,N2_LRP123c,0,LargeBus
4935,MediumTruck65294,N2_LRP216b,0,MediumTruck
4936,MiniBus65295,N2_LRP161a,0,MiniBus
4937,LargeBus65299,N2_LRP216a,0,LargeBus
4938,SmallTruck65303,N1_LRP127a,0,SmallTruck
4939,LargeBus65308,N2_LRP079a,0,LargeBus
4940,MiniBus65311,N2_LRP162a,0.8014668640297538,MiniBus
4941,MediumTruck65312,N2_LRP053a,0,MediumTruck
4942,SmallTruck65316,N1_LRP020a,0,SmallTruck
4943,MediumTruck65321,N2_LRP038c,0,MediumTruck
4944,LargeBus65328,N2_LRP053a,0,LargeBus
4945,LargeBus65328,N2_LRP054a,0,LargeBus
4946,SmallTruck65331,N2_LRP229c,0,SmallTruck
4947,HeavyTruck65332,N102_LRP058a,0,HeavyTruck
4948,MediumTruck65335,N1_LRP136a,0,MediumTruck
4949,MediumTruck65336,N2_LRP057a,0,MediumTruck
4950,MediumTruck65341,N2_LRP140a,0.05770311258536468,MediumTruck
4951,MediumTruck65345,N1_LRP411a,0,MediumTruck
4952,MediumTruck65349,N102_LRP028c,0,MediumTruck
4953,MediumTruck65356,N2_LRP096c,0,MediumTruck
4954,MiniBus65361,N1_LRP414a,0,MiniBus
4955,MediumTruck65367,N1_LRP143a,0,MediumTruck
4956,SmallTruck65373,N2_LRP146a,0,SmallTruck
4957,LargeBus65376,N1_LRP051a,0,LargeBus
4958,MediumTruck65377,N1_LRP418b,0,MediumTruck
4959,MediumTruck65379,N2_LRP241c,0,MediumTruck
4960,MediumTruck65380,N1_LRP036c,0,MediumTruck
4961,SmallTruck65381,N102_LRP036d,0,SmallTruck
4962,SmallTruck65381,N102_LRP036b,0,SmallTruck
4963,MediumTruck65384,N2_LRP044c,0,MediumTruck
4964,MediumTruck65389,N2_LRP235a,0,MediumTruck
4965,MiniBus65393,N1_LRP418b,0,MiniBus
4966,LargeBus65394,N2_LRP045b,0,LargeBus
4967,LargeBus65395,N2_LRP241c,0,LargeBus
4968,HeavyTruck65400,N105_LRP042b,0,HeavyTruck
4969,MiniBus65405,N2_LRP152b,0,MiniBus
4970,MiniBus65405,N2_LRP152a,0,MiniBus
4971,MiniBus65405,N2_LRP151b,0,MiniBus
4972,MediumTruck65409,N1_LRP424e,0,MediumTruck
4973,MediumTruck65409,N1_LRP424c,0,MediumTruck
4974,MediumTruck65409,N1_LRP424b,0,MediumTruck
4975,MediumTruck65409,N1_LRP424a,0.11868120945686376,MediumTruck
4976,MediumTruck65410,N2_LRP038c,0,MediumTruck
4977,MediumTruck65412,N102_LRP037c,0,MediumTruck
4978,MediumTruck65412,N102_LRP037d,0,MediumTruck
4979,MiniBus65418,N2_LRP078a,0,MiniBus
4980,MediumTruck65421,N2_LRP159d,0,MediumTruck
4981,MediumTruck65421,N2_LRP159c,0,MediumTruck
4982,MediumTruck65421,N2_LRP159b,0,MediumTruck
4983,MediumTruck65425,N1_LRP427e,0,MediumTruck
4984,MediumTruck65425,N1_LRP427d,0,MediumTruck
4985,MediumTruck65425,N1_LRP427b,0,MediumTruck
4986,SmallTruck65428,N102_LRP033c,0,SmallTruck
4987,SmallTruck65430,N1_LRP175a,0,SmallTruck
4988,LargeBus65434,N2_LRP081b,0,LargeBus
4989,LargeBus65434,N2_LRP081a,0,LargeBus
4990,LargeBus65437,N2_LRP161c,0,LargeBus
4991,LargeBus65437,N2_LRP161b,0,LargeBus
4992,MediumTruck65438,N208_LRP034c,0,MediumTruck
4993,MediumTruck65438,N208_LRP034d,0,MediumTruck
4994,MediumTruck65440,N1_LRP030a,0,MediumTruck
4995,MediumTruck65446,N1_LRP118d,0,MediumTruck
4996,SmallTruck65459,N2_LRP262a,0,SmallTruck
4997,SmallTruck65459,N2_LRP261b,0,SmallTruck
4998,MediumTruck65462,N1_LRP122a,0,MediumTruck
4999,MediumTruck65465,N105_LRP023c,0,MediumTruck
5000,MiniBus65470,N208_LRP028d,0,MiniBus
5001,MediumTruck65473,N1_LRP438c,0,MediumTruck
5002,MediumTruck65473,N1_LRP438b,0,MediumTruck
5003,MediumTruck65473,N1_LRP438a,0,MediumTruck
5004,MediumTruck65474,N2_LRP021b,0,MediumTruck
5005,MediumTruck65481,N105_LRP027c,0,MediumTruck
5006,SmallTruck65482,N2_LRP138a,0,SmallTruck
5007,SmallTruck65482,N2_LRP138b,0,SmallTruck
5008,SmallTruck65485,N2_LRP172d,0,SmallTruck
5009,SmallTruck65485,N2_LRP172c,0,SmallTruck
5010,LargeBus65487,N2_LRP206b,0,LargeBus
5011,MediumTruck65489,N1_LRP441a,0,MediumTruck
5012,MediumTruck65496,N105_LRP017c,0,MediumTruck
5013,MediumTruck65498,N2_LRP134b,0,MediumTruck
5014,MediumTruck65498,N2_LRP134c,0,MediumTruck
5015,SmallTruck65499,N204_LRP020b,0,SmallTruck
5016,MiniBus65500,N2_LRP130c,0,MiniBus
5017,MiniBus65500,N2_LRP130b,0,MiniBus
5018,LargeBus65505,N1_LRP444e,0,LargeBus
5019,LargeBus65505,N1_LRP444d,0,LargeBus
5020,LargeBus65505,N1_LRP444c,0,LargeBus
5021,SmallTruck65517,N2_LRP180c,0,SmallTruck
5022,SmallTruck65519,N2_LRP216a,0,SmallTruck
5023,MediumTruck65521,N1_LRP450a,0,MediumTruck
5024,MiniBus65526,N104_LRP010a,0,MiniBus
5025,MediumTruck65529,N105_LRP040c,0,MediumTruck
5026,SmallTruck65532,N2_LRP139b,0,SmallTruck
5027,SmallTruck65532,N2_LRP139a,0,SmallTruck
5028,MediumTruck65533,N2_LRP183d,0.49908022661081697,MediumTruck
5029,MediumTruck65535,N2_LRP219a,0,MediumTruck
5030,MediumTruck65536,N1_LRP004b,0,MediumTruck
5031,SmallTruck65540,N1_LRP077a,0,SmallTruck
5032,LargeBus65542,N1_LRP142a,0,LargeBus
5033,SmallTruck65548,N2_LRP141b,0,SmallTruck
5034,SmallTruck65548,N2_LRP141a,0,SmallTruck
5035,MediumTruck65551,N2_LRP224b,0,MediumTruck
5036,LargeBus65557,N102_LRP082a,0,LargeBus
5037,MiniBus65567,N2_LRP229c,0,MiniBus
5038,MediumTruck65282,N2_LRP070c,0,MediumTruck
5039,LargeBus65293,N2_LRP122b,0,LargeBus
5040,MediumTruck65294,N2_LRP216a,0,MediumTruck
5041,MiniBus65295,N2_LRP160a,0,MiniBus
5042,LargeBus65298,N2_LRP072a,0,LargeBus
5043,LargeBus65299,N2_LRP214b,0.009025187796918903,LargeBus
5044,LargeBus65300,N105_LRP003a,0,LargeBus
5045,SmallTruck65301,N102_LRP015a,0,SmallTruck
5046,LargeBus65308,N2_LRP078a,0,LargeBus
5047,MiniBus65311,N2_LRP161c,0,MiniBus
5048,MiniBus65311,N2_LRP161b,0,MiniBus
5049,MediumTruck65312,N2_LRP054a,0,MediumTruck
5050,SmallTruck65317,N102_LRP019b,0,SmallTruck
5051,SmallTruck65317,N102_LRP019a,0,SmallTruck
5052,MediumTruck65321,N2_LRP039a,0,MediumTruck
5053,SmallTruck65323,N2_LRP090a,0,SmallTruck
5054,MediumTruck65325,N2_LRP135b,0,MediumTruck
5055,MediumTruck65326,N2_LRP224b,0,MediumTruck
5056,LargeBus65328,N2_LRP054b,0,LargeBus
5057,SmallTruck65331,N2_LRP229a,0.26049032327268556,SmallTruck
5058,MediumTruck65336,N2_LRP057b,0,MediumTruck
5059,MediumTruck65342,N2_LRP226d,0,MediumTruck
5060,MediumTruck65342,N2_LRP226c,0,MediumTruck
5061,MediumTruck65345,N1_LRP410c,0.050095416467975294,MediumTruck
5062,SmallTruck65346,N2_LRP052a,0,SmallTruck
5063,MediumTruck65348,N102_LRP055c,0,MediumTruck
5064,MediumTruck65356,N2_LRP096a,0,MediumTruck
5065,MediumTruck65356,N2_LRP095a,0,MediumTruck
5066,MediumTruck65358,N208_LRP055a,0,MediumTruck
5067,MediumTruck65360,N1_LRP051a,0,MediumTruck
5068,MediumTruck65362,N2_LRP050a,0,MediumTruck
5069,LargeBus65363,N2_LRP231d,0,LargeBus
5070,LargeBus65363,N2_LRP231c,0,LargeBus
5071,MediumTruck65377,N1_LRP417d,0.24610764039111907,MediumTruck
5072,MediumTruck65380,N1_LRP035a,0,MediumTruck
5073,MediumTruck65384,N2_LRP045b,0,MediumTruck
5074,MediumTruck65387,N2_LRP104a,0,MediumTruck
5075,MediumTruck65389,N2_LRP236a,0,MediumTruck
5076,MiniBus65393,N1_LRP417d,1.246107640391119,MiniBus
5077,LargeBus65394,N2_LRP046c,0,LargeBus
5078,MediumTruck65401,N105_LRP006a,0,MediumTruck
5079,MediumTruck65401,N105_LRP005c,0,MediumTruck
5080,MediumTruck65402,N2_LRP076b,0,MediumTruck
5081,MediumTruck65404,N2_LRP106b,0,MediumTruck
5082,MediumTruck65404,N2_LRP106a,0,MediumTruck
5083,MiniBus65405,N2_LRP151a,0,MiniBus
5084,MiniBus65406,N208_LRP046b,0,MiniBus
5085,LargeBus65407,N2_LRP184c,0,LargeBus
5086,MediumTruck65410,N2_LRP039a,0,MediumTruck
5087,MediumTruck65412,N102_LRP038b,0,MediumTruck
5088,MediumTruck65412,N102_LRP038d,0,MediumTruck
5089,MiniBus65418,N2_LRP076b,0,MiniBus
5090,MediumTruck65421,N2_LRP158a,0,MediumTruck
5091,MediumTruck65425,N1_LRP426e,0,MediumTruck
5092,MediumTruck65425,N1_LRP426d,0,MediumTruck
5093,SmallTruck65428,N102_LRP034b,0,SmallTruck
5094,SmallTruck65430,N1_LRP175b,0,SmallTruck
5095,SmallTruck65430,N1_LRP176a,0,SmallTruck
5096,LargeBus65434,N2_LRP079d,0,LargeBus
5097,LargeBus65434,N2_LRP079b,0.3644375523578696,LargeBus
5098,LargeBus65437,N2_LRP161a,0,LargeBus
5099,MediumTruck65441,N1_LRP431b,0,MediumTruck
5100,MediumTruck65441,N1_LRP431a,0,MediumTruck
5101,MediumTruck65441,N1_LRP430c,0,MediumTruck
5102,MediumTruck65448,N105_LRP030c,0,MediumTruck
5103,MiniBus65453,N2_LRP224b,0,MiniBus
5104,MediumTruck65454,N208_LRP031b,0,MediumTruck
5105,MediumTruck65454,N208_LRP031d,0,MediumTruck
5106,MiniBus65455,N208_LRP024d,0,MiniBus
5107,MediumTruck65456,N1_LRP026a,0,MediumTruck
5108,MediumTruck65456,N1_LRP026b,0,MediumTruck
5109,MediumTruck65457,N1_LRP433c,0,MediumTruck
5110,MediumTruck65457,N1_LRP433b,1.1051191902131188,MediumTruck
5111,SmallTruck65459,N2_LRP261a,0,SmallTruck
5112,MediumTruck65465,N105_LRP022c,0,MediumTruck
5113,MiniBus65470,N208_LRP029c,0,MiniBus
5114,MiniBus65471,N208_LRP029c,0,MiniBus
5115,MediumTruck65473,N1_LRP437b,0,MediumTruck
5116,MediumTruck65473,N1_LRP437a,0,MediumTruck
5117,MediumTruck65476,N102_LRP022a,0,MediumTruck
5118,SmallTruck65482,N2_LRP139a,0,SmallTruck
5119,SmallTruck65482,N2_LRP139b,0,SmallTruck
5120,SmallTruck65485,N2_LRP171f,0.05254431424705157,SmallTruck
5121,SmallTruck65490,N2_LRP018a,0,SmallTruck
5122,MediumTruck65497,N105_LRP030c,0,MediumTruck
5123,MediumTruck65498,N2_LRP135a,0,MediumTruck
5124,MiniBus65500,N2_LRP130a,0,MiniBus
5125,MiniBus65500,N2_LRP129c,0,MiniBus
5126,MiniBus65500,N2_LRP129b,0,MiniBus
5127,LargeBus65505,N1_LRP444b,0,LargeBus
5128,LargeBus65505,N1_LRP444a,0,LargeBus
5129,LargeBus65505,N1_LRP443d,0,LargeBus
5130,SmallTruck65510,N1_LRP134a,0,SmallTruck
5131,MediumTruck65513,N105_LRP035d,0,MediumTruck
5132,SmallTruck65517,N2_LRP180a,0,SmallTruck
5133,MediumTruck65521,N1_LRP449d,0,MediumTruck
5134,MediumTruck65521,N1_LRP449c,0,MediumTruck
5135,MediumTruck65529,N105_LRP039b,0,MediumTruck
5136,SmallTruck65532,N2_LRP138b,0,SmallTruck
5137,MediumTruck65533,N2_LRP183c,0,MediumTruck
5138,MediumTruck65537,N1_LRP452e,0,MediumTruck
5139,MediumTruck65537,N1_LRP452d,0,MediumTruck
5140,MediumTruck65544,N105_LRP005c,0,MediumTruck
5141,MediumTruck65544,N105_LRP006a,0,MediumTruck
5142,SmallTruck65548,N2_LRP140c,0.01049814613049355,SmallTruck
5143,LargeBus65549,N207_LRP061d,0,LargeBus
5144,SmallTruck65552,N1_LRP001a,0,SmallTruck
5145,SmallTruck65553,N1_LRP456c,0,SmallTruck
5146,MediumTruck65554,N1_LRP010b,0,MediumTruck
5147,MediumTruck65554,N1_LRP010c,0,MediumTruck
5148,MediumTruck65555,N2_LRP285c,0,MediumTruck
5149,MediumTruck65565,N207_LRP066b,0,MediumTruck
5150,MiniBus65567,N2_LRP230c,0,MiniBus
5151,MediumTruck65289,N1_LRP035a,0,MediumTruck
5152,LargeBus65293,N2_LRP121c,0,LargeBus
5153,MiniBus65295,N2_LRP159d,0,MiniBus
5154,MiniBus65295,N2_LRP159c,0,MiniBus
5155,MiniBus65295,N2_LRP159b,0,MiniBus
5156,MediumTruck65297,N1_LRP400a,0,MediumTruck
5157,MiniBus65311,N2_LRP161a,0,MiniBus
5158,MediumTruck65312,N2_LRP054b,0,MediumTruck
5159,LargeBus65313,N1_LRP400a,0,LargeBus
5160,MediumTruck65321,N2_LRP039c,0,MediumTruck
5161,MediumTruck65321,N2_LRP040a,0,MediumTruck
5162,MediumTruck65325,N2_LRP135a,0,MediumTruck
5163,LargeBus65328,N2_LRP055b,0,LargeBus
5164,SmallTruck65331,N2_LRP228b,0,SmallTruck
5165,MediumTruck65333,N102_LRP022a,0,MediumTruck
5166,MediumTruck65334,N1_LRP088a,0,MediumTruck
5167,MediumTruck65335,N1_LRP134a,0,MediumTruck
5168,MediumTruck65337,N2_LRP035b,0,MediumTruck
5169,MediumTruck65341,N2_LRP139b,0,MediumTruck
5170,MediumTruck65341,N2_LRP139a,0,MediumTruck
5171,MediumTruck65345,N1_LRP410b,0,MediumTruck
5172,SmallTruck65346,N2_LRP053a,0,SmallTruck
5173,SmallTruck65347,N2_LRP231d,0,SmallTruck
5174,SmallTruck65347,N2_LRP231c,0,SmallTruck
5175,SmallTruck65355,N2_LRP138a,0,SmallTruck
5176,SmallTruck65355,N2_LRP138b,0,SmallTruck
5177,MiniBus65361,N1_LRP412d,0,MiniBus
5178,MiniBus65361,N1_LRP412b,0,MiniBus
5179,LargeBus65363,N2_LRP230e,0,LargeBus
5180,MediumTruck65367,N1_LRP142a,0,MediumTruck
5181,SmallTruck65372,N2_LRP098b,0.04410666468980935,SmallTruck
5182,MediumTruck65379,N2_LRP240a,0,MediumTruck
5183,MediumTruck65389,N2_LRP236c,0,MediumTruck
5184,LargeBus65394,N2_LRP047a,0,LargeBus
5185,LargeBus65394,N2_LRP047c,0,LargeBus
5186,LargeBus65395,N2_LRP240a,0,LargeBus
5187,MediumTruck65397,N102_LRP038d,0,MediumTruck
5188,MediumTruck65402,N2_LRP076a,0,MediumTruck
5189,MediumTruck65403,N2_LRP108a,0,MediumTruck
5190,LargeBus65407,N2_LRP183d,0.04599826288007132,LargeBus
5191,MediumTruck65409,N1_LRP423d,0,MediumTruck
5192,MediumTruck65409,N1_LRP423c,0,MediumTruck
5193,MediumTruck65409,N1_LRP423b,0.17437849532973357,MediumTruck
5194,MediumTruck65410,N2_LRP039c,0,MediumTruck
5195,MediumTruck65410,N2_LRP040a,0,MediumTruck
5196,LargeBus65411,N2_LRP243b,0,LargeBus
5197,HeavyTruck65415,N104_LRP010a,0,HeavyTruck
5198,SmallTruck65416,N2_LRP038c,0,SmallTruck
5199,SmallTruck65416,N2_LRP039a,0,SmallTruck
5200,MiniBus65418,N2_LRP076a,0,MiniBus
5201,LargeBus65419,N2_LRP108a,0,LargeBus
5202,MediumTruck65425,N1_LRP426c,0,MediumTruck
5203,MediumTruck65425,N1_LRP426b,0,MediumTruck
5204,MediumTruck65425,N1_LRP426a,0,MediumTruck
5205,MediumTruck65425,N1_LRP425e,0,MediumTruck
5206,LargeBus65431,N104_LRP010a,0,LargeBus
5207,LargeBus65434,N2_LRP079a,0,LargeBus
5208,LargeBus65437,N2_LRP160a,0,LargeBus
5209,MediumTruck65441,N1_LRP430b,0,MediumTruck
5210,MediumTruck65441,N1_LRP430a,0,MediumTruck
5211,MediumTruck65441,N1_LRP429f,0,MediumTruck
5212,HeavyTruck65444,N1_LRP051a,0,HeavyTruck
5213,SmallTruck65449,N105_LRP017c,0,SmallTruck
5214,MiniBus65453,N2_LRP225c,0.08897118038061158,MiniBus
5215,MediumTruck65456,N1_LRP027a,0,MediumTruck
5216,MediumTruck65461,N102_LRP055c,0,MediumTruck
5217,MediumTruck65462,N1_LRP120b,0,MediumTruck
5218,MediumTruck65464,N105_LRP027c,0,MediumTruck
5219,MediumTruck65465,N105_LRP021d,0,MediumTruck
5220,MiniBus65470,N208_LRP031b,0,MiniBus
5221,MiniBus65471,N208_LRP028d,0,MiniBus
5222,MiniBus65471,N208_LRP027f,0,MiniBus
5223,MediumTruck65473,N1_LRP436a,0,MediumTruck
5224,SmallTruck65475,N2_LRP264a,0,SmallTruck
5225,SmallTruck65482,N2_LRP140a,0.29782175151982243,SmallTruck
5226,SmallTruck65485,N2_LRP171e,0,SmallTruck
5227,MediumTruck65489,N1_LRP440a,0,MediumTruck
5228,LargeBus65495,N104_LRP028a,0,LargeBus
5229,MediumTruck65498,N2_LRP135b,0,MediumTruck
5230,MiniBus65500,N2_LRP129a,0,MiniBus
5231,MiniBus65500,N2_LRP128b,0,MiniBus
5232,LargeBus65505,N1_LRP443c,0,LargeBus
5233,SmallTruck65508,N102_LRP015a,0,SmallTruck
5234,SmallTruck65517,N2_LRP179a,0,SmallTruck
5235,SmallTruck65517,N2_LRP178b,0,SmallTruck
5236,SmallTruck65519,N2_LRP214b,0.35248369109025957,SmallTruck
5237,MediumTruck65521,N1_LRP448a,0,MediumTruck
5238,SmallTruck65532,N2_LRP138a,0,SmallTruck
5239,MediumTruck65533,N2_LRP183a,0,MediumTruck
5240,MediumTruck65533,N2_LRP182d,0,MediumTruck
5241,MediumTruck65537,N1_LRP452c,0,MediumTruck
5242,MediumTruck65537,N1_LRP452a,0,MediumTruck
5243,MediumTruck65537,N1_LRP451e,0,MediumTruck
5244,MediumTruck65545,N105_LRP042b,0,MediumTruck
5245,SmallTruck65553,N1_LRP456a,0,SmallTruck
5246,MediumTruck65554,N1_LRP011a,0,MediumTruck
5247,MediumTruck65555,N2_LRP285a,0,MediumTruck
5248,MediumTruck65555,N2_LRP284c,0,MediumTruck
5249,SmallTruck65562,N204_LRP003b,0,SmallTruck
5250,MiniBus65567,N2_LRP230e,0,MiniBus
5251,MediumTruck65282,N2_LRP072a,0,MediumTruck
5252,MediumTruck65285,N102_LRP009a,0,MediumTruck
5253,MediumTruck65289,N1_LRP036c,0,MediumTruck
5254,LargeBus65293,N2_LRP121a,0,LargeBus
5255,MediumTruck65294,N2_LRP214b,1.3524836910902596,MediumTruck
5256,MiniBus65295,N2_LRP158a,0,MiniBus
5257,MediumTruck65297,N1_LRP398d,0.2406081179985195,MediumTruck
5258,LargeBus65298,N2_LRP073b,0,LargeBus
5259,LargeBus65298,N2_LRP073c,0,LargeBus
5260,LargeBus65300,N105_LRP005c,0,LargeBus
5261,LargeBus65308,N2_LRP076b,0,LargeBus
5262,MiniBus65311,N2_LRP160a,0,MiniBus
5263,MiniBus65311,N2_LRP159d,0,MiniBus
5264,MediumTruck65312,N2_LRP055b,0,MediumTruck
5265,MediumTruck65312,N2_LRP056a,0,MediumTruck
5266,LargeBus65313,N1_LRP398d,1.2406081179985196,LargeBus
5267,MediumTruck65314,N2_LRP064a,0,MediumTruck
5268,MediumTruck65321,N2_LRP040b,0,MediumTruck
5269,MediumTruck65325,N2_LRP134c,0,MediumTruck
5270,MediumTruck65325,N2_LRP134b,0,MediumTruck
5271,LargeBus65328,N2_LRP056a,0,LargeBus
5272,MediumTruck65336,N2_LRP058c,0,MediumTruck
5273,MediumTruck65336,N2_LRP059a,0,MediumTruck
5274,MediumTruck65340,N207_LRP061d,0,MediumTruck
5275,MediumTruck65341,N2_LRP138b,0,MediumTruck
5276,MediumTruck65342,N2_LRP225c,0.123900477058652,MediumTruck
5277,MediumTruck65345,N1_LRP410a,0,MediumTruck
5278,SmallTruck65346,N2_LRP054a,0,SmallTruck
5279,SmallTruck65347,N2_LRP230e,0,SmallTruck
5280,MediumTruck65351,N1_LRP137a,0,MediumTruck
5281,HeavyTruck65352,N1_LRP068a,0,HeavyTruck
5282,SmallTruck65355,N2_LRP139a,0,SmallTruck
5283,SmallTruck65355,N2_LRP139b,0,SmallTruck
5284,MiniBus65361,N1_LRP412a,0,MiniBus
5285,MiniBus65361,N1_LRP411b,0,MiniBus
5286,MiniBus65361,N1_LRP411a,0,MiniBus
5287,LargeBus65363,N2_LRP230c,0,LargeBus
5288,MediumTruck65365,N102_LRP029d,0,MediumTruck
5289,MediumTruck65377,N1_LRP417b,0,MediumTruck
5290,MediumTruck65377,N1_LRP416e,0,MediumTruck
5291,MediumTruck65377,N1_LRP416d,0,MediumTruck
5292,MediumTruck65379,N2_LRP239a,0,MediumTruck
5293,MediumTruck65379,N2_LRP238c,0,MediumTruck
5294,MediumTruck65380,N1_LRP034a,0,MediumTruck
5295,SmallTruck65381,N102_LRP034b,0,SmallTruck
5296,MediumTruck65384,N2_LRP046c,0,MediumTruck
5297,MediumTruck65384,N2_LRP047a,0,MediumTruck
5298,MediumTruck65384,N2_LRP047c,0,MediumTruck
5299,MediumTruck65387,N2_LRP103c,0,MediumTruck
5300,MediumTruck65391,N2_LRP184c,0,MediumTruck
5301,LargeBus65394,N2_LRP048a,0,LargeBus
5302,LargeBus65395,N2_LRP239a,0,LargeBus
5303,LargeBus65395,N2_LRP238c,0,LargeBus
5304,LargeBus65396,N1_LRP131b,0,LargeBus
5305,MediumTruck65397,N102_LRP038b,0,MediumTruck
5306,MediumTruck65397,N102_LRP037d,0,MediumTruck
5307,MediumTruck65404,N2_LRP104a,0,MediumTruck
5308,LargeBus65407,N2_LRP183c,0,LargeBus
5309,MediumTruck65410,N2_LRP040b,0,MediumTruck
5310,LargeBus65411,N2_LRP243a,0,LargeBus
5311,SmallTruck65416,N2_LRP039c,0,SmallTruck
5312,MediumTruck65421,N2_LRP157b,0,MediumTruck
5313,MediumTruck65421,N2_LRP157a,0,MediumTruck
5314,MediumTruck65425,N1_LRP425c,0.16867834530993944,MediumTruck
5315,LargeBus65434,N2_LRP078a,0,LargeBus
5316,LargeBus65437,N2_LRP159d,0,LargeBus
5317,LargeBus65437,N2_LRP159c,0,LargeBus
5318,LargeBus65437,N2_LRP159b,0,LargeBus
5319,MediumTruck65441,N1_LRP429c,0,MediumTruck
5320,MediumTruck65441,N1_LRP429b,0,MediumTruck
5321,MediumTruck65441,N1_LRP429a,0,MediumTruck
5322,MiniBus65442,N2_LRP035b,0,MiniBus
5323,MediumTruck65447,N104_LRP017b,0,MediumTruck
5324,MediumTruck65448,N105_LRP032b,0,MediumTruck
5325,MediumTruck65448,N105_LRP032c,0,MediumTruck
5326,MediumTruck65457,N1_LRP432b,0,MediumTruck
5327,MediumTruck65465,N105_LRP020c,0,MediumTruck
5328,MiniBus65471,N208_LRP027d,0,MiniBus
5329,MiniBus65471,N208_LRP027b,0,MiniBus
5330,MediumTruck65473,N1_LRP435c,0,MediumTruck
5331,MediumTruck65474,N2_LRP024b,0,MediumTruck
5332,SmallTruck65477,N102_LRP058a,0,SmallTruck
5333,MediumTruck65481,N105_LRP024c,0,MediumTruck
5334,SmallTruck65485,N2_LRP171d,0,SmallTruck
5335,SmallTruck65485,N2_LRP170j,0,SmallTruck
5336,SmallTruck65485,N2_LRP170i,0,SmallTruck
5337,SmallTruck65485,N2_LRP170h,0,SmallTruck
5338,SmallTruck65485,N2_LRP170g,0,SmallTruck
5339,SmallTruck65485,N2_LRP170f,0.05745757141455721,SmallTruck
5340,SmallTruck65486,N208_LRP024d,0,SmallTruck
5341,MediumTruck65488,N1_LRP020a,0,MediumTruck
5342,MediumTruck65489,N1_LRP439a,0,MediumTruck
5343,MediumTruck65493,N102_LRP062c,0,MediumTruck
5344,MediumTruck65493,N102_LRP062b,0,MediumTruck
5345,MiniBus65500,N2_LRP128a,0,MiniBus
5346,MiniBus65500,N2_LRP127c,0,MiniBus
5347,SmallTruck65501,N2_LRP211b,0,SmallTruck
5348,SmallTruck65501,N2_LRP211c,0,SmallTruck
5349,LargeBus65505,N1_LRP441a,0,LargeBus
5350,HeavyTruck65506,N2_LRP016a,0,HeavyTruck
5351,LargeBus65509,N102_LRP065a,0,LargeBus
5352,MiniBus65515,N204_LRP020b,0,MiniBus
5353,SmallTruck65517,N2_LRP178a,0,SmallTruck
5354,MediumTruck65521,N1_LRP447c,0,MediumTruck
5355,SmallTruck65522,N2_LRP012c,0,SmallTruck
5356,MediumTruck65523,N2_LRP276a,0,MediumTruck
5357,MediumTruck65533,N2_LRP182b,0,MediumTruck
5358,MediumTruck65533,N2_LRP182a,0,MediumTruck
5359,SmallTruck65534,N208_LRP011b,0,SmallTruck
5360,MediumTruck65537,N1_LRP451b,0,MediumTruck
5361,MediumTruck65537,N1_LRP450e,0.18390060935194003,MediumTruck
5362,SmallTruck65548,N2_LRP140a,0.009456627334816831,SmallTruck
5363,MediumTruck65551,N2_LRP221b,0,MediumTruck
5364,SmallTruck65553,N1_LRP455a,0,SmallTruck
5365,MediumTruck65554,N1_LRP012a,0,MediumTruck
5366,MediumTruck65554,N1_LRP012b,0,MediumTruck
5367,MediumTruck65555,N2_LRP284b,0,MediumTruck
5368,MediumTruck65560,N105_LRP003a,0,MediumTruck
5369,MiniBus65567,N2_LRP231c,0,MiniBus
5370,MiniBus65567,N2_LRP231d,0,MiniBus
5371,LargeBus65293,N2_LRP120a,0,LargeBus
5372,LargeBus65293,N2_LRP119c,0,LargeBus
5373,MiniBus65295,N2_LRP157b,0,MiniBus
5374,LargeBus65296,N1_LRP077a,0,LargeBus
5375,LargeBus65298,N2_LRP073g,0,LargeBus
5376,LargeBus65300,N105_LRP006a,0,LargeBus
5377,LargeBus65308,N2_LRP076a,0,LargeBus
5378,MiniBus65311,N2_LRP159c,0,MiniBus
5379,MiniBus65311,N2_LRP159b,0,MiniBus
5380,MediumTruck65312,N2_LRP057a,0,MediumTruck
5381,MediumTruck65314,N2_LRP064b,0,MediumTruck
5382,SmallTruck65317,N102_LRP017a,0,SmallTruck
5383,MediumTruck65321,N2_LRP041b,0,MediumTruck
5384,MediumTruck65321,N2_LRP042a,0,MediumTruck
5385,SmallTruck65323,N2_LRP087a,0,SmallTruck
5386,SmallTruck65324,N207_LRP066b,0,SmallTruck
5387,MediumTruck65325,N2_LRP133a,0,MediumTruck
5388,MediumTruck65326,N2_LRP221b,0,MediumTruck
5389,LargeBus65328,N2_LRP057a,0,LargeBus
5390,LargeBus65328,N2_LRP057b,0,LargeBus
5391,SmallTruck65331,N2_LRP226d,0,SmallTruck
5392,SmallTruck65331,N2_LRP226c,0,SmallTruck
5393,MediumTruck65341,N2_LRP138a,0,MediumTruck
5394,SmallTruck65346,N2_LRP054b,0,SmallTruck
5395,SmallTruck65347,N2_LRP230c,0,SmallTruck
5396,SmallTruck65355,N2_LRP140a,0.08282649499674899,SmallTruck
5397,MediumTruck65356,N2_LRP093a,0,MediumTruck
5398,MediumTruck65358,N2_LRP228b,0,MediumTruck
5399,MiniBus65361,N1_LRP410c,0.0339510523355526,MiniBus
5400,MediumTruck65362,N2_LRP052a,0,MediumTruck
5401,LargeBus65363,N2_LRP229c,0,LargeBus
5402,LargeBus65363,N2_LRP229a,0.4690877188620322,LargeBus
5403,SmallTruck65372,N2_LRP097a,0,SmallTruck
5404,MediumTruck65377,N1_LRP415c,1.5005245007851646,MediumTruck
5405,MediumTruck65380,N1_LRP033b,0,MediumTruck
5406,MediumTruck65380,N1_LRP033a,0,MediumTruck
5407,SmallTruck65381,N102_LRP033c,0,SmallTruck
5408,SmallTruck65383,N104_LRPSa,0,SmallTruck
5409,MediumTruck65384,N2_LRP048a,0,MediumTruck
5410,MediumTruck65387,N2_LRP102a,0,MediumTruck
5411,MediumTruck65389,N2_LRP238c,0,MediumTruck
5412,MediumTruck65389,N2_LRP239a,0,MediumTruck
5413,MediumTruck65391,N2_LRP183d,0.015565137034604265,MediumTruck
5414,MiniBus65393,N1_LRP417b,0,MiniBus
5415,MiniBus65393,N1_LRP416e,0,MiniBus
5416,MiniBus65393,N1_LRP416d,0,MiniBus
5417,LargeBus65394,N2_LRP048b,0,LargeBus
5418,MediumTruck65397,N102_LRP037c,0,MediumTruck
5419,MediumTruck65401,N105_LRP003a,0,MediumTruck
5420,MediumTruck65402,N2_LRP074a,0,MediumTruck
5421,MediumTruck65402,N2_LRP073g,0,MediumTruck
5422,MediumTruck65403,N2_LRP106b,0,MediumTruck
5423,MediumTruck65403,N2_LRP106a,0,MediumTruck
5424,MiniBus65405,N2_LRP148b,0,MiniBus
5425,LargeBus65407,N2_LRP183a,0,LargeBus
5426,LargeBus65407,N2_LRP182d,0,LargeBus
5427,MediumTruck65409,N1_LRP422b,0,MediumTruck
5428,MediumTruck65409,N1_LRP421f,0,MediumTruck
5429,MediumTruck65410,N2_LRP041b,0,MediumTruck
5430,MediumTruck65410,N2_LRP042a,0,MediumTruck
5431,LargeBus65411,N2_LRP242a,0,LargeBus
5432,SmallTruck65416,N2_LRP040a,0,SmallTruck
5433,SmallTruck65416,N2_LRP040b,0,SmallTruck
5434,MiniBus65418,N2_LRP074a,0,MiniBus
5435,LargeBus65419,N2_LRP106b,0,LargeBus
5436,LargeBus65419,N2_LRP106a,0,LargeBus
5437,MediumTruck65421,N2_LRP156a,0,MediumTruck
5438,MediumTruck65425,N1_LRP425b,0,MediumTruck
5439,MediumTruck65425,N1_LRP425a,0,MediumTruck
5440,SmallTruck65428,N102_LRP036b,0,SmallTruck
5441,SmallTruck65428,N102_LRP036d,0,SmallTruck
5442,MediumTruck65429,N102_LRP045a,0,MediumTruck
5443,LargeBus65437,N2_LRP158a,0,LargeBus
5444,MediumTruck65440,N1_LRP033a,0,MediumTruck
5445,MediumTruck65440,N1_LRP033b,0,MediumTruck
5446,MediumTruck65441,N1_LRP428d,0,MediumTruck
5447,MediumTruck65441,N1_LRP428c,0,MediumTruck
5448,MediumTruck65441,N1_LRP428b,0,MediumTruck
5449,MediumTruck65441,N1_LRP428a,0,MediumTruck
5450,MiniBus65453,N2_LRP226c,0,MiniBus
5451,MiniBus65453,N2_LRP226d,0,MiniBus
5452,MediumTruck65457,N1_LRP432a,0,MediumTruck
5453,SmallTruck65459,N2_LRP258a,0,SmallTruck
5454,MediumTruck65462,N1_LRP119a,0,MediumTruck
5455,LargeBus65463,N104_LRP017b,0,LargeBus
5456,MiniBus65470,N208_LRP031d,0,MiniBus
5457,MediumTruck65474,N2_LRP025a,0,MediumTruck
5458,MediumTruck65474,N2_LRP025b,0,MediumTruck
5459,SmallTruck65482,N2_LRP140c,0.007984853036683958,SmallTruck
5460,SmallTruck65485,N2_LRP170e,0,SmallTruck
5461,SmallTruck65485,N2_LRP170c,0,SmallTruck
5462,SmallTruck65490,N2_LRP021a,0,SmallTruck
5463,MediumTruck65496,N105_LRP020c,0,MediumTruck
5464,MiniBus65500,N2_LRP127b,0,MiniBus
5465,MiniBus65500,N2_LRP126d,0,MiniBus
5466,MiniBus65500,N2_LRP126c,0,MiniBus
5467,MiniBus65500,N2_LRP126b,0,MiniBus
5468,MiniBus65503,N2_LRP207b,0,MiniBus
5469,SmallTruck65510,N1_LRP131b,0,SmallTruck
5470,MediumTruck65513,N105_LRP032c,0,MediumTruck
5471,MediumTruck65513,N105_LRP032b,0,MediumTruck
5472,SmallTruck65517,N2_LRP177a,0,SmallTruck
5473,MediumTruck65521,N1_LRP447b,0,MediumTruck
5474,MediumTruck65521,N1_LRP447a,0,MediumTruck
5475,MediumTruck65521,N1_LRP446d,0,MediumTruck
5476,MediumTruck65521,N1_LRP446b,0,MediumTruck
5477,SmallTruck65522,N2_LRP012f,0,SmallTruck
5478,SmallTruck65532,N2_LRP135b,0,SmallTruck
5479,MediumTruck65533,N2_LRP181c,0,MediumTruck
5480,MediumTruck65535,N2_LRP216b,0,MediumTruck
5481,MediumTruck65537,N1_LRP450c,0,MediumTruck
5482,MediumTruck65545,N105_LRP041c,0,MediumTruck
5483,MediumTruck65555,N2_LRP283b,0,MediumTruck
5484,MediumTruck65566,N208_LRP004c,0,MediumTruck
5485,LargeBus65574,N104_LRPSa,0,LargeBus
5486,MediumTruck65576,N1_LRP011a,0,MediumTruck
5487,MediumTruck65578,N2_LRP117b,0,MediumTruck
5488,MediumTruck65578,N2_LRP117a,0.03209931056805748,MediumTruck
5489,MediumTruck65282,N2_LRP073b,0,MediumTruck
5490,MediumTruck65282,N2_LRP073c,0,MediumTruck
5491,LargeBus65293,N2_LRP118g,0,LargeBus
5492,LargeBus65293,N2_LRP118e,0,LargeBus
5493,MiniBus65295,N2_LRP157a,0,MiniBus
5494,MiniBus65295,N2_LRP156a,0,MiniBus
5495,MediumTruck65297,N1_LRP398a,0,MediumTruck
5496,LargeBus65298,N2_LRP074a,0,LargeBus
5497,LargeBus65299,N2_LRP211c,0,LargeBus
5498,LargeBus65299,N2_LRP211b,0,LargeBus
5499,SmallTruck65303,N1_LRP123a,0,SmallTruck
5500,MiniBus65311,N2_LRP158a,0,MiniBus
5501,MediumTruck65312,N2_LRP057b,0,MediumTruck
5502,LargeBus65313,N1_LRP398a,0,LargeBus
5503,SmallTruck65323,N2_LRP086a,0,SmallTruck
5504,MediumTruck65325,N2_LRP132c,0,MediumTruck
5505,SmallTruck65329,N1_LRP403a,0,SmallTruck
5506,HeavyTruck65332,N102_LRP062b,0,HeavyTruck
5507,MediumTruck65335,N1_LRP131b,0,MediumTruck
5508,MediumTruck65336,N2_LRP060c,0,MediumTruck
5509,MediumTruck65336,N2_LRP061a,0,MediumTruck
5510,MediumTruck65337,N2_LRP038c,0,MediumTruck
5511,MediumTruck65345,N1_LRP408a,0,MediumTruck
5512,SmallTruck65346,N2_LRP055b,0,SmallTruck
5513,SmallTruck65346,N2_LRP056a,0,SmallTruck
5514,SmallTruck65347,N2_LRP229c,0,SmallTruck
5515,MediumTruck65348,N102_LRP058a,0,MediumTruck
5516,MediumTruck65351,N1_LRP136a,0,MediumTruck
5517,MiniBus65361,N1_LRP410b,0,MiniBus
5518,MiniBus65361,N1_LRP410a,0,MiniBus
5519,MediumTruck65362,N2_LRP053a,0,MediumTruck
5520,LargeBus65363,N2_LRP228b,0,LargeBus
5521,MediumTruck65365,N102_LRP028c,0,MediumTruck
5522,LargeBus65366,N1_LRP088a,0,LargeBus
5523,SmallTruck65372,N2_LRP096c,0,SmallTruck
5524,MediumTruck65382,N1_LRP098a,0,MediumTruck
5525,MediumTruck65384,N2_LRP048b,0,MediumTruck
5526,MediumTruck65389,N2_LRP240a,0,MediumTruck
5527,MediumTruck65391,N2_LRP183c,0,MediumTruck
5528,MiniBus65393,N1_LRP415c,1.9886376903343395,MiniBus
5529,LargeBus65394,N2_LRP050a,0,LargeBus
5530,LargeBus65395,N2_LRP236c,0,LargeBus
5531,MediumTruck65397,N102_LRP036d,0,MediumTruck
5532,MediumTruck65397,N102_LRP036b,0,MediumTruck
5533,MediumTruck65402,N2_LRP073c,0,MediumTruck
5534,MediumTruck65402,N2_LRP073b,0,MediumTruck
5535,MediumTruck65404,N2_LRP103c,0,MediumTruck
5536,MiniBus65405,N2_LRP147d,0,MiniBus
5537,MiniBus65405,N2_LRP147b,0,MiniBus
5538,LargeBus65407,N2_LRP182b,0,LargeBus
5539,LargeBus65407,N2_LRP182a,0,LargeBus
5540,MediumTruck65409,N1_LRP421d,0,MediumTruck
5541,LargeBus65411,N2_LRP241c,0,LargeBus
5542,SmallTruck65416,N2_LRP041b,0,SmallTruck
5543,MiniBus65418,N2_LRP073g,0,MiniBus
5544,MiniBus65418,N2_LRP073c,0,MiniBus
5545,MiniBus65418,N2_LRP073b,0,MiniBus
5546,MediumTruck65425,N1_LRP424e,0,MediumTruck
5547,MediumTruck65425,N1_LRP424c,0,MediumTruck
5548,MediumTruck65425,N1_LRP424b,0,MediumTruck
5549,MediumTruck65425,N1_LRP424a,0.754318094003519,MediumTruck
5550,SmallTruck65427,N2_LRP249a,0,SmallTruck
5551,SmallTruck65428,N102_LRP037c,0,SmallTruck
5552,SmallTruck65428,N102_LRP037d,0,SmallTruck
5553,LargeBus65434,N2_LRP076b,0,LargeBus
5554,LargeBus65437,N2_LRP157b,0,LargeBus
5555,MediumTruck65440,N1_LRP034a,0,MediumTruck
5556,MediumTruck65441,N1_LRP427e,0,MediumTruck
5557,MediumTruck65441,N1_LRP427d,0,MediumTruck
5558,MediumTruck65441,N1_LRP427b,0,MediumTruck
5559,MediumTruck65454,N208_LRP034c,0,MediumTruck
5560,MediumTruck65454,N208_LRP034d,0,MediumTruck
5561,MediumTruck65456,N1_LRP030a,0,MediumTruck
5562,MediumTruck65457,N1_LRP431d,0.38823071879072796,MediumTruck
5563,MediumTruck65462,N1_LRP118d,0,MediumTruck
5564,SmallTruck65475,N2_LRP262a,0,SmallTruck
5565,SmallTruck65475,N2_LRP261b,0,SmallTruck
5566,MediumTruck65481,N105_LRP023c,0,MediumTruck
5567,SmallTruck65485,N2_LRP170b,0,SmallTruck
5568,SmallTruck65485,N2_LRP170a,0,SmallTruck
5569,SmallTruck65485,N2_LRP169f,0,SmallTruck
5570,SmallTruck65485,N2_LRP169e,0,SmallTruck
5571,SmallTruck65485,N2_LRP169d,0,SmallTruck
5572,SmallTruck65485,N2_LRP169c,0,SmallTruck
5573,MediumTruck65489,N1_LRP438c,0,MediumTruck
5574,MediumTruck65489,N1_LRP438b,0,MediumTruck
5575,MediumTruck65489,N1_LRP438a,0,MediumTruck
5576,SmallTruck65490,N2_LRP021b,0,SmallTruck
5577,MediumTruck65496,N105_LRP021d,0,MediumTruck
5578,MediumTruck65497,N105_LRP027c,0,MediumTruck
5579,MediumTruck65498,N2_LRP138a,0,MediumTruck
5580,MediumTruck65498,N2_LRP138b,0,MediumTruck
5581,MiniBus65500,N2_LRP126a,0,MiniBus
5582,MiniBus65500,N2_LRP125d,0,MiniBus
5583,MiniBus65502,N208_LRP024d,0,MiniBus
5584,MiniBus65503,N2_LRP206b,0,MiniBus
5585,LargeBus65505,N1_LRP440a,0,LargeBus
5586,SmallTruck65508,N102_LRP017a,0,SmallTruck
5587,MediumTruck65512,N105_LRP017c,0,MediumTruck
5588,SmallTruck65514,N204_LRP020b,0,SmallTruck
5589,SmallTruck65517,N2_LRP176e,0,SmallTruck
5590,SmallTruck65517,N2_LRP176d,0,SmallTruck
5591,SmallTruck65517,N2_LRP176c,0,SmallTruck
5592,SmallTruck65517,N2_LRP176b,0,SmallTruck
5593,MediumTruck65523,N2_LRP274e,0,MediumTruck
5594,MiniBus65524,N102_LRP015a,0,MiniBus
5595,SmallTruck65532,N2_LRP135a,0,SmallTruck
5596,MediumTruck65533,N2_LRP180c,0,MediumTruck
5597,MediumTruck65535,N2_LRP216a,0,MediumTruck
5598,MediumTruck65537,N1_LRP450a,0,MediumTruck
5599,MediumTruck65545,N105_LRP040c,0,MediumTruck
5600,SmallTruck65548,N2_LRP139b,0,SmallTruck
5601,SmallTruck65548,N2_LRP139a,0,SmallTruck
5602,MediumTruck65551,N2_LRP219a,0,MediumTruck
5603,SmallTruck65552,N1_LRP004b,0,SmallTruck
5604,MediumTruck65554,N1_LRP014a,0,MediumTruck
5605,LargeBus65556,N1_LRP077a,0,LargeBus
5606,SmallTruck65559,N104_LRP044d,0,SmallTruck
5607,SmallTruck65572,N102_LRPSc,0,SmallTruck
5608,SmallTruck65573,N102_LRP082a,0,SmallTruck
5609,MediumTruck65576,N1_LRP010c,0,MediumTruck
5610,MediumTruck65576,N1_LRP010b,0,MediumTruck
5611,MiniBus65280,N1_LRP083a,0,MiniBus
5612,MiniBus65280,N1_LRP083b,0,MiniBus
5613,MediumTruck65282,N2_LRP073g,0,MediumTruck
5614,LargeBus65293,N2_LRP118b,0,LargeBus
5615,LargeBus65293,N2_LRP118a,0,LargeBus
5616,LargeBus65298,N2_LRP076a,0,LargeBus
5617,SmallTruck65303,N1_LRP122a,0,SmallTruck
5618,SmallTruck65304,N1_LRP083a,0,SmallTruck
5619,SmallTruck65304,N1_LRP083b,0,SmallTruck
5620,LargeBus65308,N2_LRP074a,0,LargeBus
5621,LargeBus65308,N2_LRP073g,0,LargeBus
5622,MiniBus65311,N2_LRP157b,0,MiniBus
5623,MiniBus65311,N2_LRP157a,0,MiniBus
5624,MediumTruck65314,N2_LRP066a,0,MediumTruck
5625,SmallTruck65317,N102_LRP015a,0,SmallTruck
5626,MediumTruck65321,N2_LRP043a,0.011153803642369052,MediumTruck
5627,MediumTruck65325,N2_LRP132b,0,MediumTruck
5628,MediumTruck65325,N2_LRP132a,0,MediumTruck
5629,MediumTruck65326,N2_LRP219a,0,MediumTruck
5630,LargeBus65328,N2_LRP058c,0,LargeBus
5631,LargeBus65328,N2_LRP059a,0,LargeBus
5632,SmallTruck65329,N1_LRP402b,0,SmallTruck
5633,SmallTruck65331,N2_LRP225c,0.007931484520626505,SmallTruck
5634,HeavyTruck65332,N102_LRP062c,0,HeavyTruck
5635,MediumTruck65333,N102_LRP019b,0,MediumTruck
5636,MediumTruck65333,N102_LRP019a,0,MediumTruck
5637,MediumTruck65337,N2_LRP039a,0,MediumTruck
5638,MediumTruck65341,N2_LRP135b,0,MediumTruck
5639,MediumTruck65342,N2_LRP224b,0,MediumTruck
5640,SmallTruck65346,N2_LRP057a,0,SmallTruck
5641,SmallTruck65347,N2_LRP229a,0.7576165371340561,SmallTruck
5642,SmallTruck65355,N2_LRP140c,0.13265854887340026,SmallTruck
5643,MediumTruck65356,N2_LRP092b,0,MediumTruck
5644,MediumTruck65356,N2_LRP092a,0,MediumTruck
5645,MediumTruck65356,N2_LRP091b,0,MediumTruck
5646,MediumTruck65357,N207_LRP008c,0,MediumTruck
5647,MediumTruck65358,N2_LRP226d,0,MediumTruck
5648,MediumTruck65358,N2_LRP226c,0,MediumTruck
5649,MediumTruck65362,N2_LRP054a,0,MediumTruck
5650,HeavyTruck65364,N102_LRP055c,0,HeavyTruck
5651,SmallTruck65372,N2_LRP096a,0,SmallTruck
5652,SmallTruck65372,N2_LRP095a,0,SmallTruck
5653,SmallTruck65373,N2_LRP141b,0,SmallTruck
5654,SmallTruck65373,N2_LRP141a,0,SmallTruck
5655,MediumTruck65374,N208_LRP055a,0,MediumTruck
5656,MediumTruck65379,N2_LRP236c,0,MediumTruck
5657,MiniBus65390,N208_LRP055a,0,MiniBus
5658,MediumTruck65391,N2_LRP183a,0,MediumTruck
5659,MediumTruck65391,N2_LRP182d,0,MediumTruck
5660,LargeBus65395,N2_LRP236a,0,LargeBus
5661,LargeBus65396,N1_LRP134a,0,LargeBus
5662,MediumTruck65403,N2_LRP104a,0,MediumTruck
5663,MediumTruck65404,N2_LRP102a,0,MediumTruck
5664,MiniBus65405,N2_LRP147a,0,MiniBus
5665,LargeBus65407,N2_LRP181c,0,LargeBus
5666,MediumTruck65409,N1_LRP420e,0,MediumTruck
5667,MediumTruck65409,N1_LRP420d,0,MediumTruck
5668,MediumTruck65410,N2_LRP043a,0.04063253830091506,MediumTruck
5669,SmallTruck65416,N2_LRP042a,0,SmallTruck
5670,LargeBus65419,N2_LRP104a,0,LargeBus
5671,MediumTruck65421,N2_LRP155a,0,MediumTruck
5672,LargeBus65422,N208_LRP046b,0,LargeBus
5673,SmallTruck65428,N102_LRP038b,0,SmallTruck
5674,SmallTruck65428,N102_LRP038d,0,SmallTruck
5675,SmallTruck65430,N1_LRP181a,0,SmallTruck
5676,LargeBus65434,N2_LRP076a,0,LargeBus
5677,LargeBus65437,N2_LRP157a,0,LargeBus
5678,LargeBus65437,N2_LRP156a,0,LargeBus
5679,MediumTruck65441,N1_LRP426e,0,MediumTruck
5680,MediumTruck65441,N1_LRP426d,0,MediumTruck
5681,MiniBus65442,N2_LRP038c,0,MiniBus
5682,MiniBus65442,N2_LRP039a,0,MiniBus
5683,MediumTruck65448,N105_LRP035d,0,MediumTruck
5684,MiniBus65453,N2_LRP228b,0,MiniBus
5685,MediumTruck65464,N105_LRP030c,0,MediumTruck
5686,MiniBus65471,N208_LRP024d,0,MiniBus
5687,MediumTruck65473,N1_LRP433c,0,MediumTruck
5688,MediumTruck65473,N1_LRP433b,0.6449930893800271,MediumTruck
5689,SmallTruck65475,N2_LRP261a,0,SmallTruck
5690,MediumTruck65481,N105_LRP022c,0,MediumTruck
5691,SmallTruck65482,N2_LRP141a,0,SmallTruck
5692,SmallTruck65482,N2_LRP141b,0,SmallTruck
5693,SmallTruck65485,N2_LRP169b,0,SmallTruck
5694,SmallTruck65486,N208_LRP027b,0,SmallTruck
5695,SmallTruck65486,N208_LRP027d,0,SmallTruck
5696,MediumTruck65488,N1_LRP023a,0,MediumTruck
5697,MediumTruck65489,N1_LRP437b,0,MediumTruck
5698,MediumTruck65489,N1_LRP437a,0,MediumTruck
5699,MediumTruck65496,N105_LRP022c,0,MediumTruck
5700,MediumTruck65498,N2_LRP139a,0,MediumTruck
5701,MediumTruck65498,N2_LRP139b,0,MediumTruck
5702,MiniBus65500,N2_LRP125c,0,MiniBus
5703,MiniBus65500,N2_LRP125b,0,MiniBus
5704,MiniBus65500,N2_LRP125a,0,MiniBus
5705,SmallTruck65501,N2_LRP214b,0.09672176667049914,SmallTruck
5706,LargeBus65505,N1_LRP439a,0,LargeBus
5707,HeavyTruck65506,N2_LRP018a,0,HeavyTruck
5708,LargeBus65509,N102_LRP062c,0,LargeBus
5709,LargeBus65509,N102_LRP062b,0,LargeBus
5710,MediumTruck65513,N105_LRP030c,0,MediumTruck
5711,SmallTruck65517,N2_LRP175f,0,SmallTruck
5712,SmallTruck65517,N2_LRP175e,0,SmallTruck
5713,SmallTruck65517,N2_LRP175d,0,SmallTruck
5714,SmallTruck65517,N2_LRP175c,0,SmallTruck
5715,SmallTruck65519,N2_LRP211c,0,SmallTruck
5716,MediumTruck65521,N1_LRP445d,0,MediumTruck
5717,MediumTruck65521,N1_LRP445b,0,MediumTruck
5718,MediumTruck65529,N105_LRP035d,0,MediumTruck
5719,SmallTruck65532,N2_LRP134c,0,SmallTruck
5720,SmallTruck65532,N2_LRP134b,0,SmallTruck
5721,MediumTruck65533,N2_LRP180a,0,MediumTruck
5722,MediumTruck65537,N1_LRP449d,0,MediumTruck
5723,MediumTruck65537,N1_LRP449c,0,MediumTruck
5724,LargeBus65542,N1_LRP137a,0,LargeBus
5725,MediumTruck65545,N105_LRP039b,0,MediumTruck
5726,SmallTruck65548,N2_LRP138b,0,SmallTruck
5727,SmallTruck65553,N1_LRP452e,0,SmallTruck
5728,SmallTruck65553,N1_LRP452d,0,SmallTruck
5729,MediumTruck65560,N105_LRP005c,0,MediumTruck
5730,MediumTruck65560,N105_LRP006a,0,MediumTruck
5731,MediumTruck65568,N1_LRP001a,0,MediumTruck
5732,MediumTruck65569,N1_LRP456c,0,MediumTruck
5733,MediumTruck65571,N2_LRP285c,0,MediumTruck
5734,SmallTruck65572,N102_LRP002a,0,SmallTruck
5735,LargeBus65574,N1_LRP145a,0,LargeBus
5736,SmallTruck65281,N1_LRP391a,0,SmallTruck
5737,MediumTruck65282,N2_LRP074a,0,MediumTruck
5738,MiniBus65295,N2_LRP155a,0,MiniBus
5739,LargeBus65298,N2_LRP076b,0,LargeBus
5740,LargeBus65308,N2_LRP073c,0,LargeBus
5741,LargeBus65308,N2_LRP073b,0,LargeBus
5742,MiniBus65311,N2_LRP156a,0,MiniBus
5743,MediumTruck65312,N2_LRP058c,0,MediumTruck
5744,MediumTruck65312,N2_LRP059a,0,MediumTruck
5745,MediumTruck65314,N2_LRP067c,0,MediumTruck
5746,SmallTruck65316,N1_LRP014a,0,SmallTruck
5747,MediumTruck65334,N1_LRP083b,0,MediumTruck
5748,MediumTruck65337,N2_LRP039c,0,MediumTruck
5749,MediumTruck65337,N2_LRP040a,0,MediumTruck
5750,MediumTruck65341,N2_LRP135a,0,MediumTruck
5751,SmallTruck65346,N2_LRP057b,0,SmallTruck
5752,SmallTruck65347,N2_LRP228b,0,SmallTruck
5753,MediumTruck65349,N102_LRP022a,0,MediumTruck
5754,MediumTruck65351,N1_LRP134a,0,MediumTruck
5755,MediumTruck65353,N2_LRP035b,0,MediumTruck
5756,MediumTruck65362,N2_LRP054b,0,MediumTruck
5757,LargeBus65363,N2_LRP226d,0,LargeBus
5758,LargeBus65363,N2_LRP226c,0,LargeBus
5759,SmallTruck65373,N2_LRP140c,0.10130669742404523,SmallTruck
5760,MediumTruck65377,N1_LRP414a,0,MediumTruck
5761,MediumTruck65379,N2_LRP236a,0,MediumTruck
5762,MediumTruck65379,N2_LRP235a,0,MediumTruck
5763,MediumTruck65380,N1_LRP030a,0,MediumTruck
5764,MediumTruck65384,N2_LRP050a,0,MediumTruck
5765,MediumTruck65391,N2_LRP182b,0,MediumTruck
5766,MediumTruck65391,N2_LRP182a,0,MediumTruck
5767,LargeBus65395,N2_LRP235a,0,LargeBus
5768,MediumTruck65402,N2_LRP072a,0,MediumTruck
5769,MiniBus65405,N2_LRP146a,0,MiniBus
5770,LargeBus65407,N2_LRP180c,0,LargeBus
5771,LargeBus65407,N2_LRP180a,0,LargeBus
5772,MediumTruck65409,N1_LRP420c,0,MediumTruck
5773,MediumTruck65409,N1_LRP420a,0,MediumTruck
5774,LargeBus65411,N2_LRP240a,0,LargeBus
5775,MediumTruck65413,N102_LRP038d,0,MediumTruck
5776,SmallTruck65416,N2_LRP043a,0.39813380624389844,SmallTruck
5777,MiniBus65418,N2_LRP072a,0,MiniBus
5778,LargeBus65419,N2_LRP103c,0,LargeBus
5779,MediumTruck65421,N2_LRP154c,0,MediumTruck
5780,MediumTruck65425,N1_LRP423d,0,MediumTruck
5781,MediumTruck65425,N1_LRP423c,0,MediumTruck
5782,MediumTruck65425,N1_LRP423b,0.029224082996670418,MediumTruck
5783,SmallTruck65427,N2_LRP248a,0,SmallTruck
5784,MediumTruck65432,N1_LRP051a,0,MediumTruck
5785,MediumTruck65440,N1_LRP035a,0,MediumTruck
5786,MediumTruck65441,N1_LRP426c,0,MediumTruck
5787,MediumTruck65441,N1_LRP426b,0,MediumTruck
5788,MediumTruck65441,N1_LRP426a,0,MediumTruck
5789,MediumTruck65441,N1_LRP425e,0,MediumTruck
5790,MiniBus65442,N2_LRP039c,0,MiniBus
5791,MediumTruck65446,N1_LRP112a,0,MediumTruck
5792,MediumTruck65457,N1_LRP431b,0,MediumTruck
5793,MediumTruck65457,N1_LRP431a,0,MediumTruck
5794,MediumTruck65457,N1_LRP430c,0,MediumTruck
5795,HeavyTruck65460,N1_LRP051a,0,HeavyTruck
5796,MediumTruck65465,N105_LRP017c,0,MediumTruck
5797,MediumTruck65467,N204_LRP003b,0,MediumTruck
5798,MiniBus65470,N208_LRP034c,0,MiniBus
5799,MiniBus65470,N208_LRP034d,0,MiniBus
5800,MediumTruck65473,N1_LRP432b,0,MediumTruck
5801,SmallTruck65477,N102_LRP055c,0,SmallTruck
5802,MediumTruck65481,N105_LRP021d,0,MediumTruck
5803,SmallTruck65485,N2_LRP168c,0,SmallTruck
5804,SmallTruck65485,N2_LRP168a,0,SmallTruck
5805,SmallTruck65486,N208_LRP027f,0,SmallTruck
5806,LargeBus65487,N2_LRP200c,0,LargeBus
5807,MediumTruck65489,N1_LRP436a,0,MediumTruck
5808,HeavyTruck65491,N2_LRP264a,0,HeavyTruck
5809,MediumTruck65492,N1_LRP105a,0,MediumTruck
5810,MediumTruck65496,N105_LRP023c,0,MediumTruck
5811,MediumTruck65498,N2_LRP140a,0.27274411063051696,MediumTruck
5812,MiniBus65500,N2_LRP124c,0,MiniBus
5813,MiniBus65500,N2_LRP123e,0,MiniBus
5814,LargeBus65505,N1_LRP438c,0,LargeBus
5815,LargeBus65505,N1_LRP438b,0,LargeBus
5816,SmallTruck65508,N102_LRP019a,0,SmallTruck
5817,SmallTruck65508,N102_LRP019b,0,SmallTruck
5818,SmallTruck65519,N2_LRP211b,0,SmallTruck
5819,MediumTruck65521,N1_LRP444e,0,MediumTruck
5820,MediumTruck65521,N1_LRP444d,0,MediumTruck
5821,MediumTruck65521,N1_LRP444c,0,MediumTruck
5822,MediumTruck65521,N1_LRP444b,0,MediumTruck
5823,MediumTruck65521,N1_LRP444a,0,MediumTruck
5824,SmallTruck65532,N2_LRP133a,0,SmallTruck
5825,MediumTruck65533,N2_LRP179a,0,MediumTruck
5826,MediumTruck65533,N2_LRP178b,0,MediumTruck
5827,MediumTruck65535,N2_LRP214b,0.44552353958946983,MediumTruck
5828,MediumTruck65537,N1_LRP448a,0,MediumTruck
5829,LargeBus65542,N1_LRP136a,0,LargeBus
5830,SmallTruck65548,N2_LRP138a,0,SmallTruck
5831,MiniBus65550,N208_LRP011b,0,MiniBus
5832,SmallTruck65553,N1_LRP452c,0,SmallTruck
5833,SmallTruck65553,N1_LRP452a,0,SmallTruck
5834,SmallTruck65553,N1_LRP451e,0,SmallTruck
5835,MediumTruck65561,N105_LRP042b,0,MediumTruck
5836,MediumTruck65565,N207_LRP061d,0,MediumTruck
5837,MiniBus65567,N2_LRP235a,0,MiniBus
5838,MediumTruck65569,N1_LRP456a,0,MediumTruck
5839,MediumTruck65571,N2_LRP285a,0,MediumTruck
5840,MediumTruck65571,N2_LRP284c,0,MediumTruck
5841,SmallTruck65572,N102_LRP002b,0,SmallTruck
5842,SmallTruck65572,N102_LRP002c,0,SmallTruck
5843,LargeBus65581,N2_LRP188a,0,LargeBus
5844,MediumTruck65583,N208_LRP055a,0,MediumTruck
5845,SmallTruck65281,N1_LRP390a,0,SmallTruck
5846,MediumTruck65282,N2_LRP076a,0,MediumTruck
5847,MediumTruck65294,N2_LRP211c,0,MediumTruck
5848,MiniBus65295,N2_LRP154c,0,MiniBus
5849,SmallTruck65301,N102_LRP009a,0,SmallTruck
5850,MiniBus65311,N2_LRP155a,0,MiniBus
5851,MediumTruck65321,N2_LRP043d,0,MediumTruck
5852,MediumTruck65321,N2_LRP044a,0,MediumTruck
5853,SmallTruck65323,N2_LRP084a,0,SmallTruck
5854,MediumTruck65325,N2_LRP130c,0,MediumTruck
5855,MediumTruck65325,N2_LRP130b,0,MediumTruck
5856,LargeBus65328,N2_LRP060c,0,LargeBus
5857,LargeBus65328,N2_LRP061a,0,LargeBus
5858,MediumTruck65334,N1_LRP083a,0,MediumTruck
5859,MediumTruck65337,N2_LRP040b,0,MediumTruck
5860,MediumTruck65341,N2_LRP134c,0,MediumTruck
5861,MediumTruck65341,N2_LRP134b,0,MediumTruck
5862,SmallTruck65355,N2_LRP141a,0,SmallTruck
5863,SmallTruck65355,N2_LRP141b,0,SmallTruck
5864,MediumTruck65356,N2_LRP090a,0,MediumTruck
5865,MediumTruck65358,N2_LRP225c,0.03868346868029635,MediumTruck
5866,MiniBus65361,N1_LRP408a,0,MiniBus
5867,MediumTruck65362,N2_LRP055b,0,MediumTruck
5868,MediumTruck65362,N2_LRP056a,0,MediumTruck
5869,LargeBus65363,N2_LRP225c,1.0386834686802964,LargeBus
5870,MediumTruck65367,N1_LRP137a,0,MediumTruck
5871,SmallTruck65381,N102_LRP029d,0,SmallTruck
5872,MediumTruck65389,N2_LRP241c,0,MediumTruck
5873,MiniBus65390,N2_LRP228b,0,MiniBus
5874,MediumTruck65391,N2_LRP181c,0,MediumTruck
5875,MiniBus65393,N1_LRP414a,0,MiniBus
5876,LargeBus65394,N2_LRP052a,0,LargeBus
5877,LargeBus65396,N1_LRP136a,0,LargeBus
5878,MediumTruck65397,N102_LRP034b,0,MediumTruck
5879,MediumTruck65403,N2_LRP103c,0,MediumTruck
5880,LargeBus65407,N2_LRP179a,0,LargeBus
5881,MediumTruck65409,N1_LRP418b,0,MediumTruck
5882,MediumTruck65410,N2_LRP043d,0,MediumTruck
5883,MediumTruck65410,N2_LRP044a,0,MediumTruck
5884,LargeBus65411,N2_LRP239a,0,LargeBus
5885,LargeBus65411,N2_LRP238c,0,LargeBus
5886,MediumTruck65413,N102_LRP038b,0,MediumTruck
5887,MediumTruck65413,N102_LRP037d,0,MediumTruck
5888,SmallTruck65414,N104_LRP044d,0,SmallTruck
5889,LargeBus65419,N2_LRP102a,0,LargeBus
5890,MediumTruck65421,N2_LRP153b,0,MediumTruck
5891,MediumTruck65421,N2_LRP153a,0,MediumTruck
5892,LargeBus65434,N2_LRP074a,0,LargeBus
5893,LargeBus65434,N2_LRP073g,0,LargeBus
5894,LargeBus65437,N2_LRP155a,0,LargeBus
5895,MediumTruck65440,N1_LRP036c,0,MediumTruck
5896,MediumTruck65441,N1_LRP425c,0.39710715157667525,MediumTruck
5897,MiniBus65442,N2_LRP040a,0,MiniBus
5898,MiniBus65442,N2_LRP040b,0,MiniBus
5899,MediumTruck65457,N1_LRP430b,0,MediumTruck
5900,MediumTruck65457,N1_LRP430a,0,MediumTruck
5901,MediumTruck65457,N1_LRP429f,0,MediumTruck
5902,MediumTruck65464,N105_LRP032b,0,MediumTruck
5903,MediumTruck65464,N105_LRP032c,0,MediumTruck
5904,MediumTruck65473,N1_LRP432a,0,MediumTruck
5905,MediumTruck65478,N104_LRP028a,0,MediumTruck
5906,MediumTruck65481,N105_LRP020c,0,MediumTruck
5907,SmallTruck65485,N2_LRP167c,0,SmallTruck
5908,SmallTruck65485,N2_LRP167b,0,SmallTruck
5909,SmallTruck65486,N208_LRP028d,0,SmallTruck
5910,LargeBus65487,N2_LRP199d,0,LargeBus
5911,MediumTruck65489,N1_LRP435c,0,MediumTruck
5912,SmallTruck65490,N2_LRP024b,0,SmallTruck
5913,MediumTruck65493,N102_LRP058a,0,MediumTruck
5914,MediumTruck65497,N105_LRP024c,0,MediumTruck
5915,MiniBus65500,N2_LRP123d,0,MiniBus
5916,MiniBus65500,N2_LRP123c,0,MiniBus
5917,MiniBus65502,N208_LRP027b,0,MiniBus
5918,MiniBus65502,N208_LRP027d,0,MiniBus
5919,LargeBus65505,N1_LRP438a,0,LargeBus
5920,MediumTruck65521,N1_LRP443d,0,MediumTruck
5921,MediumTruck65521,N1_LRP443c,0,MediumTruck
5922,SmallTruck65522,N2_LRP016a,0,SmallTruck
5923,MiniBus65524,N102_LRP017a,0,MiniBus
5924,LargeBus65525,N102_LRP065a,0,LargeBus
5925,MiniBus65526,N104_LRP017b,0,MiniBus
5926,SmallTruck65532,N2_LRP132c,0,SmallTruck
5927,MediumTruck65533,N2_LRP178a,0,MediumTruck
5928,MediumTruck65537,N1_LRP447c,0,MediumTruck
5929,MediumTruck65538,N2_LRP012c,0,MediumTruck
5930,SmallTruck65539,N2_LRP276a,0,SmallTruck
5931,SmallTruck65553,N1_LRP451b,0,SmallTruck
5932,SmallTruck65553,N1_LRP450e,0.6713262712824136,SmallTruck
5933,MiniBus65567,N2_LRP236a,0,MiniBus
5934,MediumTruck65569,N1_LRP455a,0,MediumTruck
5935,MediumTruck65571,N2_LRP284b,0,MediumTruck
5936,LargeBus65581,N2_LRP187b,0,LargeBus
5937,SmallTruck65281,N1_LRP389d,0,SmallTruck
5938,MediumTruck65282,N2_LRP076b,0,MediumTruck
5939,MediumTruck65294,N2_LRP211b,0,MediumTruck
5940,MiniBus65295,N2_LRP153b,0,MiniBus
5941,MiniBus65295,N2_LRP153a,0,MiniBus
5942,LargeBus65298,N2_LRP078a,0,LargeBus
5943,SmallTruck65303,N1_LRP120b,0,SmallTruck
5944,LargeBus65308,N2_LRP072a,0,LargeBus
5945,MiniBus65311,N2_LRP154c,0,MiniBus
5946,MediumTruck65312,N2_LRP060c,0,MediumTruck
5947,MediumTruck65312,N2_LRP061a,0,MediumTruck
5948,SmallTruck65316,N1_LRP012b,0,SmallTruck
5949,SmallTruck65316,N1_LRP012a,0,SmallTruck
5950,MediumTruck65321,N2_LRP044c,0,MediumTruck
5951,MediumTruck65325,N2_LRP130a,0,MediumTruck
5952,MediumTruck65325,N2_LRP129c,0,MediumTruck
5953,SmallTruck65329,N1_LRP400a,0,SmallTruck
5954,SmallTruck65331,N2_LRP224b,0,SmallTruck
5955,HeavyTruck65332,N102_LRP065a,0,HeavyTruck
5956,MediumTruck65333,N102_LRP017a,0,MediumTruck
5957,MediumTruck65336,N2_LRP064a,0,MediumTruck
5958,MediumTruck65337,N2_LRP041b,0,MediumTruck
5959,MediumTruck65337,N2_LRP042a,0,MediumTruck
5960,MediumTruck65340,N207_LRP066b,0,MediumTruck
5961,MediumTruck65341,N2_LRP133a,0,MediumTruck
5962,MediumTruck65342,N2_LRP221b,0,MediumTruck
5963,SmallTruck65346,N2_LRP058c,0,SmallTruck
5964,SmallTruck65346,N2_LRP059a,0,SmallTruck
5965,SmallTruck65347,N2_LRP226d,0,SmallTruck
5966,SmallTruck65347,N2_LRP226c,0,SmallTruck
5967,MediumTruck65362,N2_LRP057a,0,MediumTruck
5968,SmallTruck65372,N2_LRP093a,0,SmallTruck
5969,SmallTruck65373,N2_LRP140a,0.06950359194138106,SmallTruck
5970,MediumTruck65374,N2_LRP228b,0,MediumTruck
5971,MediumTruck65377,N1_LRP412d,0,MediumTruck
5972,MediumTruck65377,N1_LRP412b,0,MediumTruck
5973,MediumTruck65382,N1_LRP094a,0,MediumTruck
5974,LargeBus65388,N2_LRP199d,0,LargeBus
5975,MediumTruck65389,N2_LRP242a,0,MediumTruck
5976,MediumTruck65389,N2_LRP243a,0,MediumTruck
5977,MediumTruck65391,N2_LRP180c,0,MediumTruck
5978,LargeBus65394,N2_LRP053a,0,LargeBus
5979,LargeBus65394,N2_LRP054a,0,LargeBus
5980,LargeBus65396,N1_LRP137a,0,LargeBus
5981,MediumTruck65397,N102_LRP033c,0,MediumTruck
5982,MediumTruck65399,N104_LRPSa,0,MediumTruck
5983,MediumTruck65401,N1_LRP012a,0,MediumTruck
5984,MediumTruck65401,N1_LRP012b,0,MediumTruck
5985,MediumTruck65402,N2_LRP070c,0,MediumTruck
5986,MediumTruck65403,N2_LRP102a,0,MediumTruck
5987,LargeBus65407,N2_LRP178b,0,LargeBus
5988,LargeBus65407,N2_LRP178a,0,LargeBus
5989,MediumTruck65410,N2_LRP044c,0,MediumTruck
5990,MediumTruck65412,N102_LRP045a,0,MediumTruck
5991,MediumTruck65413,N102_LRP037c,0,MediumTruck
5992,SmallTruck65416,N2_LRP043d,0,SmallTruck
5993,SmallTruck65416,N2_LRP044a,0,SmallTruck
5994,MiniBus65418,N2_LRP070c,0,MiniBus
5995,MediumTruck65421,N2_LRP152d,0,MediumTruck
5996,MediumTruck65421,N2_LRP152c,0,MediumTruck
5997,MediumTruck65421,N2_LRP152b,0,MediumTruck
5998,MediumTruck65421,N2_LRP152a,0,MediumTruck
5999,MediumTruck65425,N1_LRP422b,0,MediumTruck
6000,MediumTruck65425,N1_LRP421f,0,MediumTruck
6001,SmallTruck65427,N2_LRP246c,0,SmallTruck
6002,LargeBus65434,N2_LRP073c,0,LargeBus
6003,LargeBus65434,N2_LRP073b,0,LargeBus
6004,MediumTruck65436,N2_LRP108a,0,MediumTruck
6005,LargeBus65437,N2_LRP154c,0,LargeBus
6006,MediumTruck65441,N1_LRP425b,0,MediumTruck
6007,MediumTruck65441,N1_LRP425a,0,MediumTruck
6008,MiniBus65442,N2_LRP041b,0,MiniBus
6009,MediumTruck65445,N102_LRP045a,0,MediumTruck
6010,MediumTruck65446,N1_LRP111a,0,MediumTruck
6011,MediumTruck65456,N1_LRP033a,0,MediumTruck
6012,MediumTruck65456,N1_LRP033b,0,MediumTruck
6013,MediumTruck65457,N1_LRP429c,0,MediumTruck
6014,MediumTruck65457,N1_LRP429b,0,MediumTruck
6015,MediumTruck65457,N1_LRP429a,0,MediumTruck
6016,MediumTruck65473,N1_LRP431d,0.5327760947573448,MediumTruck
6017,MediumTruck65474,N2_LRP029b,0,MediumTruck
6018,SmallTruck65475,N2_LRP258a,0,SmallTruck
6019,MediumTruck65476,N102_LRP028c,0,MediumTruck
6020,SmallTruck65485,N2_LRP166e,0,SmallTruck
6021,SmallTruck65485,N2_LRP166d,0,SmallTruck
6022,SmallTruck65486,N208_LRP029c,0,SmallTruck
6023,SmallTruck65490,N2_LRP025a,0,SmallTruck
6024,SmallTruck65490,N2_LRP025b,0,SmallTruck
6025,MediumTruck65492,N1_LRP107a,0,MediumTruck
6026,MediumTruck65496,N105_LRP024c,0,MediumTruck
6027,MediumTruck65498,N2_LRP140c,0.018238573693714,MediumTruck
6028,MiniBus65500,N2_LRP122b,0,MiniBus
6029,SmallTruck65501,N2_LRP216a,0,SmallTruck
6030,SmallTruck65501,N2_LRP216b,0,SmallTruck
6031,MiniBus65502,N208_LRP027f,0,MiniBus
6032,LargeBus65505,N1_LRP437b,0,LargeBus
6033,LargeBus65505,N1_LRP437a,0,LargeBus
6034,HeavyTruck65506,N2_LRP021a,0,HeavyTruck
6035,LargeBus65507,N2_LRP264a,0,LargeBus
6036,SmallTruck65510,N1_LRP127a,0,SmallTruck
6037,SmallTruck65511,N104_LRP028a,0,SmallTruck
6038,MediumTruck65512,N105_LRP020c,0,MediumTruck
6039,MediumTruck65529,N105_LRP032c,0,MediumTruck
6040,MediumTruck65529,N105_LRP032b,0,MediumTruck
6041,SmallTruck65532,N2_LRP132b,0,SmallTruck
6042,SmallTruck65532,N2_LRP132a,0,SmallTruck
6043,MediumTruck65533,N2_LRP177a,0,MediumTruck
6044,MediumTruck65537,N1_LRP447b,0,MediumTruck
6045,MediumTruck65537,N1_LRP447a,0,MediumTruck
6046,MediumTruck65537,N1_LRP446d,0,MediumTruck
6047,MediumTruck65537,N1_LRP446b,0,MediumTruck
6048,MediumTruck65538,N2_LRP012f,0,MediumTruck
6049,LargeBus65542,N1_LRP134a,0,LargeBus
6050,SmallTruck65548,N2_LRP135b,0,SmallTruck
6051,MediumTruck65551,N2_LRP216b,0,MediumTruck
6052,SmallTruck65553,N1_LRP450c,0,SmallTruck
6053,MediumTruck65561,N105_LRP041c,0,MediumTruck
6054,HeavyTruck65564,N207_LRP008c,0,HeavyTruck
6055,MiniBus65567,N2_LRP236c,0,MiniBus
6056,MediumTruck65571,N2_LRP283b,0,MediumTruck
6057,LargeBus65574,N1_LRP143a,0,LargeBus
6058,LargeBus65575,N104_LRP044d,0,LargeBus
6059,LargeBus65581,N2_LRP186d,0,LargeBus
6060,MiniBus65582,N208_LRP004c,0,MiniBus
6061,MediumTruck65590,N104_LRPSa,0,MediumTruck
6062,MiniBus65599,N2_LRP228b,0,MiniBus
6063,SmallTruck65281,N1_LRP389b,0.016338184455703796,SmallTruck
6064,MiniBus65295,N2_LRP152d,0,MiniBus
6065,MiniBus65295,N2_LRP152c,0,MiniBus
6066,MiniBus65295,N2_LRP152b,0,MiniBus
6067,MiniBus65295,N2_LRP152a,0,MiniBus
6068,LargeBus65298,N2_LRP079a,0,LargeBus
6069,LargeBus65299,N2_LRP207b,0,LargeBus
6070,MiniBus65311,N2_LRP153b,0,MiniBus
6071,MediumTruck65314,N2_LRP069c,0,MediumTruck
6072,MediumTruck65314,N2_LRP069e,0,MediumTruck
6073,MediumTruck65314,N2_LRP070a,0,MediumTruck
6074,MediumTruck65321,N2_LRP045b,0,MediumTruck
6075,MediumTruck65325,N2_LRP129b,0,MediumTruck
6076,MediumTruck65325,N2_LRP129a,0,MediumTruck
6077,MediumTruck65325,N2_LRP128b,0,MediumTruck
6078,MediumTruck65326,N2_LRP216b,0,MediumTruck
6079,SmallTruck65329,N1_LRP398d,0.11059049170020682,SmallTruck
6080,MediumTruck65335,N1_LRP127a,0,MediumTruck
6081,MediumTruck65336,N2_LRP064b,0,MediumTruck
6082,MediumTruck65341,N2_LRP132c,0,MediumTruck
6083,MediumTruck65348,N102_LRP062b,0,MediumTruck
6084,MediumTruck65351,N1_LRP131b,0,MediumTruck
6085,MediumTruck65353,N2_LRP038c,0,MediumTruck
6086,MediumTruck65362,N2_LRP057b,0,MediumTruck
6087,HeavyTruck65364,N102_LRP058a,0,HeavyTruck
6088,MediumTruck65367,N1_LRP136a,0,MediumTruck
6089,MediumTruck65377,N1_LRP412a,0,MediumTruck
6090,MediumTruck65377,N1_LRP411b,0,MediumTruck
6091,SmallTruck65381,N102_LRP028c,0,SmallTruck
6092,MediumTruck65384,N2_LRP052a,0,MediumTruck
6093,MediumTruck65387,N2_LRP098b,0.5840112480408645,MediumTruck
6094,LargeBus65388,N2_LRP200c,0,LargeBus
6095,MediumTruck65389,N2_LRP243b,0,MediumTruck
6096,MiniBus65390,N2_LRP226d,0,MiniBus
6097,MediumTruck65391,N2_LRP180a,0,MediumTruck
6098,MiniBus65393,N1_LRP412d,0,MiniBus
6099,MiniBus65393,N1_LRP412b,0,MiniBus
6100,LargeBus65394,N2_LRP054b,0,LargeBus
6101,MediumTruck65401,N1_LRP014a,0,MediumTruck
6102,MediumTruck65402,N2_LRP070a,0,MediumTruck
6103,MediumTruck65402,N2_LRP069e,0,MediumTruck
6104,MediumTruck65402,N2_LRP069c,0,MediumTruck
6105,LargeBus65408,N1_LRP051a,0,LargeBus
6106,MediumTruck65409,N1_LRP417d,0.1751655597799381,MediumTruck
6107,MediumTruck65410,N2_LRP045b,0,MediumTruck
6108,LargeBus65411,N2_LRP236c,0,LargeBus
6109,MediumTruck65413,N102_LRP036d,0,MediumTruck
6110,MediumTruck65413,N102_LRP036b,0,MediumTruck
6111,SmallTruck65416,N2_LRP044c,0,SmallTruck
6112,MiniBus65418,N2_LRP070a,0,MiniBus
6113,MiniBus65418,N2_LRP069e,0,MiniBus
6114,MiniBus65418,N2_LRP069c,0,MiniBus
6115,MediumTruck65421,N2_LRP151b,0,MediumTruck
6116,SmallTruck65423,N208_LRP011b,0,SmallTruck
6117,MediumTruck65425,N1_LRP421d,0,MediumTruck
6118,MediumTruck65426,N1_LRP051a,0,MediumTruck
6119,SmallTruck65430,N1_LRP183b,0,SmallTruck
6120,SmallTruck65430,N1_LRP184a,0,SmallTruck
6121,LargeBus65437,N2_LRP153b,0,LargeBus
6122,LargeBus65437,N2_LRP153a,0,LargeBus
6123,MediumTruck65441,N1_LRP424e,0,MediumTruck
6124,MediumTruck65441,N1_LRP424c,0,MediumTruck
6125,MediumTruck65441,N1_LRP424b,0,MediumTruck
6126,MediumTruck65441,N1_LRP424a,0.6565299589388511,MediumTruck
6127,MiniBus65442,N2_LRP042a,0,MiniBus
6128,SmallTruck65443,N2_LRP249a,0,SmallTruck
6129,MediumTruck65456,N1_LRP034a,0,MediumTruck
6130,MediumTruck65457,N1_LRP428d,0,MediumTruck
6131,MediumTruck65457,N1_LRP428c,0,MediumTruck
6132,MediumTruck65457,N1_LRP428b,0,MediumTruck
6133,MediumTruck65457,N1_LRP428a,0,MediumTruck
6134,MediumTruck65476,N102_LRP029d,0,MediumTruck
6135,HeavyTruck65491,N2_LRP262a,0,HeavyTruck
6136,HeavyTruck65491,N2_LRP261b,0,HeavyTruck
6137,MiniBus65494,N104_LRP028a,0,MiniBus
6138,MediumTruck65497,N105_LRP023c,0,MediumTruck
6139,MiniBus65500,N2_LRP121c,0,MiniBus
6140,MiniBus65502,N208_LRP028d,0,MiniBus
6141,LargeBus65505,N1_LRP436a,0,LargeBus
6142,LargeBus65505,N1_LRP435c,0,LargeBus
6143,HeavyTruck65506,N2_LRP021b,0,HeavyTruck
6144,LargeBus65509,N102_LRP058a,0,LargeBus
6145,MediumTruck65512,N105_LRP021d,0,MediumTruck
6146,MediumTruck65513,N105_LRP027c,0,MediumTruck
6147,SmallTruck65517,N2_LRP172d,0,SmallTruck
6148,SmallTruck65517,N2_LRP172c,0,SmallTruck
6149,MediumTruck65521,N1_LRP441a,0,MediumTruck
6150,MiniBus65524,N102_LRP019a,0,MiniBus
6151,MiniBus65524,N102_LRP019b,0,MiniBus
6152,MediumTruck65530,N204_LRP020b,0,MediumTruck
6153,SmallTruck65531,N204_LRP020b,0,SmallTruck
6154,MediumTruck65533,N2_LRP176e,0,MediumTruck
6155,MediumTruck65533,N2_LRP176d,0,MediumTruck
6156,MediumTruck65533,N2_LRP176c,0,MediumTruck
6157,MediumTruck65533,N2_LRP176b,0,MediumTruck
6158,SmallTruck65539,N2_LRP274e,0,SmallTruck
6159,SmallTruck65548,N2_LRP135a,0,SmallTruck
6160,MediumTruck65551,N2_LRP216a,0,MediumTruck
6161,SmallTruck65553,N1_LRP450a,0,SmallTruck
6162,MiniBus65558,N104_LRP010a,0,MiniBus
6163,MediumTruck65561,N105_LRP040c,0,MediumTruck
6164,MediumTruck65568,N1_LRP004b,0,MediumTruck
6165,LargeBus65574,N1_LRP142a,0,LargeBus
6166,LargeBus65581,N2_LRP186c,0,LargeBus
6167,LargeBus65581,N2_LRP186b,0.13267338819836713,LargeBus
6168,MediumTruck65588,N102_LRPSc,0,MediumTruck
6169,MediumTruck65589,N102_LRP082a,0,MediumTruck
6170,SmallTruck65596,N2_LRP146a,0,SmallTruck
6171,SmallTruck65281,N1_LRP389a,0,SmallTruck
6172,MediumTruck65282,N2_LRP078a,0,MediumTruck
6173,MiniBus65295,N2_LRP151b,0,MiniBus
6174,LargeBus65296,N1_LRP083a,0,LargeBus
6175,LargeBus65296,N1_LRP083b,0,LargeBus
6176,LargeBus65298,N2_LRP079b,0.2244176590024771,LargeBus
6177,LargeBus65299,N2_LRP206b,0,LargeBus
6178,SmallTruck65303,N1_LRP119a,0,SmallTruck
6179,SmallTruck65303,N1_LRP118d,0,SmallTruck
6180,LargeBus65308,N2_LRP070c,0,LargeBus
6181,LargeBus65308,N2_LRP070a,0,LargeBus
6182,MiniBus65311,N2_LRP153a,0,MiniBus
6183,MiniBus65311,N2_LRP152d,0,MiniBus
6184,MiniBus65311,N2_LRP152c,0,MiniBus
6185,MediumTruck65314,N2_LRP070c,0,MediumTruck
6186,MediumTruck65325,N2_LRP128a,0,MediumTruck
6187,MediumTruck65325,N2_LRP127c,0,MediumTruck
6188,MediumTruck65326,N2_LRP216a,0,MediumTruck
6189,SmallTruck65329,N1_LRP398a,0,SmallTruck
6190,MediumTruck65333,N102_LRP015a,0,MediumTruck
6191,MediumTruck65337,N2_LRP043a,0.0012280943786294332,MediumTruck
6192,MediumTruck65341,N2_LRP132b,0,MediumTruck
6193,MediumTruck65341,N2_LRP132a,0,MediumTruck
6194,MediumTruck65342,N2_LRP219a,0,MediumTruck
6195,MediumTruck65345,N1_LRP403a,0,MediumTruck
6196,SmallTruck65346,N2_LRP060c,0,SmallTruck
6197,SmallTruck65346,N2_LRP061a,0,SmallTruck
6198,SmallTruck65347,N2_LRP225c,0.34698199738575974,SmallTruck
6199,MediumTruck65348,N102_LRP062c,0,MediumTruck
6200,MediumTruck65349,N102_LRP019b,0,MediumTruck
6201,MediumTruck65349,N102_LRP019a,0,MediumTruck
6202,MediumTruck65353,N2_LRP039a,0,MediumTruck
6203,MediumTruck65356,N2_LRP087a,0,MediumTruck
6204,MediumTruck65358,N2_LRP224b,0,MediumTruck
6205,LargeBus65363,N2_LRP224b,0,LargeBus
6206,LargeBus65366,N1_LRP083b,0,LargeBus
6207,LargeBus65366,N1_LRP083a,0,LargeBus
6208,SmallTruck65372,N2_LRP092b,0,SmallTruck
6209,SmallTruck65372,N2_LRP092a,0,SmallTruck
6210,SmallTruck65372,N2_LRP091b,0,SmallTruck
6211,SmallTruck65373,N2_LRP139b,0,SmallTruck
6212,SmallTruck65373,N2_LRP139a,0,SmallTruck
6213,MediumTruck65374,N2_LRP226d,0,MediumTruck
6214,MediumTruck65374,N2_LRP226c,0,MediumTruck
6215,MediumTruck65377,N1_LRP411a,0,MediumTruck
6216,MediumTruck65380,N1_LRP027a,0,MediumTruck
6217,MediumTruck65380,N1_LRP026b,0,MediumTruck
6218,MediumTruck65384,N2_LRP053a,0,MediumTruck
6219,MiniBus65390,N2_LRP226c,0,MiniBus
6220,MediumTruck65391,N2_LRP179a,0,MediumTruck
6221,MediumTruck65391,N2_LRP178b,0,MediumTruck
6222,MediumTruck65392,N1_LRP051a,0,MediumTruck
6223,MiniBus65393,N1_LRP412a,0,MiniBus
6224,MiniBus65393,N1_LRP411b,0,MiniBus
6225,MiniBus65393,N1_LRP411a,0,MiniBus
6226,LargeBus65394,N2_LRP055b,0,LargeBus
6227,LargeBus65395,N2_LRP231d,0,LargeBus
6228,LargeBus65395,N2_LRP231c,0,LargeBus
6229,MiniBus65405,N2_LRP141b,0,MiniBus
6230,MiniBus65406,N208_LRP055a,0,MiniBus
6231,LargeBus65407,N2_LRP177a,0,LargeBus
6232,LargeBus65407,N2_LRP176e,0,LargeBus
6233,LargeBus65407,N2_LRP176d,0,LargeBus
6234,LargeBus65407,N2_LRP176c,0,LargeBus
6235,LargeBus65407,N2_LRP176b,0,LargeBus
6236,LargeBus65411,N2_LRP236a,0,LargeBus
6237,SmallTruck65416,N2_LRP045b,0,SmallTruck
6238,MediumTruck65421,N2_LRP151a,0,MediumTruck
6239,MediumTruck65425,N1_LRP420e,0,MediumTruck
6240,MediumTruck65425,N1_LRP420d,0,MediumTruck
6241,SmallTruck65430,N1_LRP185a,0,SmallTruck
6242,LargeBus65434,N2_LRP072a,0,LargeBus
6243,MediumTruck65436,N2_LRP106b,0,MediumTruck
6244,MediumTruck65436,N2_LRP106a,0,MediumTruck
6245,LargeBus65437,N2_LRP152d,0,LargeBus
6246,LargeBus65437,N2_LRP152c,0,LargeBus
6247,LargeBus65437,N2_LRP152b,0,LargeBus
6248,LargeBus65437,N2_LRP152a,0,LargeBus
6249,MiniBus65442,N2_LRP043a,0.260416599625542,MiniBus
6250,MediumTruck65448,N105_LRP039b,0,MediumTruck
6251,MediumTruck65457,N1_LRP427e,0,MediumTruck
6252,MediumTruck65457,N1_LRP427d,0,MediumTruck
6253,MediumTruck65457,N1_LRP427b,0,MediumTruck
6254,MediumTruck65464,N105_LRP035d,0,MediumTruck
6255,MediumTruck65473,N1_LRP431b,0,MediumTruck
6256,MediumTruck65473,N1_LRP431a,0,MediumTruck
6257,MediumTruck65473,N1_LRP430c,0,MediumTruck
6258,SmallTruck65485,N2_LRP165d,0,SmallTruck
6259,SmallTruck65485,N2_LRP165c,0,SmallTruck
6260,SmallTruck65485,N2_LRP164d,0,SmallTruck
6261,SmallTruck65486,N208_LRP031b,0,SmallTruck
6262,SmallTruck65486,N208_LRP031d,0,SmallTruck
6263,MediumTruck65488,N1_LRP026a,0,MediumTruck
6264,MediumTruck65488,N1_LRP026b,0,MediumTruck
6265,MediumTruck65489,N1_LRP433c,0,MediumTruck
6266,MediumTruck65489,N1_LRP433b,0.16476792137341106,MediumTruck
6267,HeavyTruck65491,N2_LRP261a,0,HeavyTruck
6268,MediumTruck65492,N1_LRP109a,0,MediumTruck
6269,MediumTruck65497,N105_LRP022c,0,MediumTruck
6270,MediumTruck65498,N2_LRP141a,0,MediumTruck
6271,MediumTruck65498,N2_LRP141b,0,MediumTruck
6272,MiniBus65500,N2_LRP121a,0,MiniBus
6273,MiniBus65502,N208_LRP029c,0,MiniBus
6274,SmallTruck65508,N102_LRP022a,0,SmallTruck
6275,MediumTruck65512,N105_LRP022c,0,MediumTruck
6276,SmallTruck65517,N2_LRP171f,0.024425938159990952,SmallTruck
6277,SmallTruck65519,N2_LRP207b,0,SmallTruck
6278,SmallTruck65522,N2_LRP018a,0,SmallTruck
6279,LargeBus65525,N102_LRP062c,0,LargeBus
6280,LargeBus65525,N102_LRP062b,0,LargeBus
6281,MediumTruck65529,N105_LRP030c,0,MediumTruck
6282,SmallTruck65532,N2_LRP130c,0,SmallTruck
6283,SmallTruck65532,N2_LRP130b,0,SmallTruck
6284,MediumTruck65533,N2_LRP175f,0,MediumTruck
6285,MediumTruck65533,N2_LRP175e,0,MediumTruck
6286,MediumTruck65533,N2_LRP175d,0,MediumTruck
6287,MediumTruck65533,N2_LRP175c,0,MediumTruck
6288,MediumTruck65535,N2_LRP211c,0,MediumTruck
6289,MediumTruck65537,N1_LRP445d,0,MediumTruck
6290,MediumTruck65537,N1_LRP445b,0,MediumTruck
6291,SmallTruck65540,N1_LRP068a,0,SmallTruck
6292,MediumTruck65545,N105_LRP035d,0,MediumTruck
6293,SmallTruck65548,N2_LRP134c,0,SmallTruck
6294,SmallTruck65548,N2_LRP134b,0,SmallTruck
6295,SmallTruck65553,N1_LRP449d,0,SmallTruck
6296,SmallTruck65553,N1_LRP449c,0,SmallTruck
6297,MediumTruck65561,N105_LRP039b,0,MediumTruck
6298,MiniBus65567,N2_LRP238c,0,MiniBus
6299,MiniBus65567,N2_LRP239a,0,MiniBus
6300,MediumTruck65569,N1_LRP452e,0,MediumTruck
6301,MediumTruck65569,N1_LRP452d,0,MediumTruck
6302,MediumTruck65584,N1_LRP001a,0,MediumTruck
6303,MiniBus65585,N1_LRP456c,0,MiniBus
6304,MediumTruck65587,N2_LRP285c,0,MediumTruck
6305,MediumTruck65588,N102_LRP002a,0,MediumTruck
6306,SmallTruck65597,N207_LRP066b,0,SmallTruck
6307,MiniBus65599,N2_LRP226d,0,MiniBus
6308,MiniBus65599,N2_LRP226c,0,MiniBus
6309,MiniBus65280,N1_LRP088a,0,MiniBus
6310,SmallTruck65281,N1_LRP388a,0,SmallTruck
6311,MediumTruck65282,N2_LRP079a,0,MediumTruck
6312,MediumTruck65285,N102_LRP002c,0,MediumTruck
6313,MediumTruck65285,N102_LRP002b,0,MediumTruck
6314,MediumTruck65285,N102_LRP002a,0,MediumTruck
6315,MiniBus65295,N2_LRP151a,0,MiniBus
6316,LargeBus65298,N2_LRP079d,0,LargeBus
6317,SmallTruck65304,N1_LRP088a,0,SmallTruck
6318,LargeBus65308,N2_LRP069e,0,LargeBus
6319,LargeBus65308,N2_LRP069c,0,LargeBus
6320,MiniBus65311,N2_LRP152b,0,MiniBus
6321,MiniBus65311,N2_LRP152a,0,MiniBus
6322,MiniBus65311,N2_LRP151b,0,MiniBus
6323,MediumTruck65321,N2_LRP046c,0,MediumTruck
6324,MediumTruck65321,N2_LRP047a,0,MediumTruck
6325,MediumTruck65321,N2_LRP047c,0,MediumTruck
6326,SmallTruck65323,N2_LRP081b,0,SmallTruck
6327,SmallTruck65323,N2_LRP081a,0,SmallTruck
6328,MediumTruck65325,N2_LRP127b,0,MediumTruck
6329,SmallTruck65331,N2_LRP221b,0,SmallTruck
6330,MediumTruck65336,N2_LRP066a,0,MediumTruck
6331,MediumTruck65345,N1_LRP402b,0,MediumTruck
6332,MediumTruck65353,N2_LRP039c,0,MediumTruck
6333,MediumTruck65353,N2_LRP040a,0,MediumTruck
6334,MediumTruck65356,N2_LRP086a,0,MediumTruck
6335,MediumTruck65362,N2_LRP058c,0,MediumTruck
6336,MediumTruck65362,N2_LRP059a,0,MediumTruck
6337,MediumTruck65365,N102_LRP022a,0,MediumTruck
6338,MediumTruck65367,N1_LRP134a,0,MediumTruck
6339,SmallTruck65373,N2_LRP138b,0,SmallTruck
6340,MediumTruck65377,N1_LRP410c,0.29406048949896857,MediumTruck
6341,MediumTruck65379,N2_LRP231d,0,MediumTruck
6342,MediumTruck65379,N2_LRP231c,0,MediumTruck
6343,MediumTruck65380,N1_LRP026a,0,MediumTruck
6344,MediumTruck65384,N2_LRP054a,0,MediumTruck
6345,MediumTruck65387,N2_LRP097a,0,MediumTruck
6346,MiniBus65390,N2_LRP225c,0.07224972580970099,MiniBus
6347,MediumTruck65391,N2_LRP178a,0,MediumTruck
6348,MiniBus65393,N1_LRP410c,1.2940604894989685,MiniBus
6349,LargeBus65394,N2_LRP056a,0,LargeBus
6350,LargeBus65395,N2_LRP230e,0,LargeBus
6351,MediumTruck65404,N2_LRP098b,0.05296478056137679,MediumTruck
6352,MiniBus65405,N2_LRP141a,0,MiniBus
6353,LargeBus65407,N2_LRP175f,0,LargeBus
6354,LargeBus65407,N2_LRP175e,0,LargeBus
6355,LargeBus65407,N2_LRP175d,0,LargeBus
6356,LargeBus65407,N2_LRP175c,0,LargeBus
6357,MediumTruck65409,N1_LRP417b,0,MediumTruck
6358,MediumTruck65409,N1_LRP416e,0,MediumTruck
6359,MediumTruck65409,N1_LRP416d,0,MediumTruck
6360,MediumTruck65410,N2_LRP046c,0,MediumTruck
6361,MediumTruck65410,N2_LRP047a,0,MediumTruck
6362,MediumTruck65410,N2_LRP047c,0,MediumTruck
6363,LargeBus65411,N2_LRP235a,0,LargeBus
6364,MiniBus65418,N2_LRP067c,0,MiniBus
6365,MediumTruck65425,N1_LRP420c,0,MediumTruck
6366,MediumTruck65425,N1_LRP420a,0,MediumTruck
6367,SmallTruck65427,N2_LRP243b,0,SmallTruck
6368,MediumTruck65429,N102_LRP038d,0,MediumTruck
6369,LargeBus65437,N2_LRP151b,0,LargeBus
6370,MediumTruck65441,N1_LRP423d,0,MediumTruck
6371,MediumTruck65441,N1_LRP423c,0,MediumTruck
6372,MediumTruck65441,N1_LRP423b,0.04886395426602425,MediumTruck
6373,SmallTruck65443,N2_LRP248a,0,SmallTruck
6374,MediumTruck65446,N1_LRP109a,0,MediumTruck
6375,MediumTruck65447,N104_LRP010a,0,MediumTruck
6376,MediumTruck65448,N105_LRP040c,0,MediumTruck
6377,MediumTruck65456,N1_LRP035a,0,MediumTruck
6378,MediumTruck65457,N1_LRP426e,0,MediumTruck
6379,MediumTruck65457,N1_LRP426d,0,MediumTruck
6380,MediumTruck65462,N1_LRP112a,0,MediumTruck
6381,LargeBus65463,N104_LRP010a,0,LargeBus
6382,MediumTruck65473,N1_LRP430b,0,MediumTruck
6383,MediumTruck65473,N1_LRP430a,0,MediumTruck
6384,MediumTruck65473,N1_LRP429f,0,MediumTruck
6385,MediumTruck65481,N105_LRP017c,0,MediumTruck
6386,SmallTruck65482,N2_LRP146a,0,SmallTruck
6387,SmallTruck65483,N204_LRP003b,0,SmallTruck
6388,SmallTruck65485,N2_LRP164b,0,SmallTruck
6389,SmallTruck65485,N2_LRP164a,0,SmallTruck
6390,MediumTruck65488,N1_LRP027a,0,MediumTruck
6391,MediumTruck65489,N1_LRP432b,0,MediumTruck
6392,MediumTruck65493,N102_LRP055c,0,MediumTruck
6393,MediumTruck65496,N105_LRP027c,0,MediumTruck
6394,MediumTruck65497,N105_LRP021d,0,MediumTruck
6395,MiniBus65500,N2_LRP120a,0,MiniBus
6396,MiniBus65500,N2_LRP119c,0,MiniBus
6397,MiniBus65502,N208_LRP031b,0,MiniBus
6398,MiniBus65503,N2_LRP200c,0,MiniBus
6399,LargeBus65507,N2_LRP262a,0,LargeBus
6400,LargeBus65507,N2_LRP261b,0,LargeBus
6401,MediumTruck65512,N105_LRP023c,0,MediumTruck
6402,SmallTruck65517,N2_LRP171e,0,SmallTruck
6403,MediumTruck65521,N1_LRP440a,0,MediumTruck
6404,SmallTruck65532,N2_LRP130a,0,SmallTruck
6405,SmallTruck65532,N2_LRP129c,0,SmallTruck
6406,MediumTruck65535,N2_LRP211b,0,MediumTruck
6407,MediumTruck65537,N1_LRP444e,0,MediumTruck
6408,MediumTruck65537,N1_LRP444d,0,MediumTruck
6409,MediumTruck65537,N1_LRP444c,0,MediumTruck
6410,MediumTruck65537,N1_LRP444b,0,MediumTruck
6411,MediumTruck65537,N1_LRP444a,0,MediumTruck
6412,LargeBus65542,N1_LRP131b,0,LargeBus
6413,SmallTruck65548,N2_LRP133a,0,SmallTruck
6414,MediumTruck65551,N2_LRP214b,0.054095252680647986,MediumTruck
6415,SmallTruck65553,N1_LRP448a,0,SmallTruck
6416,MediumTruck65554,N1_LRP020a,0,MediumTruck
6417,MiniBus65567,N2_LRP240a,0,MiniBus
6418,MediumTruck65569,N1_LRP452c,0,MediumTruck
6419,MediumTruck65569,N1_LRP452a,0,MediumTruck
6420,MediumTruck65569,N1_LRP451e,0,MediumTruck
6421,SmallTruck65577,N105_LRP042b,0,SmallTruck
6422,MiniBus65585,N1_LRP456a,0,MiniBus
6423,MediumTruck65587,N2_LRP285a,0,MediumTruck
6424,MediumTruck65587,N2_LRP284c,0,MediumTruck
6425,MediumTruck65588,N102_LRP002b,0,MediumTruck
6426,MediumTruck65588,N102_LRP002c,0,MediumTruck
6427,MediumTruck65590,N1_LRP145a,0,MediumTruck
6428,MediumTruck65594,N204_LRP003b,0,MediumTruck
6429,MiniBus65599,N2_LRP225c,1.072249725809701,MiniBus
6430,SmallTruck65281,N1_LRP387f,0,SmallTruck
6431,SmallTruck65281,N1_LRP387e,0,SmallTruck
6432,MediumTruck65282,N2_LRP079b,0.5812582236736213,MediumTruck
6433,MediumTruck65294,N2_LRP207b,0,MediumTruck
6434,MediumTruck65297,N1_LRP391a,0,MediumTruck
6435,LargeBus65298,N2_LRP081a,0,LargeBus
6436,LargeBus65298,N2_LRP081b,0,LargeBus
6437,MiniBus65311,N2_LRP151a,0,MiniBus
6438,MediumTruck65312,N2_LRP064a,0,MediumTruck
6439,LargeBus65313,N1_LRP391a,0,LargeBus
6440,MediumTruck65314,N2_LRP072a,0,MediumTruck
6441,SmallTruck65317,N102_LRP009a,0,SmallTruck
6442,MediumTruck65321,N2_LRP048a,0,MediumTruck
6443,SmallTruck65323,N2_LRP079d,0,SmallTruck
6444,SmallTruck65323,N2_LRP079b,2.1445315214446867,SmallTruck
6445,MediumTruck65325,N2_LRP126d,0,MediumTruck
6446,MediumTruck65325,N2_LRP126c,0,MediumTruck
6447,MediumTruck65325,N2_LRP126b,0,MediumTruck
6448,MediumTruck65326,N2_LRP214b,1.054095252680648,MediumTruck
6449,LargeBus65328,N2_LRP064a,0,LargeBus
6450,LargeBus65328,N2_LRP064b,0,LargeBus
6451,MediumTruck65336,N2_LRP067c,0,MediumTruck
6452,MediumTruck65337,N2_LRP043d,0,MediumTruck
6453,MediumTruck65337,N2_LRP044a,0,MediumTruck
6454,MediumTruck65341,N2_LRP130c,0,MediumTruck
6455,MediumTruck65341,N2_LRP130b,0,MediumTruck
6456,HeavyTruck65352,N1_LRP077a,0,HeavyTruck
6457,MediumTruck65353,N2_LRP040b,0,MediumTruck
6458,MiniBus65361,N1_LRP403a,0,MiniBus
6459,SmallTruck65372,N2_LRP090a,0,SmallTruck
6460,SmallTruck65373,N2_LRP138a,0,SmallTruck
6461,MediumTruck65374,N2_LRP225c,2.072249725809701,MediumTruck
6462,MediumTruck65377,N1_LRP410b,0,MediumTruck
6463,MediumTruck65379,N2_LRP230e,0,MediumTruck
6464,MediumTruck65384,N2_LRP054b,0,MediumTruck
6465,MediumTruck65387,N2_LRP096c,0,MediumTruck
6466,MediumTruck65391,N2_LRP177a,0,MediumTruck
6467,LargeBus65394,N2_LRP057a,0,LargeBus
6468,LargeBus65394,N2_LRP057b,0,LargeBus
6469,LargeBus65395,N2_LRP230c,0,LargeBus
6470,MediumTruck65397,N102_LRP029d,0,MediumTruck
6471,MediumTruck65402,N2_LRP067c,0,MediumTruck
6472,MiniBus65405,N2_LRP140c,0.09855014767967903,MiniBus
6473,MediumTruck65409,N1_LRP415c,1.0944395492938792,MediumTruck
6474,MediumTruck65410,N2_LRP048a,0,MediumTruck
6475,MediumTruck65413,N102_LRP034b,0,MediumTruck
6476,SmallTruck65416,N2_LRP046c,0,SmallTruck
6477,SmallTruck65416,N2_LRP047a,0,SmallTruck
6478,SmallTruck65416,N2_LRP047c,0,SmallTruck
6479,MiniBus65418,N2_LRP066a,0,MiniBus
6480,LargeBus65419,N2_LRP098b,0.07519390945072729,LargeBus
6481,MediumTruck65425,N1_LRP418b,0,MediumTruck
6482,SmallTruck65427,N2_LRP243a,0,SmallTruck
6483,MediumTruck65429,N102_LRP038b,0,MediumTruck
6484,MediumTruck65429,N102_LRP037d,0,MediumTruck
6485,SmallTruck65430,N1_LRP186a,0,SmallTruck
6486,SmallTruck65430,N1_LRP187a,0,SmallTruck
6487,LargeBus65434,N2_LRP070c,0,LargeBus
6488,LargeBus65434,N2_LRP070a,0,LargeBus
6489,MediumTruck65436,N2_LRP104a,0,MediumTruck
6490,LargeBus65437,N2_LRP151a,0,LargeBus
6491,MiniBus65442,N2_LRP043d,0,MiniBus
6492,MiniBus65442,N2_LRP044a,0,MiniBus
6493,MediumTruck65448,N105_LRP041c,0,MediumTruck
6494,MediumTruck65456,N1_LRP036c,0,MediumTruck
6495,MediumTruck65457,N1_LRP426c,0,MediumTruck
6496,MediumTruck65457,N1_LRP426b,0,MediumTruck
6497,MediumTruck65457,N1_LRP426a,0,MediumTruck
6498,MediumTruck65457,N1_LRP425e,0,MediumTruck
6499,MediumTruck65465,N2_LRP012c,0,MediumTruck
6500,MediumTruck65473,N1_LRP429c,0,MediumTruck
6501,MediumTruck65473,N1_LRP429b,0,MediumTruck
6502,MediumTruck65473,N1_LRP429a,0,MediumTruck
6503,SmallTruck65479,N104_LRP017b,0,SmallTruck
6504,SmallTruck65485,N2_LRP163d,0,SmallTruck
6505,SmallTruck65485,N2_LRP163c,0,SmallTruck
6506,SmallTruck65485,N2_LRP163b,0,SmallTruck
6507,SmallTruck65485,N2_LRP163a,0,SmallTruck
6508,MediumTruck65489,N1_LRP432a,0,MediumTruck
6509,MediumTruck65497,N105_LRP020c,0,MediumTruck
6510,MiniBus65500,N2_LRP118g,0,MiniBus
6511,MiniBus65500,N2_LRP118e,0,MiniBus
6512,SmallTruck65501,N2_LRP219a,0,SmallTruck
6513,MiniBus65503,N2_LRP199d,0,MiniBus
6514,LargeBus65505,N1_LRP433c,0,LargeBus
6515,LargeBus65505,N1_LRP433b,0.16941376134764521,LargeBus
6516,HeavyTruck65506,N2_LRP024b,0,HeavyTruck
6517,LargeBus65507,N2_LRP261a,0,LargeBus
6518,MediumTruck65513,N105_LRP024c,0,MediumTruck
6519,SmallTruck65517,N2_LRP171d,0,SmallTruck
6520,SmallTruck65517,N2_LRP170j,0,SmallTruck
6521,SmallTruck65517,N2_LRP170i,0,SmallTruck
6522,SmallTruck65517,N2_LRP170h,0,SmallTruck
6523,SmallTruck65517,N2_LRP170g,0,SmallTruck
6524,SmallTruck65517,N2_LRP170f,0.06605260884123029,SmallTruck
6525,MediumTruck65518,N208_LRP024d,0,MediumTruck
6526,MediumTruck65521,N1_LRP439a,0,MediumTruck
6527,SmallTruck65532,N2_LRP129b,0,SmallTruck
6528,SmallTruck65532,N2_LRP129a,0,SmallTruck
6529,SmallTruck65532,N2_LRP128b,0,SmallTruck
6530,MediumTruck65537,N1_LRP443d,0,MediumTruck
6531,MediumTruck65537,N1_LRP443c,0,MediumTruck
6532,MediumTruck65538,N2_LRP016a,0,MediumTruck
6533,MiniBus65547,N204_LRP020b,0,MiniBus
6534,SmallTruck65548,N2_LRP132c,0,SmallTruck
6535,SmallTruck65553,N1_LRP447c,0,SmallTruck
6536,MediumTruck65555,N2_LRP276a,0,MediumTruck
6537,MediumTruck65566,N208_LRP011b,0,MediumTruck
6538,MediumTruck65569,N1_LRP451b,0,MediumTruck
6539,MediumTruck65569,N1_LRP450e,0.12973741085504872,MediumTruck
6540,LargeBus65581,N2_LRP184c,0,LargeBus
6541,MiniBus65585,N1_LRP455a,0,MiniBus
6542,MediumTruck65587,N2_LRP284b,0,MediumTruck
6543,SmallTruck65592,N105_LRP003a,0,SmallTruck
6544,SmallTruck65281,N1_LRP387b,0,SmallTruck
6545,SmallTruck65281,N1_LRP387a,0,SmallTruck
6546,SmallTruck65281,N1_LRP386f,0,SmallTruck
6547,SmallTruck65281,N1_LRP386e,0,SmallTruck
6548,MediumTruck65282,N2_LRP079d,0,MediumTruck
6549,MediumTruck65284,N102_LRP082a,0,MediumTruck
6550,MediumTruck65285,N102_LRPSc,0,MediumTruck
6551,MiniBus65295,N2_LRP148b,0,MiniBus
6552,LargeBus65308,N2_LRP067c,0,LargeBus
6553,MediumTruck65312,N2_LRP064b,0,MediumTruck
6554,LargeBus65313,N1_LRP390a,0,LargeBus
6555,SmallTruck65316,N105_LRP003a,0,SmallTruck
6556,MediumTruck65321,N2_LRP048b,0,MediumTruck
6557,MediumTruck65325,N2_LRP126a,0,MediumTruck
6558,MediumTruck65325,N2_LRP125d,0,MediumTruck
6559,MediumTruck65325,N2_LRP125c,0,MediumTruck
6560,MediumTruck65325,N2_LRP125b,0,MediumTruck
6561,SmallTruck65331,N2_LRP219a,0,SmallTruck
6562,MediumTruck65337,N2_LRP044c,0,MediumTruck
6563,MediumTruck65341,N2_LRP130a,0,MediumTruck
6564,MediumTruck65341,N2_LRP129c,0,MediumTruck
6565,SmallTruck65347,N2_LRP224b,0,SmallTruck
6566,MediumTruck65348,N102_LRP065a,0,MediumTruck
6567,MediumTruck65349,N102_LRP017a,0,MediumTruck
6568,MediumTruck65353,N2_LRP041b,0,MediumTruck
6569,MediumTruck65353,N2_LRP042a,0,MediumTruck
6570,SmallTruck65355,N2_LRP146a,0,SmallTruck
6571,MediumTruck65358,N2_LRP221b,0,MediumTruck
6572,MiniBus65361,N1_LRP402b,0,MiniBus
6573,MediumTruck65362,N2_LRP060c,0,MediumTruck
6574,MediumTruck65362,N2_LRP061a,0,MediumTruck
6575,MediumTruck65377,N1_LRP410a,0,MediumTruck
6576,MediumTruck65379,N2_LRP230c,0,MediumTruck
6577,MediumTruck65384,N2_LRP055b,0,MediumTruck
6578,MediumTruck65384,N2_LRP056a,0,MediumTruck
6579,MediumTruck65387,N2_LRP096a,0,MediumTruck
6580,MediumTruck65387,N2_LRP095a,0,MediumTruck
6581,MediumTruck65389,N2_LRP246c,0,MediumTruck
6582,MiniBus65390,N2_LRP224b,0,MiniBus
6583,MediumTruck65391,N2_LRP176e,0,MediumTruck
6584,MediumTruck65391,N2_LRP176d,0,MediumTruck
6585,MediumTruck65391,N2_LRP176c,0,MediumTruck
6586,MediumTruck65391,N2_LRP176b,0,MediumTruck
6587,MiniBus65393,N1_LRP410b,0,MiniBus
6588,MiniBus65393,N1_LRP410a,0,MiniBus
6589,LargeBus65395,N2_LRP229c,0,LargeBus
6590,LargeBus65395,N2_LRP229a,0.26059261097761993,LargeBus
6591,MediumTruck65402,N2_LRP066a,0,MediumTruck
6592,MediumTruck65404,N2_LRP097a,0,MediumTruck
6593,MediumTruck65410,N2_LRP048b,0,MediumTruck
6594,MediumTruck65413,N102_LRP033c,0,MediumTruck
6595,HeavyTruck65415,N104_LRPSa,0,HeavyTruck
6596,SmallTruck65416,N2_LRP048a,0,SmallTruck
6597,MediumTruck65421,N2_LRP148b,0,MediumTruck
6598,SmallTruck65427,N2_LRP242a,0,SmallTruck
6599,SmallTruck65428,N102_LRP045a,0,SmallTruck
6600,MediumTruck65429,N102_LRP037c,0,MediumTruck
6601,LargeBus65431,N1_LRP148a,0,LargeBus
6602,LargeBus65434,N2_LRP069e,0,LargeBus
6603,LargeBus65434,N2_LRP069c,0,LargeBus
6604,MediumTruck65441,N1_LRP422b,0,MediumTruck
6605,MediumTruck65441,N1_LRP421f,0,MediumTruck
6606,MiniBus65442,N2_LRP044c,0,MiniBus
6607,SmallTruck65443,N2_LRP246c,0,SmallTruck
6608,MediumTruck65446,N1_LRP107a,0,MediumTruck
6609,MediumTruck65457,N1_LRP425c,0.34064908312044756,MediumTruck
6610,MediumTruck65461,N102_LRP045a,0,MediumTruck
6611,MediumTruck65462,N1_LRP111a,0,MediumTruck
6612,MediumTruck65465,N2_LRP012f,0,MediumTruck
6613,MediumTruck65473,N1_LRP428d,0,MediumTruck
6614,MediumTruck65473,N1_LRP428c,0,MediumTruck
6615,MediumTruck65473,N1_LRP428b,0,MediumTruck
6616,MediumTruck65473,N1_LRP428a,0,MediumTruck
6617,SmallTruck65485,N2_LRP162e,0,SmallTruck
6618,SmallTruck65485,N2_LRP162d,0,SmallTruck
6619,SmallTruck65485,N2_LRP162c,0,SmallTruck
6620,MediumTruck65489,N1_LRP431d,0.030487605831187266,MediumTruck
6621,SmallTruck65490,N2_LRP029b,0,SmallTruck
6622,HeavyTruck65491,N2_LRP258a,0,HeavyTruck
6623,MediumTruck65492,N1_LRP111a,0,MediumTruck
6624,LargeBus65495,N104_LRP017b,0,LargeBus
6625,MiniBus65500,N2_LRP118b,0,MiniBus
6626,MiniBus65500,N2_LRP118a,0,MiniBus
6627,MiniBus65502,N208_LRP031d,0,MiniBus
6628,LargeBus65505,N1_LRP432b,0,LargeBus
6629,HeavyTruck65506,N2_LRP025a,0,HeavyTruck
6630,HeavyTruck65506,N2_LRP025b,0,HeavyTruck
6631,LargeBus65509,N102_LRP055c,0,LargeBus
6632,SmallTruck65510,N1_LRP123a,0,SmallTruck
6633,MediumTruck65512,N105_LRP024c,0,MediumTruck
6634,SmallTruck65517,N2_LRP170e,0,SmallTruck
6635,SmallTruck65517,N2_LRP170c,0,SmallTruck
6636,SmallTruck65519,N2_LRP206b,0,SmallTruck
6637,SmallTruck65522,N2_LRP021a,0,SmallTruck
6638,MiniBus65524,N102_LRP022a,0,MiniBus
6639,SmallTruck65527,N104_LRP028a,0,SmallTruck
6640,SmallTruck65532,N2_LRP128a,0,SmallTruck
6641,SmallTruck65532,N2_LRP127c,0,SmallTruck
6642,MediumTruck65541,N102_LRP065a,0,MediumTruck
6643,MediumTruck65545,N105_LRP032c,0,MediumTruck
6644,MediumTruck65545,N105_LRP032b,0,MediumTruck
6645,SmallTruck65548,N2_LRP132b,0,SmallTruck
6646,SmallTruck65548,N2_LRP132a,0,SmallTruck
6647,SmallTruck65553,N1_LRP447b,0,SmallTruck
6648,SmallTruck65553,N1_LRP447a,0,SmallTruck
6649,SmallTruck65553,N1_LRP446d,0,SmallTruck
6650,SmallTruck65553,N1_LRP446b,0,SmallTruck
6651,LargeBus65556,N1_LRP068a,0,LargeBus
6652,MiniBus65567,N2_LRP241c,0,MiniBus
6653,MediumTruck65569,N1_LRP450c,0,MediumTruck
6654,SmallTruck65577,N105_LRP041c,0,SmallTruck
6655,SmallTruck65580,N207_LRP008c,0,SmallTruck
6656,LargeBus65581,N2_LRP183d,0.0770193854628607,LargeBus
6657,MediumTruck65587,N2_LRP283b,0,MediumTruck
6658,MediumTruck65590,N1_LRP143a,0,MediumTruck
6659,SmallTruck65598,N208_LRP004c,0,SmallTruck
6660,MediumTruck65606,N104_LRPSa,0,MediumTruck
6661,MediumTruck65612,N2_LRP147a,0,MediumTruck
6662,MediumTruck65612,N2_LRP147b,0,MediumTruck
6663,SmallTruck65281,N1_LRP386c,0,SmallTruck
6664,SmallTruck65281,N1_LRP386a,0,SmallTruck
6665,SmallTruck65281,N1_LRP385g,0,SmallTruck
6666,MediumTruck65282,N2_LRP081a,0,MediumTruck
6667,MiniBus65295,N2_LRP147d,0,MiniBus
6668,MediumTruck65297,N1_LRP390a,0,MediumTruck
6669,MediumTruck65297,N1_LRP389d,0,MediumTruck
6670,LargeBus65308,N2_LRP066a,0,LargeBus
6671,LargeBus65313,N1_LRP389d,0,LargeBus
6672,MediumTruck65314,N2_LRP073b,0,MediumTruck
6673,MediumTruck65314,N2_LRP073c,0,MediumTruck
6674,MediumTruck65325,N2_LRP125a,0,MediumTruck
6675,MediumTruck65325,N2_LRP124c,0,MediumTruck
6676,LargeBus65328,N2_LRP066a,0,LargeBus
6677,MediumTruck65334,N1_LRP077a,0,MediumTruck
6678,MediumTruck65335,N1_LRP123a,0,MediumTruck
6679,MediumTruck65337,N2_LRP045b,0,MediumTruck
6680,MediumTruck65341,N2_LRP129b,0,MediumTruck
6681,MediumTruck65341,N2_LRP129a,0,MediumTruck
6682,MediumTruck65341,N2_LRP128b,0,MediumTruck
6683,MediumTruck65342,N2_LRP216b,0,MediumTruck
6684,MediumTruck65345,N1_LRP400a,0,MediumTruck
6685,SmallTruck65346,N2_LRP064a,0,SmallTruck
6686,MediumTruck65351,N1_LRP127a,0,MediumTruck
6687,SmallTruck65355,N2_LRP147a,0,SmallTruck
6688,SmallTruck65355,N2_LRP147b,0,SmallTruck
6689,MediumTruck65356,N2_LRP084a,0,MediumTruck
6690,LargeBus65363,N2_LRP221b,0,LargeBus
6691,HeavyTruck65364,N102_LRP062b,0,HeavyTruck
6692,MediumTruck65367,N1_LRP131b,0,MediumTruck
6693,SmallTruck65373,N2_LRP135b,0,SmallTruck
6694,LargeBus65376,N1_LRP064c,0,LargeBus
6695,MediumTruck65379,N2_LRP229c,0,MediumTruck
6696,MediumTruck65384,N2_LRP057a,0,MediumTruck
6697,MediumTruck65391,N2_LRP175f,0,MediumTruck
6698,MediumTruck65391,N2_LRP175e,0,MediumTruck
6699,MediumTruck65391,N2_LRP175d,0,MediumTruck
6700,MediumTruck65391,N2_LRP175c,0,MediumTruck
6701,LargeBus65394,N2_LRP058c,0,LargeBus
6702,LargeBus65394,N2_LRP059a,0,LargeBus
6703,LargeBus65395,N2_LRP228b,0,LargeBus
6704,LargeBus65396,N1_LRP142a,0,LargeBus
6705,MediumTruck65397,N102_LRP028c,0,MediumTruck
6706,MediumTruck65403,N2_LRP098b,0.04512384788145736,MediumTruck
6707,MediumTruck65404,N2_LRP096c,0,MediumTruck
6708,MiniBus65405,N2_LRP140a,0.04507013987137837,MiniBus
6709,SmallTruck65416,N2_LRP048b,0,SmallTruck
6710,LargeBus65419,N2_LRP097a,0,LargeBus
6711,MediumTruck65421,N2_LRP147d,0,MediumTruck
6712,MediumTruck65421,N2_LRP147b,0,MediumTruck
6713,MediumTruck65425,N1_LRP417d,0.08517040867351863,MediumTruck
6714,SmallTruck65427,N2_LRP241c,0,SmallTruck
6715,MediumTruck65429,N102_LRP036d,0,MediumTruck
6716,MediumTruck65429,N102_LRP036b,0,MediumTruck
6717,LargeBus65431,N1_LRP149a,0,LargeBus
6718,LargeBus65431,N1_LRP149c,0,LargeBus
6719,MediumTruck65436,N2_LRP103c,0,MediumTruck
6720,LargeBus65437,N2_LRP148b,0,LargeBus
6721,MediumTruck65438,N208_LRP046b,0,MediumTruck
6722,MediumTruck65441,N1_LRP421d,0,MediumTruck
6723,MiniBus65442,N2_LRP045b,0,MiniBus
6724,MediumTruck65448,N105_LRP042b,0,MediumTruck
6725,MiniBus65455,N208_LRP011b,0,MiniBus
6726,MediumTruck65457,N1_LRP425b,0,MediumTruck
6727,MediumTruck65457,N1_LRP425a,0,MediumTruck
6728,SmallTruck65459,N2_LRP249a,0,SmallTruck
6729,MediumTruck65473,N1_LRP427e,0,MediumTruck
6730,MediumTruck65473,N1_LRP427d,0,MediumTruck
6731,MediumTruck65473,N1_LRP427b,0,MediumTruck
6732,MediumTruck65476,N102_LRP033c,0,MediumTruck
6733,SmallTruck65485,N2_LRP162a,0.24742092946518562,SmallTruck
6734,SmallTruck65486,N208_LRP034c,0,SmallTruck
6735,SmallTruck65486,N208_LRP034d,0,SmallTruck
6736,MediumTruck65488,N1_LRP030a,0,MediumTruck
6737,MediumTruck65492,N1_LRP112a,0,MediumTruck
6738,MiniBus65500,N2_LRP117b,0,MiniBus
6739,MiniBus65500,N2_LRP117a,0.03061310853840884,MiniBus
6740,SmallTruck65501,N2_LRP221b,0,SmallTruck
6741,LargeBus65505,N1_LRP432a,0,LargeBus
6742,LargeBus65505,N1_LRP431d,0.16296796631441365,LargeBus
6743,SmallTruck65510,N1_LRP122a,0,SmallTruck
6744,MediumTruck65513,N105_LRP023c,0,MediumTruck
6745,SmallTruck65517,N2_LRP170b,0,SmallTruck
6746,SmallTruck65517,N2_LRP170a,0,SmallTruck
6747,SmallTruck65517,N2_LRP169f,0,SmallTruck
6748,SmallTruck65517,N2_LRP169e,0,SmallTruck
6749,SmallTruck65517,N2_LRP169d,0,SmallTruck
6750,SmallTruck65517,N2_LRP169c,0,SmallTruck
6751,MediumTruck65521,N1_LRP438c,0,MediumTruck
6752,MediumTruck65521,N1_LRP438b,0,MediumTruck
6753,MediumTruck65521,N1_LRP438a,0,MediumTruck
6754,SmallTruck65522,N2_LRP021b,0,SmallTruck
6755,LargeBus65525,N102_LRP058a,0,LargeBus
6756,MediumTruck65529,N105_LRP027c,0,MediumTruck
6757,SmallTruck65532,N2_LRP127b,0,SmallTruck
6758,MediumTruck65533,N2_LRP172d,0,MediumTruck
6759,MediumTruck65533,N2_LRP172c,0,MediumTruck
6760,MediumTruck65537,N1_LRP441a,0,MediumTruck
6761,MediumTruck65544,N105_LRP017c,0,MediumTruck
6762,SmallTruck65546,N204_LRP020b,0,SmallTruck
6763,MediumTruck65555,N2_LRP274e,0,MediumTruck
6764,MiniBus65567,N2_LRP242a,0,MiniBus
6765,MediumTruck65569,N1_LRP450a,0,MediumTruck
6766,SmallTruck65572,N102_LRP009a,0,SmallTruck
6767,SmallTruck65577,N105_LRP040c,0,SmallTruck
6768,MediumTruck65578,N2_LRP108a,0,MediumTruck
6769,LargeBus65581,N2_LRP183c,0,LargeBus
6770,MediumTruck65584,N1_LRP004b,0,MediumTruck
6771,MediumTruck65591,N104_LRP044d,0,MediumTruck
6772,SmallTruck65596,N2_LRP141b,0,SmallTruck
6773,SmallTruck65596,N2_LRP141a,0,SmallTruck
6774,MiniBus65599,N2_LRP224b,0,MiniBus
6775,LargeBus65604,N102_LRPSc,0,LargeBus
6776,MediumTruck65605,N102_LRP082a,0,MediumTruck
6777,SmallTruck65610,N2_LRP118a,0,SmallTruck
6778,SmallTruck65610,N2_LRP118b,0,SmallTruck
6779,SmallTruck65610,N2_LRP118e,0,SmallTruck
6780,MediumTruck65612,N2_LRP147d,0,MediumTruck
6781,MediumTruck65612,N2_LRP148b,0,MediumTruck
6782,MediumTruck65282,N2_LRP081b,0,MediumTruck
6783,MediumTruck65294,N2_LRP206b,0,MediumTruck
6784,MiniBus65295,N2_LRP147b,0,MiniBus
6785,MiniBus65295,N2_LRP147a,0,MiniBus
6786,MediumTruck65297,N1_LRP389b,0.20638030506979851,MediumTruck
6787,LargeBus65300,N105_LRP017c,0,LargeBus
6788,MiniBus65311,N2_LRP148b,0,MiniBus
6789,MediumTruck65312,N2_LRP066a,0,MediumTruck
6790,LargeBus65313,N1_LRP389b,1.2063803050697985,LargeBus
6791,MediumTruck65314,N2_LRP073g,0,MediumTruck
6792,SmallTruck65316,N105_LRP005c,0,SmallTruck
6793,MediumTruck65321,N2_LRP050a,0,MediumTruck
6794,SmallTruck65323,N2_LRP079a,0,SmallTruck
6795,MediumTruck65325,N2_LRP123e,0,MediumTruck
6796,MediumTruck65325,N2_LRP123d,0,MediumTruck
6797,LargeBus65328,N2_LRP067c,0,LargeBus
6798,MediumTruck65335,N1_LRP122a,0,MediumTruck
6799,MediumTruck65336,N2_LRP069c,0,MediumTruck
6800,MediumTruck65336,N2_LRP069e,0,MediumTruck
6801,MediumTruck65336,N2_LRP070a,0,MediumTruck
6802,MediumTruck65341,N2_LRP128a,0,MediumTruck
6803,MediumTruck65341,N2_LRP127c,0,MediumTruck
6804,MediumTruck65342,N2_LRP216a,0,MediumTruck
6805,MediumTruck65345,N1_LRP398d,0.45107266146699593,MediumTruck
6806,SmallTruck65346,N2_LRP064b,0,SmallTruck
6807,MediumTruck65349,N102_LRP015a,0,MediumTruck
6808,MediumTruck65353,N2_LRP043a,0.30427398407220124,MediumTruck
6809,SmallTruck65355,N2_LRP147d,0,SmallTruck
6810,SmallTruck65355,N2_LRP148b,0,SmallTruck
6811,MediumTruck65358,N2_LRP219a,0,MediumTruck
6812,HeavyTruck65364,N102_LRP062c,0,HeavyTruck
6813,MediumTruck65365,N102_LRP019b,0,MediumTruck
6814,MediumTruck65365,N102_LRP019a,0,MediumTruck
6815,SmallTruck65372,N2_LRP087a,0,SmallTruck
6816,SmallTruck65373,N2_LRP135a,0,SmallTruck
6817,MediumTruck65377,N1_LRP408a,0,MediumTruck
6818,MediumTruck65379,N2_LRP229a,0.36331605979595905,MediumTruck
6819,MediumTruck65380,N1_LRP023a,0,MediumTruck
6820,MediumTruck65384,N2_LRP057b,0,MediumTruck
6821,MediumTruck65389,N2_LRP248a,0,MediumTruck
6822,MediumTruck65402,N2_LRP064b,0,MediumTruck
6823,MediumTruck65404,N2_LRP096a,0,MediumTruck
6824,MediumTruck65404,N2_LRP095a,0,MediumTruck
6825,LargeBus65407,N2_LRP172d,0,LargeBus
6826,LargeBus65407,N2_LRP172c,0,LargeBus
6827,MediumTruck65409,N1_LRP414a,0,MediumTruck
6828,MediumTruck65410,N2_LRP050a,0,MediumTruck
6829,LargeBus65411,N2_LRP231d,0,LargeBus
6830,LargeBus65411,N2_LRP231c,0,LargeBus
6831,SmallTruck65417,N1_LRP004b,0,SmallTruck
6832,MiniBus65418,N2_LRP064b,0,MiniBus
6833,MiniBus65418,N2_LRP064a,0,MiniBus
6834,LargeBus65419,N2_LRP096c,0,LargeBus
6835,LargeBus65419,N2_LRP096a,0,LargeBus
6836,MediumTruck65421,N2_LRP147a,0,MediumTruck
6837,LargeBus65422,N208_LRP055a,0,LargeBus
6838,LargeBus65434,N2_LRP067c,0,LargeBus
6839,MediumTruck65436,N2_LRP102a,0,MediumTruck
6840,LargeBus65437,N2_LRP147d,0,LargeBus
6841,MediumTruck65441,N1_LRP420e,0,MediumTruck
6842,MediumTruck65441,N1_LRP420d,0,MediumTruck
6843,MiniBus65442,N2_LRP046c,0,MiniBus
6844,MediumTruck65446,N1_LRP105a,0,MediumTruck
6845,SmallTruck65449,N105_LRP006a,0,SmallTruck
6846,SmallTruck65449,N105_LRP005c,0,SmallTruck
6847,MediumTruck65457,N1_LRP424e,0,MediumTruck
6848,MediumTruck65457,N1_LRP424c,0,MediumTruck
6849,MediumTruck65457,N1_LRP424b,0,MediumTruck
6850,MediumTruck65457,N1_LRP424a,0.42119513577684126,MediumTruck
6851,MediumTruck65464,N105_LRP039b,0,MediumTruck
6852,MediumTruck65473,N1_LRP426e,0,MediumTruck
6853,MediumTruck65473,N1_LRP426d,0,MediumTruck
6854,MediumTruck65476,N102_LRP034b,0,MediumTruck
6855,SmallTruck65485,N2_LRP161c,0,SmallTruck
6856,SmallTruck65485,N2_LRP161b,0,SmallTruck
6857,MediumTruck65489,N1_LRP431b,0,MediumTruck
6858,MediumTruck65489,N1_LRP431a,0,MediumTruck
6859,MediumTruck65489,N1_LRP430c,0,MediumTruck
6860,MediumTruck65496,N105_LRP030c,0,MediumTruck
6861,LargeBus65507,N2_LRP258a,0,LargeBus
6862,MediumTruck65513,N105_LRP022c,0,MediumTruck
6863,SmallTruck65517,N2_LRP169b,0,SmallTruck
6864,MediumTruck65518,N208_LRP027b,0,MediumTruck
6865,MediumTruck65518,N208_LRP027d,0,MediumTruck
6866,MediumTruck65521,N1_LRP437b,0,MediumTruck
6867,MediumTruck65521,N1_LRP437a,0,MediumTruck
6868,SmallTruck65532,N2_LRP126d,0,SmallTruck
6869,SmallTruck65532,N2_LRP126c,0,SmallTruck
6870,SmallTruck65532,N2_LRP126b,0,SmallTruck
6871,MediumTruck65533,N2_LRP171f,0.005605216738415448,MediumTruck
6872,MediumTruck65535,N2_LRP207b,0,MediumTruck
6873,MediumTruck65538,N2_LRP018a,0,MediumTruck
6874,SmallTruck65540,N1_LRP064c,0,SmallTruck
6875,MediumTruck65545,N105_LRP030c,0,MediumTruck
6876,SmallTruck65548,N2_LRP130c,0,SmallTruck
6877,SmallTruck65548,N2_LRP130b,0,SmallTruck
6878,MediumTruck65551,N2_LRP211c,0,MediumTruck
6879,SmallTruck65553,N1_LRP445d,0,SmallTruck
6880,SmallTruck65553,N1_LRP445b,0,SmallTruck
6881,MediumTruck65554,N1_LRP023a,0,MediumTruck
6882,MediumTruck65561,N105_LRP035d,0,MediumTruck
6883,MiniBus65567,N2_LRP243a,0,MiniBus
6884,MediumTruck65569,N1_LRP449d,0,MediumTruck
6885,MediumTruck65569,N1_LRP449c,0,MediumTruck
6886,LargeBus65570,N2_LRP012c,0,LargeBus
6887,LargeBus65574,N1_LRP137a,0,LargeBus
6888,SmallTruck65577,N105_LRP039b,0,SmallTruck
6889,LargeBus65581,N2_LRP183a,0,LargeBus
6890,LargeBus65581,N2_LRP182d,0,LargeBus
6891,MiniBus65585,N1_LRP452e,0,MiniBus
6892,MiniBus65585,N1_LRP452d,0,MiniBus
6893,MiniBus65585,N1_LRP452c,0,MiniBus
6894,MiniBus65585,N1_LRP452a,0,MiniBus
6895,MediumTruck65590,N1_LRP142a,0,MediumTruck
6896,SmallTruck65592,N105_LRP005c,0,SmallTruck
6897,SmallTruck65592,N105_LRP006a,0,SmallTruck
6898,SmallTruck65596,N2_LRP140c,0.10103038949853017,SmallTruck
6899,MiniBus65600,N1_LRP001a,0,MiniBus
6900,MediumTruck65601,N1_LRP456c,0,MediumTruck
6901,MiniBus65603,N2_LRP285c,0,MiniBus
6902,MiniBus65603,N2_LRP285a,0,MiniBus
6903,LargeBus65604,N102_LRP002a,0,LargeBus
6904,LargeBus65604,N102_LRP002b,0,LargeBus
6905,LargeBus65604,N102_LRP002c,0,LargeBus
6906,SmallTruck65610,N2_LRP118g,0,SmallTruck
6907,SmallTruck65613,N207_LRP066b,0,SmallTruck
6908,SmallTruck65281,N1_LRP384a,0,SmallTruck
6909,MiniBus65295,N2_LRP146a,0,MiniBus
6910,LargeBus65296,N1_LRP088a,0,LargeBus
6911,MediumTruck65297,N1_LRP389a,0,MediumTruck
6912,LargeBus65298,N2_LRP084a,0,LargeBus
6913,SmallTruck65301,N102_LRP002c,0,SmallTruck
6914,SmallTruck65301,N102_LRP002b,0,SmallTruck
6915,SmallTruck65301,N102_LRP002a,0,SmallTruck
6916,LargeBus65308,N2_LRP064b,0,LargeBus
6917,MiniBus65311,N2_LRP147d,0,MiniBus
6918,MiniBus65311,N2_LRP147b,0,MiniBus
6919,MediumTruck65312,N2_LRP067c,0,MediumTruck
6920,MediumTruck65314,N2_LRP074a,0,MediumTruck
6921,SmallTruck65316,N105_LRP006a,0,SmallTruck
6922,MediumTruck65325,N2_LRP123c,0,MediumTruck
6923,MediumTruck65336,N2_LRP070c,0,MediumTruck
6924,MediumTruck65337,N2_LRP046c,0,MediumTruck
6925,MediumTruck65337,N2_LRP047a,0,MediumTruck
6926,MediumTruck65337,N2_LRP047c,0,MediumTruck
6927,MediumTruck65341,N2_LRP127b,0,MediumTruck
6928,MediumTruck65345,N1_LRP398a,0,MediumTruck
6929,SmallTruck65347,N2_LRP221b,0,SmallTruck
6930,MediumTruck65360,N1_LRP064c,0,MediumTruck
6931,MiniBus65361,N1_LRP400a,0,MiniBus
6932,LargeBus65363,N2_LRP219a,0,LargeBus
6933,SmallTruck65372,N2_LRP086a,0,SmallTruck
6934,SmallTruck65373,N2_LRP134c,0,SmallTruck
6935,SmallTruck65373,N2_LRP134b,0,SmallTruck
6936,SmallTruck65381,N102_LRP022a,0,SmallTruck
6937,MediumTruck65382,N1_LRP088a,0,MediumTruck
6938,MediumTruck65387,N2_LRP093a,0,MediumTruck
6939,LargeBus65388,N2_LRP206b,0,LargeBus
6940,MiniBus65393,N1_LRP408a,0,MiniBus
6941,LargeBus65394,N2_LRP060c,0,LargeBus
6942,LargeBus65394,N2_LRP061a,0,LargeBus
6943,LargeBus65395,N2_LRP226d,0,LargeBus
6944,LargeBus65395,N2_LRP226c,0,LargeBus
6945,LargeBus65396,N1_LRP143a,0,LargeBus
6946,MediumTruck65402,N2_LRP064a,0,MediumTruck
6947,MediumTruck65403,N2_LRP097a,0,MediumTruck
6948,MiniBus65405,N2_LRP139b,0,MiniBus
6949,MiniBus65405,N2_LRP139a,0,MiniBus
6950,LargeBus65407,N2_LRP171f,0.2286800442171566,LargeBus
6951,LargeBus65411,N2_LRP230e,0,LargeBus
6952,SmallTruck65416,N2_LRP050a,0,SmallTruck
6953,LargeBus65419,N2_LRP095a,0,LargeBus
6954,MediumTruck65421,N2_LRP146a,0,MediumTruck
6955,MediumTruck65425,N1_LRP417b,0,MediumTruck
6956,MediumTruck65425,N1_LRP416e,0,MediumTruck
6957,MediumTruck65425,N1_LRP416d,0,MediumTruck
6958,SmallTruck65427,N2_LRP240a,0,SmallTruck
6959,LargeBus65434,N2_LRP066a,0,LargeBus
6960,LargeBus65437,N2_LRP147b,0,LargeBus
6961,LargeBus65437,N2_LRP147a,0,LargeBus
6962,MediumTruck65441,N1_LRP420c,0,MediumTruck
6963,MediumTruck65441,N1_LRP420a,0,MediumTruck
6964,MiniBus65442,N2_LRP047a,0,MiniBus
6965,MiniBus65442,N2_LRP047c,0,MiniBus
6966,SmallTruck65443,N2_LRP243b,0,SmallTruck
6967,MediumTruck65445,N102_LRP038d,0,MediumTruck
6968,SmallTruck65459,N2_LRP248a,0,SmallTruck
6969,MediumTruck65462,N1_LRP109a,0,MediumTruck
6970,MediumTruck65464,N105_LRP040c,0,MediumTruck
6971,MediumTruck65473,N1_LRP426c,0,MediumTruck
6972,MediumTruck65473,N1_LRP426b,0,MediumTruck
6973,MediumTruck65473,N1_LRP426a,0,MediumTruck
6974,MediumTruck65473,N1_LRP425e,0,MediumTruck
6975,MediumTruck65474,N2_LRP035b,0,MediumTruck
6976,SmallTruck65483,N2_LRP118a,0,SmallTruck
6977,SmallTruck65483,N2_LRP118b,0,SmallTruck
6978,SmallTruck65485,N2_LRP161a,0,SmallTruck
6979,MediumTruck65489,N1_LRP430b,0,MediumTruck
6980,MediumTruck65489,N1_LRP430a,0,MediumTruck
6981,MediumTruck65489,N1_LRP429f,0,MediumTruck
6982,MediumTruck65497,N105_LRP017c,0,MediumTruck
6983,MediumTruck65498,N2_LRP146a,0,MediumTruck
6984,SmallTruck65499,N204_LRP003b,0,SmallTruck
6985,MiniBus65502,N208_LRP034c,0,MiniBus
6986,MiniBus65502,N208_LRP034d,0,MiniBus
6987,LargeBus65505,N1_LRP431b,0,LargeBus
6988,LargeBus65505,N1_LRP431a,0,LargeBus
6989,LargeBus65505,N1_LRP430c,0,LargeBus
6990,SmallTruck65510,N1_LRP120b,0,SmallTruck
6991,MediumTruck65512,N105_LRP027c,0,MediumTruck
6992,MediumTruck65513,N105_LRP021d,0,MediumTruck
6993,SmallTruck65517,N2_LRP168c,0,SmallTruck
6994,SmallTruck65517,N2_LRP168a,0,SmallTruck
6995,MediumTruck65518,N208_LRP027f,0,MediumTruck
6996,MediumTruck65521,N1_LRP436a,0,MediumTruck
6997,MediumTruck65523,N2_LRP264a,0,MediumTruck
6998,SmallTruck65532,N2_LRP126a,0,SmallTruck
6999,SmallTruck65532,N2_LRP125d,0,SmallTruck
7000,SmallTruck65532,N2_LRP125c,0,SmallTruck
7001,SmallTruck65532,N2_LRP125b,0,SmallTruck
7002,MediumTruck65533,N2_LRP171e,0,MediumTruck
7003,MediumTruck65537,N1_LRP440a,0,MediumTruck
7004,LargeBus65542,N1_LRP127a,0,LargeBus
7005,LargeBus65543,N104_LRP028a,0,LargeBus
7006,SmallTruck65548,N2_LRP130a,0,SmallTruck
7007,SmallTruck65548,N2_LRP129c,0,SmallTruck
7008,MediumTruck65551,N2_LRP211b,0,MediumTruck
7009,SmallTruck65553,N1_LRP444e,0,SmallTruck
7010,SmallTruck65553,N1_LRP444d,0,SmallTruck
7011,SmallTruck65553,N1_LRP444c,0,SmallTruck
7012,SmallTruck65553,N1_LRP444b,0,SmallTruck
7013,SmallTruck65553,N1_LRP444a,0,SmallTruck
7014,MiniBus65567,N2_LRP243b,0,MiniBus
7015,MediumTruck65568,N1_LRP010b,0,MediumTruck
7016,MediumTruck65568,N1_LRP010c,0,MediumTruck
7017,MediumTruck65568,N1_LRP011a,0,MediumTruck
7018,MediumTruck65569,N1_LRP448a,0,MediumTruck
7019,LargeBus65570,N2_LRP012f,0,LargeBus
7020,LargeBus65574,N1_LRP136a,0,LargeBus
7021,MediumTruck65578,N2_LRP106b,0,MediumTruck
7022,MediumTruck65578,N2_LRP106a,0,MediumTruck
7023,LargeBus65581,N2_LRP182b,0,LargeBus
7024,LargeBus65581,N2_LRP182a,0,LargeBus
7025,MiniBus65582,N208_LRP011b,0,MiniBus
7026,MiniBus65585,N1_LRP451e,0,MiniBus
7027,MiniBus65585,N1_LRP451b,0,MiniBus
7028,MiniBus65585,N1_LRP450e,0.05324772441640714,MiniBus
7029,MediumTruck65593,N105_LRP042b,0,MediumTruck
7030,SmallTruck65597,N207_LRP061d,0,SmallTruck
7031,MediumTruck65601,N1_LRP456a,0,MediumTruck
7032,MiniBus65603,N2_LRP284c,0,MiniBus
7033,MiniBus65603,N2_LRP284b,0,MiniBus
7034,MediumTruck65606,N1_LRP145a,0,MediumTruck
7035,SmallTruck65610,N2_LRP119c,0,SmallTruck
7036,SmallTruck65610,N2_LRP120a,0,SmallTruck
7037,MediumTruck65615,N208_LRP055a,0,MediumTruck
7038,MiniBus65280,N1_LRP094a,0,MiniBus
7039,SmallTruck65281,N1_LRP383b,0,SmallTruck
7040,MediumTruck65297,N1_LRP388a,0,MediumTruck
7041,LargeBus65299,N2_LRP200c,0,LargeBus
7042,LargeBus65308,N2_LRP064a,0,LargeBus
7043,MiniBus65311,N2_LRP147a,0,MiniBus
7044,LargeBus65313,N1_LRP389a,0,LargeBus
7045,MediumTruck65314,N2_LRP076a,0,MediumTruck
7046,SmallTruck65323,N2_LRP078a,0,SmallTruck
7047,MediumTruck65325,N2_LRP122b,0,MediumTruck
7048,MediumTruck65326,N2_LRP211c,0,MediumTruck
7049,SmallTruck65331,N2_LRP216b,0,SmallTruck
7050,MediumTruck65333,N102_LRP009a,0,MediumTruck
7051,MediumTruck65337,N2_LRP048a,0,MediumTruck
7052,MediumTruck65341,N2_LRP126d,0,MediumTruck
7053,MediumTruck65341,N2_LRP126c,0,MediumTruck
7054,MediumTruck65341,N2_LRP126b,0,MediumTruck
7055,MediumTruck65342,N2_LRP214b,0.06486929839404725,MediumTruck
7056,SmallTruck65346,N2_LRP066a,0,SmallTruck
7057,MediumTruck65353,N2_LRP043d,0,MediumTruck
7058,MediumTruck65353,N2_LRP044a,0,MediumTruck
7059,MiniBus65361,N1_LRP398d,0.09545989084611343,MiniBus
7060,MediumTruck65362,N2_LRP064a,0,MediumTruck
7061,LargeBus65366,N1_LRP077a,0,LargeBus
7062,SmallTruck65373,N2_LRP133a,0,SmallTruck
7063,MediumTruck65374,N2_LRP224b,0,MediumTruck
7064,MediumTruck65384,N2_LRP058c,0,MediumTruck
7065,MediumTruck65384,N2_LRP059a,0,MediumTruck
7066,LargeBus65388,N2_LRP207b,0,LargeBus
7067,MediumTruck65389,N2_LRP249a,0,MediumTruck
7068,MiniBus65390,N2_LRP221b,0,MiniBus
7069,LargeBus65395,N2_LRP225c,0.03171586616049631,LargeBus
7070,MediumTruck65401,N1_LRP020a,0,MediumTruck
7071,MediumTruck65403,N2_LRP096c,0,MediumTruck
7072,MiniBus65405,N2_LRP138b,0,MiniBus
7073,MiniBus65405,N2_LRP138a,0,MiniBus
7074,LargeBus65407,N2_LRP171e,0,LargeBus
7075,MediumTruck65409,N1_LRP412d,0,MediumTruck
7076,MediumTruck65409,N1_LRP412b,0,MediumTruck
7077,LargeBus65411,N2_LRP230c,0,LargeBus
7078,MediumTruck65413,N102_LRP029d,0,MediumTruck
7079,LargeBus65422,N2_LRP228b,0,LargeBus
7080,SmallTruck65423,N208_LRP004c,0,SmallTruck
7081,MediumTruck65425,N1_LRP415c,0.34395081855026455,MediumTruck
7082,SmallTruck65427,N2_LRP239a,0,SmallTruck
7083,SmallTruck65427,N2_LRP238c,0,SmallTruck
7084,MediumTruck65429,N102_LRP034b,0,MediumTruck
7085,SmallTruck65430,N1_LRP190a,0.03705079696277574,SmallTruck
7086,LargeBus65437,N2_LRP146a,0,LargeBus
7087,MediumTruck65441,N1_LRP418b,0,MediumTruck
7088,MiniBus65442,N2_LRP048a,0,MiniBus
7089,SmallTruck65443,N2_LRP243a,0,SmallTruck
7090,MediumTruck65445,N102_LRP038b,0,MediumTruck
7091,MediumTruck65445,N102_LRP037d,0,MediumTruck
7092,MediumTruck65457,N1_LRP423d,0,MediumTruck
7093,MediumTruck65457,N1_LRP423c,0,MediumTruck
7094,MediumTruck65457,N1_LRP423b,0.18850332080184862,MediumTruck
7095,MediumTruck65464,N105_LRP041c,0,MediumTruck
7096,MediumTruck65465,N2_LRP016a,0,MediumTruck
7097,MediumTruck65473,N1_LRP425c,0.13973380632860763,MediumTruck
7098,SmallTruck65483,N2_LRP118e,0,SmallTruck
7099,SmallTruck65483,N2_LRP118g,0,SmallTruck
7100,SmallTruck65485,N2_LRP160a,0,SmallTruck
7101,SmallTruck65485,N2_LRP159d,0,SmallTruck
7102,MediumTruck65489,N1_LRP429c,0,MediumTruck
7103,MediumTruck65489,N1_LRP429b,0,MediumTruck
7104,MediumTruck65489,N1_LRP429a,0,MediumTruck
7105,MediumTruck65496,N105_LRP032b,0,MediumTruck
7106,MediumTruck65496,N105_LRP032c,0,MediumTruck
7107,LargeBus65505,N1_LRP430b,0,LargeBus
7108,LargeBus65505,N1_LRP430a,0,LargeBus
7109,LargeBus65505,N1_LRP429f,0,LargeBus
7110,MediumTruck65513,N105_LRP020c,0,MediumTruck
7111,SmallTruck65517,N2_LRP167c,0,SmallTruck
7112,SmallTruck65517,N2_LRP167b,0,SmallTruck
7113,MediumTruck65518,N208_LRP028d,0,MediumTruck
7114,MediumTruck65521,N1_LRP435c,0,MediumTruck
7115,SmallTruck65522,N2_LRP024b,0,SmallTruck
7116,MediumTruck65529,N105_LRP024c,0,MediumTruck
7117,SmallTruck65532,N2_LRP125a,0,SmallTruck
7118,SmallTruck65532,N2_LRP124c,0,SmallTruck
7119,MediumTruck65533,N2_LRP171d,0,MediumTruck
7120,MediumTruck65533,N2_LRP170j,0,MediumTruck
7121,MediumTruck65533,N2_LRP170i,0,MediumTruck
7122,MediumTruck65533,N2_LRP170h,0,MediumTruck
7123,MediumTruck65533,N2_LRP170g,0,MediumTruck
7124,MediumTruck65533,N2_LRP170f,0.21078477439097054,MediumTruck
7125,SmallTruck65534,N208_LRP024d,0,SmallTruck
7126,MediumTruck65536,N2_LRP012c,0,MediumTruck
7127,MediumTruck65537,N1_LRP439a,0,MediumTruck
7128,MediumTruck65541,N102_LRP062c,0,MediumTruck
7129,MediumTruck65541,N102_LRP062b,0,MediumTruck
7130,SmallTruck65548,N2_LRP129b,0,SmallTruck
7131,SmallTruck65548,N2_LRP129a,0,SmallTruck
7132,SmallTruck65548,N2_LRP128b,0,SmallTruck
7133,SmallTruck65553,N1_LRP443d,0,SmallTruck
7134,SmallTruck65553,N1_LRP443c,0,SmallTruck
7135,LargeBus65557,N102_LRP065a,0,LargeBus
7136,MiniBus65558,N104_LRP017b,0,MiniBus
7137,MediumTruck65569,N1_LRP447c,0,MediumTruck
7138,MediumTruck65571,N2_LRP276a,0,MediumTruck
7139,LargeBus65581,N2_LRP181c,0,LargeBus
7140,MediumTruck65583,N208_LRP046b,0,MediumTruck
7141,MiniBus65585,N1_LRP450c,0,MiniBus
7142,SmallTruck65596,N2_LRP140a,0.01632952145999994,SmallTruck
7143,MediumTruck65601,N1_LRP455a,0,MediumTruck
7144,MiniBus65603,N2_LRP283b,0,MiniBus
7145,MediumTruck65608,N105_LRP003a,0,MediumTruck
7146,SmallTruck65610,N2_LRP121a,0,SmallTruck
7147,SmallTruck65281,N1_LRP383a,0,SmallTruck
7148,SmallTruck65281,N1_LRP382b,0,SmallTruck
7149,MediumTruck65297,N1_LRP387f,0,MediumTruck
7150,MediumTruck65297,N1_LRP387e,0,MediumTruck
7151,LargeBus65298,N2_LRP086a,0,LargeBus
7152,LargeBus65299,N2_LRP199d,0,LargeBus
7153,LargeBus65300,N105_LRP020c,0,LargeBus
7154,SmallTruck65301,N102_LRPSc,0,SmallTruck
7155,SmallTruck65303,N1_LRP112a,0,SmallTruck
7156,SmallTruck65304,N1_LRP094a,0,SmallTruck
7157,MiniBus65311,N2_LRP146a,0,MiniBus
7158,LargeBus65313,N1_LRP388a,0,LargeBus
7159,LargeBus65313,N1_LRP387f,0,LargeBus
7160,MediumTruck65314,N2_LRP076b,0,MediumTruck
7161,MediumTruck65321,N2_LRP052a,0,MediumTruck
7162,SmallTruck65323,N2_LRP076b,0,SmallTruck
7163,MediumTruck65325,N2_LRP121c,0,MediumTruck
7164,MediumTruck65326,N2_LRP211b,0,MediumTruck
7165,LargeBus65328,N2_LRP069c,0,LargeBus
7166,LargeBus65328,N2_LRP069e,0,LargeBus
7167,LargeBus65328,N2_LRP070a,0,LargeBus
7168,LargeBus65328,N2_LRP070c,0,LargeBus
7169,SmallTruck65331,N2_LRP216a,0,SmallTruck
7170,MediumTruck65335,N1_LRP120b,0,MediumTruck
7171,MediumTruck65336,N2_LRP072a,0,MediumTruck
7172,MediumTruck65337,N2_LRP048b,0,MediumTruck
7173,MediumTruck65341,N2_LRP126a,0,MediumTruck
7174,MediumTruck65341,N2_LRP125d,0,MediumTruck
7175,MediumTruck65341,N2_LRP125c,0,MediumTruck
7176,MediumTruck65341,N2_LRP125b,0,MediumTruck
7177,SmallTruck65346,N2_LRP067c,0,SmallTruck
7178,SmallTruck65347,N2_LRP219a,0,SmallTruck
7179,MediumTruck65353,N2_LRP044c,0,MediumTruck
7180,MediumTruck65356,N2_LRP081b,0,MediumTruck
7181,MediumTruck65356,N2_LRP081a,0,MediumTruck
7182,MiniBus65361,N1_LRP398a,0,MiniBus
7183,MediumTruck65362,N2_LRP064b,0,MediumTruck
7184,HeavyTruck65364,N102_LRP065a,0,HeavyTruck
7185,MediumTruck65365,N102_LRP017a,0,MediumTruck
7186,SmallTruck65373,N2_LRP132c,0,SmallTruck
7187,MediumTruck65387,N2_LRP092b,0,MediumTruck
7188,MediumTruck65387,N2_LRP092a,0,MediumTruck
7189,MediumTruck65387,N2_LRP091b,0,MediumTruck
7190,MediumTruck65391,N2_LRP172d,0,MediumTruck
7191,MediumTruck65391,N2_LRP172c,0,MediumTruck
7192,LargeBus65396,N1_LRP145a,0,LargeBus
7193,MediumTruck65403,N2_LRP096a,0,MediumTruck
7194,MediumTruck65403,N2_LRP095a,0,MediumTruck
7195,MediumTruck65404,N2_LRP093a,0,MediumTruck
7196,LargeBus65407,N2_LRP171d,0,LargeBus
7197,LargeBus65407,N2_LRP170j,0,LargeBus
7198,LargeBus65407,N2_LRP170i,0,LargeBus
7199,LargeBus65407,N2_LRP170h,0,LargeBus
7200,LargeBus65407,N2_LRP170g,0,LargeBus
7201,LargeBus65407,N2_LRP170f,1.2107847743909705,LargeBus
7202,MediumTruck65409,N1_LRP412a,0,MediumTruck
7203,MediumTruck65409,N1_LRP411b,0,MediumTruck
7204,MediumTruck65410,N2_LRP052a,0,MediumTruck
7205,LargeBus65411,N2_LRP229c,0,LargeBus
7206,LargeBus65411,N2_LRP229a,0.09366100324454184,LargeBus
7207,MediumTruck65429,N102_LRP033c,0,MediumTruck
7208,LargeBus65434,N2_LRP064b,0,LargeBus
7209,MiniBus65442,N2_LRP048b,0,MiniBus
7210,SmallTruck65443,N2_LRP242a,0,SmallTruck
7211,MediumTruck65445,N102_LRP037c,0,MediumTruck
7212,SmallTruck65449,N105_LRP003a,0,SmallTruck
7213,SmallTruck65459,N2_LRP246c,0,SmallTruck
7214,MediumTruck65462,N1_LRP107a,0,MediumTruck
7215,MediumTruck65473,N1_LRP425b,0,MediumTruck
7216,MediumTruck65473,N1_LRP425a,0,MediumTruck
7217,MediumTruck65476,N102_LRP036b,0,MediumTruck
7218,MediumTruck65476,N102_LRP036d,0,MediumTruck
7219,SmallTruck65477,N102_LRP045a,0,SmallTruck
7220,SmallTruck65483,N2_LRP119c,0,SmallTruck
7221,SmallTruck65483,N2_LRP120a,0,SmallTruck
7222,SmallTruck65485,N2_LRP159c,0,SmallTruck
7223,SmallTruck65485,N2_LRP159b,0,SmallTruck
7224,MediumTruck65488,N1_LRP033a,0,MediumTruck
7225,MediumTruck65488,N1_LRP033b,0,MediumTruck
7226,MediumTruck65489,N1_LRP428d,0,MediumTruck
7227,MediumTruck65489,N1_LRP428c,0,MediumTruck
7228,MediumTruck65489,N1_LRP428b,0,MediumTruck
7229,MediumTruck65489,N1_LRP428a,0,MediumTruck
7230,SmallTruck65501,N2_LRP224b,0,SmallTruck
7231,LargeBus65505,N1_LRP429c,0,LargeBus
7232,LargeBus65505,N1_LRP429b,0,LargeBus
7233,LargeBus65505,N1_LRP429a,0,LargeBus
7234,LargeBus65505,N1_LRP428d,0,LargeBus
7235,LargeBus65505,N1_LRP428c,0,LargeBus
7236,HeavyTruck65506,N2_LRP029b,0,HeavyTruck
7237,SmallTruck65508,N102_LRP028c,0,SmallTruck
7238,SmallTruck65510,N1_LRP119a,0,SmallTruck
7239,MiniBus65515,N204_LRP003b,0,MiniBus
7240,SmallTruck65517,N2_LRP166e,0,SmallTruck
7241,SmallTruck65517,N2_LRP166d,0,SmallTruck
7242,MediumTruck65518,N208_LRP029c,0,MediumTruck
7243,SmallTruck65522,N2_LRP025a,0,SmallTruck
7244,SmallTruck65522,N2_LRP025b,0,SmallTruck
7245,LargeBus65525,N102_LRP055c,0,LargeBus
7246,SmallTruck65532,N2_LRP123e,0,SmallTruck
7247,SmallTruck65532,N2_LRP123d,0,SmallTruck
7248,MediumTruck65533,N2_LRP170e,0,MediumTruck
7249,MediumTruck65533,N2_LRP170c,0,MediumTruck
7250,MediumTruck65535,N2_LRP206b,0,MediumTruck
7251,MediumTruck65536,N2_LRP012f,0,MediumTruck
7252,MediumTruck65538,N2_LRP021a,0,MediumTruck
7253,MediumTruck65544,N105_LRP020c,0,MediumTruck
7254,SmallTruck65548,N2_LRP128a,0,SmallTruck
7255,SmallTruck65548,N2_LRP127c,0,SmallTruck
7256,LargeBus65556,N1_LRP064c,0,LargeBus
7257,MediumTruck65561,N105_LRP032c,0,MediumTruck
7258,MediumTruck65561,N105_LRP032b,0,MediumTruck
7259,MediumTruck65568,N1_LRP012a,0,MediumTruck
7260,MediumTruck65568,N1_LRP012b,0,MediumTruck
7261,MediumTruck65569,N1_LRP447b,0,MediumTruck
7262,MediumTruck65569,N1_LRP447a,0,MediumTruck
7263,MediumTruck65569,N1_LRP446d,0,MediumTruck
7264,MediumTruck65569,N1_LRP446b,0,MediumTruck
7265,LargeBus65574,N1_LRP134a,0,LargeBus
7266,MediumTruck65578,N2_LRP104a,0,MediumTruck
7267,LargeBus65581,N2_LRP180c,0,LargeBus
7268,LargeBus65581,N2_LRP180a,0,LargeBus
7269,MiniBus65585,N1_LRP450a,0,MiniBus
7270,MediumTruck65593,N105_LRP041c,0,MediumTruck
7271,MiniBus65599,N2_LRP221b,0,MiniBus
7272,MiniBus65600,N1_LRP004b,0,MiniBus
7273,MediumTruck65606,N1_LRP143a,0,MediumTruck
7274,MiniBus65607,N104_LRP044d,0,MiniBus
7275,SmallTruck65610,N2_LRP121c,0,SmallTruck
7276,MediumTruck65612,N2_LRP151a,0,MediumTruck
7277,MiniBus65614,N208_LRP004c,0,MiniBus
7278,SmallTruck65620,N1_LRP083a,0,SmallTruck
7279,MediumTruck65622,N104_LRPSa,0,MediumTruck
7280,SmallTruck65631,N2_LRP228b,0,SmallTruck
7281,SmallTruck65281,N1_LRP382a,0,SmallTruck
7282,SmallTruck65281,N1_LRP381c,0,SmallTruck
7283,SmallTruck65281,N1_LRP381b,0,SmallTruck
7284,MediumTruck65282,N2_LRP084a,0,MediumTruck
7285,MediumTruck65297,N1_LRP387b,0,MediumTruck
7286,MediumTruck65297,N1_LRP387a,0,MediumTruck
7287,MediumTruck65297,N1_LRP386f,0,MediumTruck
7288,MediumTruck65297,N1_LRP386e,0,MediumTruck
7289,LargeBus65298,N2_LRP087a,0,LargeBus
7290,SmallTruck65303,N1_LRP111a,0,SmallTruck
7291,MediumTruck65312,N2_LRP069c,0,MediumTruck
7292,MediumTruck65312,N2_LRP069e,0,MediumTruck
7293,MediumTruck65312,N2_LRP070a,0,MediumTruck
7294,LargeBus65313,N1_LRP387e,0,LargeBus
7295,LargeBus65313,N1_LRP387b,0,LargeBus
7296,LargeBus65313,N1_LRP387a,0,LargeBus
7297,MediumTruck65321,N2_LRP053a,0,MediumTruck
7298,SmallTruck65323,N2_LRP076a,0,SmallTruck
7299,MediumTruck65325,N2_LRP121a,0,MediumTruck
7300,SmallTruck65329,N1_LRP391a,0,SmallTruck
7301,MediumTruck65341,N2_LRP125a,0,MediumTruck
7302,MediumTruck65341,N2_LRP124c,0,MediumTruck
7303,MediumTruck65351,N1_LRP123a,0,MediumTruck
7304,MediumTruck65353,N2_LRP045b,0,MediumTruck
7305,SmallTruck65355,N2_LRP151a,0,SmallTruck
7306,MediumTruck65356,N2_LRP079d,0,MediumTruck
7307,MediumTruck65356,N2_LRP079b,0.32661971263365697,MediumTruck
7308,MediumTruck65358,N2_LRP216b,0,MediumTruck
7309,LargeBus65363,N2_LRP216b,0,LargeBus
7310,MediumTruck65367,N1_LRP127a,0,MediumTruck
7311,SmallTruck65372,N2_LRP084a,0,SmallTruck
7312,SmallTruck65373,N2_LRP132b,0,SmallTruck
7313,SmallTruck65373,N2_LRP132a,0,SmallTruck
7314,LargeBus65376,N1_LRP068a,0,LargeBus
7315,MediumTruck65380,N1_LRP020a,0,MediumTruck
7316,MediumTruck65384,N2_LRP060c,0,MediumTruck
7317,MediumTruck65384,N2_LRP061a,0,MediumTruck
7318,MiniBus65390,N2_LRP219a,0,MiniBus
7319,MediumTruck65391,N2_LRP171f,0.05839194844271313,MediumTruck
7320,LargeBus65395,N2_LRP224b,0,LargeBus
7321,MediumTruck65409,N1_LRP411a,0,MediumTruck
7322,MediumTruck65410,N2_LRP053a,0,MediumTruck
7323,LargeBus65411,N2_LRP228b,0,LargeBus
7324,MediumTruck65413,N102_LRP028c,0,MediumTruck
7325,SmallTruck65416,N2_LRP052a,0,SmallTruck
7326,SmallTruck65417,N1_LRP001a,0,SmallTruck
7327,MiniBus65418,N2_LRP061a,0,MiniBus
7328,MiniBus65418,N2_LRP060c,0,MiniBus
7329,LargeBus65419,N2_LRP093a,0,LargeBus
7330,LargeBus65422,N2_LRP226d,0,LargeBus
7331,MediumTruck65425,N1_LRP414a,0,MediumTruck
7332,SmallTruck65430,N1_LRP191a,0,SmallTruck
7333,SmallTruck65430,N1_LRP191b,0,SmallTruck
7334,LargeBus65434,N2_LRP064a,0,LargeBus
7335,MediumTruck65441,N1_LRP417d,0.010024661524082774,MediumTruck
7336,MiniBus65442,N2_LRP050a,0,MiniBus
7337,SmallTruck65443,N2_LRP241c,0,SmallTruck
7338,HeavyTruck65444,N1_LRP036c,0,HeavyTruck
7339,MediumTruck65445,N102_LRP036d,0,MediumTruck
7340,MediumTruck65445,N102_LRP036b,0,MediumTruck
7341,MediumTruck65454,N208_LRP046b,0,MediumTruck
7342,MediumTruck65457,N1_LRP422b,0,MediumTruck
7343,MediumTruck65457,N1_LRP421f,0,MediumTruck
7344,MediumTruck65464,N105_LRP042b,0,MediumTruck
7345,MiniBus65471,N208_LRP011b,0,MiniBus
7346,MediumTruck65473,N1_LRP424e,0,MediumTruck
7347,MediumTruck65473,N1_LRP424c,0,MediumTruck
7348,MediumTruck65473,N1_LRP424b,0,MediumTruck
7349,MediumTruck65473,N1_LRP424a,0.17743393980014766,MediumTruck
7350,MediumTruck65474,N2_LRP038c,0,MediumTruck
7351,SmallTruck65475,N2_LRP249a,0,SmallTruck
7352,MediumTruck65476,N102_LRP037c,0,MediumTruck
7353,MediumTruck65476,N102_LRP037d,0,MediumTruck
7354,SmallTruck65485,N2_LRP158a,0,SmallTruck
7355,MediumTruck65488,N1_LRP034a,0,MediumTruck
7356,MediumTruck65489,N1_LRP427e,0,MediumTruck
7357,MediumTruck65489,N1_LRP427d,0,MediumTruck
7358,MediumTruck65489,N1_LRP427b,0,MediumTruck
7359,LargeBus65505,N1_LRP428b,0,LargeBus
7360,LargeBus65505,N1_LRP428a,0,LargeBus
7361,LargeBus65505,N1_LRP427e,0,LargeBus
7362,SmallTruck65508,N102_LRP029d,0,SmallTruck
7363,SmallTruck65510,N1_LRP118d,0,SmallTruck
7364,MediumTruck65523,N2_LRP262a,0,MediumTruck
7365,MediumTruck65523,N2_LRP261b,0,MediumTruck
7366,MiniBus65524,N102_LRP028c,0,MiniBus
7367,MiniBus65526,N104_LRP028a,0,MiniBus
7368,MediumTruck65529,N105_LRP023c,0,MediumTruck
7369,SmallTruck65532,N2_LRP123c,0,SmallTruck
7370,MediumTruck65533,N2_LRP170b,0,MediumTruck
7371,MediumTruck65533,N2_LRP170a,0,MediumTruck
7372,MediumTruck65533,N2_LRP169f,0,MediumTruck
7373,MediumTruck65533,N2_LRP169e,0,MediumTruck
7374,MediumTruck65533,N2_LRP169d,0,MediumTruck
7375,MediumTruck65533,N2_LRP169c,0,MediumTruck
7376,MediumTruck65537,N1_LRP438c,0,MediumTruck
7377,MediumTruck65537,N1_LRP438b,0,MediumTruck
7378,MediumTruck65537,N1_LRP438a,0,MediumTruck
7379,MediumTruck65538,N2_LRP021b,0,MediumTruck
7380,MediumTruck65544,N105_LRP021d,0,MediumTruck
7381,MediumTruck65545,N105_LRP027c,0,MediumTruck
7382,SmallTruck65548,N2_LRP127b,0,SmallTruck
7383,MiniBus65550,N208_LRP024d,0,MiniBus
7384,SmallTruck65553,N1_LRP441a,0,SmallTruck
7385,MediumTruck65554,N1_LRP026a,0,MediumTruck
7386,MediumTruck65560,N105_LRP017c,0,MediumTruck
7387,SmallTruck65562,N204_LRP020b,0,SmallTruck
7388,SmallTruck65563,N204_LRP020b,0,SmallTruck
7389,MiniBus65567,N2_LRP246c,0,MiniBus
7390,MediumTruck65568,N1_LRP014a,0,MediumTruck
7391,MediumTruck65571,N2_LRP274e,0,MediumTruck
7392,LargeBus65581,N2_LRP179a,0,LargeBus
7393,MiniBus65585,N1_LRP449d,0,MiniBus
7394,MiniBus65585,N1_LRP449c,0,MiniBus
7395,MediumTruck65588,N102_LRP009a,0,MediumTruck
7396,MediumTruck65593,N105_LRP040c,0,MediumTruck
7397,SmallTruck65596,N2_LRP139b,0,SmallTruck
7398,SmallTruck65596,N2_LRP139a,0,SmallTruck
7399,SmallTruck65610,N2_LRP122b,0,SmallTruck
7400,MediumTruck65612,N2_LRP151b,0,MediumTruck
7401,MediumTruck65612,N2_LRP152a,0,MediumTruck
7402,MediumTruck65612,N2_LRP152b,0,MediumTruck
7403,SmallTruck65620,N1_LRP083b,0,SmallTruck
7404,LargeBus65621,N102_LRP082a,0,LargeBus
7405,MediumTruck65628,N2_LRP146a,0,MediumTruck
7406,MediumTruck65285,N1_LRP077a,0,MediumTruck
7407,MediumTruck65289,N1_LRP051a,0,MediumTruck
7408,MediumTruck65297,N1_LRP386c,0,MediumTruck
7409,MediumTruck65297,N1_LRP386a,0,MediumTruck
7410,MediumTruck65297,N1_LRP385g,0,MediumTruck
7411,LargeBus65300,N105_LRP021d,0,LargeBus
7412,LargeBus65300,N105_LRP022c,0,LargeBus
7413,LargeBus65308,N2_LRP061a,0,LargeBus
7414,MediumTruck65312,N2_LRP070c,0,MediumTruck
7415,LargeBus65313,N1_LRP386f,0,LargeBus
7416,LargeBus65313,N1_LRP386e,0,LargeBus
7417,LargeBus65313,N1_LRP386c,0,LargeBus
7418,MediumTruck65314,N2_LRP078a,0,MediumTruck
7419,MediumTruck65321,N2_LRP054a,0,MediumTruck
7420,MediumTruck65325,N2_LRP120a,0,MediumTruck
7421,MediumTruck65325,N2_LRP119c,0,MediumTruck
7422,LargeBus65328,N2_LRP072a,0,LargeBus
7423,SmallTruck65329,N1_LRP390a,0,SmallTruck
7424,SmallTruck65331,N2_LRP214b,0.1852673451328664,SmallTruck
7425,MediumTruck65335,N1_LRP119a,0,MediumTruck
7426,MediumTruck65335,N1_LRP118d,0,MediumTruck
7427,MediumTruck65336,N2_LRP073b,0,MediumTruck
7428,MediumTruck65336,N2_LRP073c,0,MediumTruck
7429,MediumTruck65337,N2_LRP050a,0,MediumTruck
7430,MediumTruck65341,N2_LRP123e,0,MediumTruck
7431,MediumTruck65341,N2_LRP123d,0,MediumTruck
7432,MediumTruck65351,N1_LRP122a,0,MediumTruck
7433,HeavyTruck65352,N102_LRPSc,0,HeavyTruck
7434,SmallTruck65355,N2_LRP151b,0,SmallTruck
7435,SmallTruck65355,N2_LRP152a,0,SmallTruck
7436,SmallTruck65355,N2_LRP152b,0,SmallTruck
7437,MediumTruck65356,N2_LRP079a,0,MediumTruck
7438,MediumTruck65358,N2_LRP216a,0,MediumTruck
7439,MediumTruck65362,N2_LRP066a,0,MediumTruck
7440,LargeBus65363,N2_LRP216a,0,LargeBus
7441,MediumTruck65365,N102_LRP015a,0,MediumTruck
7442,MediumTruck65374,N2_LRP221b,0,MediumTruck
7443,SmallTruck65381,N102_LRP019b,0,SmallTruck
7444,SmallTruck65381,N102_LRP019a,0,SmallTruck
7445,MediumTruck65387,N2_LRP090a,0,MediumTruck
7446,MediumTruck65391,N2_LRP171e,0,MediumTruck
7447,LargeBus65396,N104_LRPSa,0,LargeBus
7448,MediumTruck65401,N1_LRP023a,0,MediumTruck
7449,MediumTruck65402,N2_LRP061a,0,MediumTruck
7450,MediumTruck65404,N2_LRP092b,0,MediumTruck
7451,MediumTruck65404,N2_LRP092a,0,MediumTruck
7452,MediumTruck65404,N2_LRP091b,0,MediumTruck
7453,MiniBus65405,N2_LRP135b,0,MiniBus
7454,MiniBus65405,N2_LRP135a,0,MiniBus
7455,LargeBus65407,N2_LRP170e,0,LargeBus
7456,LargeBus65407,N2_LRP170c,0,LargeBus
7457,MediumTruck65409,N1_LRP410c,0.08771589100545284,MediumTruck
7458,MediumTruck65410,N2_LRP054a,0,MediumTruck
7459,MediumTruck65412,N102_LRP055c,0,MediumTruck
7460,SmallTruck65416,N2_LRP053a,0,SmallTruck
7461,LargeBus65419,N2_LRP092b,0,LargeBus
7462,LargeBus65419,N2_LRP092a,0,LargeBus
7463,LargeBus65422,N2_LRP226c,0,LargeBus
7464,SmallTruck65427,N2_LRP236c,0,SmallTruck
7465,HeavyTruck65444,N1_LRP035a,0,HeavyTruck
7466,MediumTruck65457,N1_LRP421d,0,MediumTruck
7467,MediumTruck65462,N1_LRP105a,0,MediumTruck
7468,MediumTruck65465,N2_LRP018a,0,MediumTruck
7469,MiniBus65470,N208_LRP046b,0,MiniBus
7470,MediumTruck65474,N2_LRP039a,0,MediumTruck
7471,MediumTruck65476,N102_LRP038b,0,MediumTruck
7472,MediumTruck65476,N102_LRP038d,0,MediumTruck
7473,SmallTruck65483,N2_LRP121a,0,SmallTruck
7474,SmallTruck65483,N2_LRP121c,0,SmallTruck
7475,SmallTruck65485,N2_LRP157b,0,SmallTruck
7476,MediumTruck65489,N1_LRP426e,0,MediumTruck
7477,MediumTruck65489,N1_LRP426d,0,MediumTruck
7478,MediumTruck65496,N105_LRP035d,0,MediumTruck
7479,SmallTruck65501,N2_LRP225c,0.2448748972913135,SmallTruck
7480,LargeBus65505,N1_LRP427d,0,LargeBus
7481,LargeBus65505,N1_LRP427b,0,LargeBus
7482,MediumTruck65512,N105_LRP030c,0,MediumTruck
7483,SmallTruck65517,N2_LRP165d,0,SmallTruck
7484,SmallTruck65517,N2_LRP165c,0,SmallTruck
7485,SmallTruck65517,N2_LRP164d,0,SmallTruck
7486,MediumTruck65518,N208_LRP031b,0,MediumTruck
7487,MediumTruck65518,N208_LRP031d,0,MediumTruck
7488,SmallTruck65519,N2_LRP200c,0,SmallTruck
7489,MediumTruck65521,N1_LRP433c,0,MediumTruck
7490,MediumTruck65521,N1_LRP433b,0.09436982762790586,MediumTruck
7491,MediumTruck65523,N2_LRP261a,0,MediumTruck
7492,MediumTruck65529,N105_LRP022c,0,MediumTruck
7493,SmallTruck65532,N2_LRP122b,0,SmallTruck
7494,MediumTruck65533,N2_LRP169b,0,MediumTruck
7495,SmallTruck65534,N208_LRP027b,0,SmallTruck
7496,SmallTruck65534,N208_LRP027d,0,SmallTruck
7497,MediumTruck65537,N1_LRP437b,0,MediumTruck
7498,MediumTruck65537,N1_LRP437a,0,MediumTruck
7499,LargeBus65542,N1_LRP123a,0,LargeBus
7500,MediumTruck65544,N105_LRP022c,0,MediumTruck
7501,SmallTruck65548,N2_LRP126d,0,SmallTruck
7502,SmallTruck65548,N2_LRP126c,0,SmallTruck
7503,SmallTruck65548,N2_LRP126b,0,SmallTruck
7504,MediumTruck65551,N2_LRP207b,0,MediumTruck
7505,MediumTruck65554,N1_LRP026b,0,MediumTruck
7506,MediumTruck65554,N1_LRP027a,0,MediumTruck
7507,LargeBus65557,N102_LRP062c,0,LargeBus
7508,LargeBus65557,N102_LRP062b,0,LargeBus
7509,MediumTruck65561,N105_LRP030c,0,MediumTruck
7510,MediumTruck65569,N1_LRP445d,0,MediumTruck
7511,MediumTruck65569,N1_LRP445b,0,MediumTruck
7512,LargeBus65570,N2_LRP016a,0,LargeBus
7513,SmallTruck65577,N105_LRP035d,0,SmallTruck
7514,MediumTruck65578,N2_LRP103c,0,MediumTruck
7515,LargeBus65581,N2_LRP178b,0,LargeBus
7516,LargeBus65581,N2_LRP178a,0,LargeBus
7517,MiniBus65585,N1_LRP448a,0,MiniBus
7518,MediumTruck65593,N105_LRP039b,0,MediumTruck
7519,SmallTruck65596,N2_LRP138b,0,SmallTruck
7520,MiniBus65599,N2_LRP219a,0,MiniBus
7521,MediumTruck65601,N1_LRP452e,0,MediumTruck
7522,MediumTruck65601,N1_LRP452d,0,MediumTruck
7523,MediumTruck65606,N1_LRP142a,0,MediumTruck
7524,MediumTruck65608,N105_LRP005c,0,MediumTruck
7525,MediumTruck65608,N105_LRP006a,0,MediumTruck
7526,SmallTruck65610,N2_LRP123c,0,SmallTruck
7527,MediumTruck65612,N2_LRP152c,0,MediumTruck
7528,MediumTruck65612,N2_LRP152d,0,MediumTruck
7529,MediumTruck65612,N2_LRP153a,0,MediumTruck
7530,MediumTruck65616,N1_LRP001a,0,MediumTruck
7531,LargeBus65617,N1_LRP456c,0,LargeBus
7532,SmallTruck65619,N2_LRP285c,0,SmallTruck
7533,SmallTruck65629,N207_LRP066b,0,SmallTruck
7534,SmallTruck65631,N2_LRP226d,0,SmallTruck
7535,SmallTruck65631,N2_LRP226c,0,SmallTruck
7536,MiniBus65280,N1_LRP098a,0,MiniBus
7537,SmallTruck65281,N1_LRP380c,0,SmallTruck
7538,SmallTruck65281,N1_LRP380a,0,SmallTruck
7539,MediumTruck65282,N2_LRP086a,0,MediumTruck
7540,MiniBus65295,N2_LRP141b,0,MiniBus
7541,MiniBus65295,N2_LRP141a,0,MiniBus
7542,LargeBus65308,N2_LRP060c,0,LargeBus
7543,LargeBus65313,N1_LRP386a,0,LargeBus
7544,LargeBus65313,N1_LRP385g,0,LargeBus
7545,MediumTruck65314,N2_LRP079a,0,MediumTruck
7546,SmallTruck65317,N102_LRP002c,0,SmallTruck
7547,SmallTruck65317,N102_LRP002b,0,SmallTruck
7548,SmallTruck65317,N102_LRP002a,0,SmallTruck
7549,MediumTruck65321,N2_LRP054b,0,MediumTruck
7550,SmallTruck65323,N2_LRP074a,0,SmallTruck
7551,MediumTruck65325,N2_LRP118g,0,MediumTruck
7552,SmallTruck65329,N1_LRP389d,0,SmallTruck
7553,MediumTruck65336,N2_LRP073g,0,MediumTruck
7554,MediumTruck65341,N2_LRP123c,0,MediumTruck
7555,MediumTruck65342,N2_LRP211c,0,MediumTruck
7556,SmallTruck65346,N2_LRP069c,0,SmallTruck
7557,SmallTruck65346,N2_LRP069e,0,SmallTruck
7558,SmallTruck65346,N2_LRP070a,0,SmallTruck
7559,MediumTruck65353,N2_LRP046c,0,MediumTruck
7560,MediumTruck65353,N2_LRP047a,0,MediumTruck
7561,MediumTruck65353,N2_LRP047c,0,MediumTruck
7562,SmallTruck65355,N2_LRP152c,0,SmallTruck
7563,SmallTruck65355,N2_LRP152d,0,SmallTruck
7564,SmallTruck65355,N2_LRP153a,0,SmallTruck
7565,MediumTruck65360,N1_LRP068a,0,MediumTruck
7566,MediumTruck65362,N2_LRP067c,0,MediumTruck
7567,LargeBus65363,N2_LRP214b,0.007589198502761969,LargeBus
7568,SmallTruck65373,N2_LRP130c,0,SmallTruck
7569,SmallTruck65373,N2_LRP130b,0,SmallTruck
7570,MediumTruck65377,N1_LRP403a,0,MediumTruck
7571,MediumTruck65382,N1_LRP083b,0,MediumTruck
7572,MediumTruck65391,N2_LRP171d,0,MediumTruck
7573,MediumTruck65391,N2_LRP170j,0,MediumTruck
7574,MediumTruck65391,N2_LRP170i,0,MediumTruck
7575,MediumTruck65391,N2_LRP170h,0,MediumTruck
7576,MediumTruck65391,N2_LRP170g,0,MediumTruck
7577,MediumTruck65391,N2_LRP170f,0.010838019483449427,MediumTruck
7578,MiniBus65393,N1_LRP403a,0,MiniBus
7579,LargeBus65394,N2_LRP064a,0,LargeBus
7580,LargeBus65394,N2_LRP064b,0,LargeBus
7581,MediumTruck65397,N102_LRP022a,0,MediumTruck
7582,MediumTruck65402,N2_LRP060c,0,MediumTruck
7583,MediumTruck65403,N2_LRP093a,0,MediumTruck
7584,MiniBus65405,N2_LRP134c,0,MiniBus
7585,LargeBus65407,N2_LRP170b,0,LargeBus
7586,LargeBus65407,N2_LRP170a,0,LargeBus
7587,LargeBus65407,N2_LRP169f,0,LargeBus
7588,LargeBus65407,N2_LRP169e,0,LargeBus
7589,LargeBus65407,N2_LRP169d,0,LargeBus
7590,LargeBus65407,N2_LRP169c,0,LargeBus
7591,MediumTruck65409,N1_LRP410b,0,MediumTruck
7592,MediumTruck65410,N2_LRP054b,0,MediumTruck
7593,LargeBus65411,N2_LRP226d,0,LargeBus
7594,LargeBus65411,N2_LRP226c,0,LargeBus
7595,SmallTruck65416,N2_LRP054a,0,SmallTruck
7596,MiniBus65418,N2_LRP059a,0,MiniBus
7597,MiniBus65418,N2_LRP058c,0,MiniBus
7598,LargeBus65419,N2_LRP091b,0,LargeBus
7599,MediumTruck65421,N2_LRP141b,0,MediumTruck
7600,LargeBus65422,N2_LRP225c,1.2448748972913135,LargeBus
7601,MediumTruck65425,N1_LRP412d,0,MediumTruck
7602,MediumTruck65425,N1_LRP412b,0,MediumTruck
7603,SmallTruck65427,N2_LRP236a,0,SmallTruck
7604,SmallTruck65427,N2_LRP235a,0,SmallTruck
7605,SmallTruck65430,N1_LRP193a,0,SmallTruck
7606,MediumTruck65436,N2_LRP098b,0.17806557541350093,MediumTruck
7607,MediumTruck65441,N1_LRP417b,0,MediumTruck
7608,MediumTruck65441,N1_LRP416e,0,MediumTruck
7609,MediumTruck65441,N1_LRP416d,0,MediumTruck
7610,SmallTruck65443,N2_LRP240a,0,SmallTruck
7611,MediumTruck65457,N1_LRP420e,0,MediumTruck
7612,MediumTruck65457,N1_LRP420d,0,MediumTruck
7613,SmallTruck65459,N2_LRP243b,0,SmallTruck
7614,MediumTruck65461,N102_LRP038d,0,MediumTruck
7615,MediumTruck65473,N1_LRP423d,0,MediumTruck
7616,MediumTruck65473,N1_LRP423c,0,MediumTruck
7617,MediumTruck65473,N1_LRP423b,0.15256984650548788,MediumTruck
7618,MediumTruck65474,N2_LRP039c,0,MediumTruck
7619,MediumTruck65474,N2_LRP040a,0,MediumTruck
7620,SmallTruck65475,N2_LRP248a,0,SmallTruck
7621,SmallTruck65479,N104_LRP010a,0,SmallTruck
7622,SmallTruck65483,N2_LRP122b,0,SmallTruck
7623,SmallTruck65485,N2_LRP157a,0,SmallTruck
7624,MediumTruck65488,N1_LRP035a,0,MediumTruck
7625,MediumTruck65489,N1_LRP426c,0,MediumTruck
7626,MediumTruck65489,N1_LRP426b,0,MediumTruck
7627,MediumTruck65489,N1_LRP426a,0,MediumTruck
7628,MediumTruck65489,N1_LRP425e,0,MediumTruck
7629,SmallTruck65490,N2_LRP035b,0,SmallTruck
7630,MediumTruck65492,N1_LRP118d,0,MediumTruck
7631,LargeBus65495,N104_LRP010a,0,LargeBus
7632,LargeBus65505,N1_LRP426e,0,LargeBus
7633,LargeBus65505,N1_LRP426d,0,LargeBus
7634,LargeBus65505,N1_LRP426c,0,LargeBus
7635,LargeBus65505,N1_LRP426b,0,LargeBus
7636,LargeBus65505,N1_LRP426a,0,LargeBus
7637,MediumTruck65513,N105_LRP017c,0,MediumTruck
7638,SmallTruck65517,N2_LRP164b,0,SmallTruck
7639,SmallTruck65517,N2_LRP164a,0,SmallTruck
7640,SmallTruck65519,N2_LRP199d,0,SmallTruck
7641,MediumTruck65521,N1_LRP432b,0,MediumTruck
7642,MiniBus65524,N102_LRP029d,0,MiniBus
7643,MediumTruck65529,N105_LRP021d,0,MediumTruck
7644,SmallTruck65532,N2_LRP121c,0,SmallTruck
7645,MediumTruck65533,N2_LRP168c,0,MediumTruck
7646,MediumTruck65533,N2_LRP168a,0,MediumTruck
7647,SmallTruck65534,N208_LRP027f,0,SmallTruck
7648,MediumTruck65537,N1_LRP436a,0,MediumTruck
7649,SmallTruck65539,N2_LRP264a,0,SmallTruck
7650,LargeBus65542,N1_LRP122a,0,LargeBus
7651,MediumTruck65544,N105_LRP023c,0,MediumTruck
7652,SmallTruck65548,N2_LRP126a,0,SmallTruck
7653,SmallTruck65548,N2_LRP125d,0,SmallTruck
7654,SmallTruck65548,N2_LRP125c,0,SmallTruck
7655,SmallTruck65548,N2_LRP125b,0,SmallTruck
7656,SmallTruck65553,N1_LRP440a,0,SmallTruck
7657,MiniBus65567,N2_LRP248a,0,MiniBus
7658,MediumTruck65569,N1_LRP444e,0,MediumTruck
7659,MediumTruck65569,N1_LRP444d,0,MediumTruck
7660,MediumTruck65569,N1_LRP444c,0,MediumTruck
7661,MediumTruck65569,N1_LRP444b,0,MediumTruck
7662,MediumTruck65569,N1_LRP444a,0,MediumTruck
7663,SmallTruck65572,N102_LRP015a,0,SmallTruck
7664,LargeBus65574,N1_LRP131b,0,LargeBus
7665,MediumTruck65578,N2_LRP102a,0,MediumTruck
7666,MediumTruck65584,N1_LRP010b,0,MediumTruck
7667,MediumTruck65584,N1_LRP010c,0,MediumTruck
7668,MediumTruck65584,N1_LRP011a,0,MediumTruck
7669,MiniBus65585,N1_LRP447c,0,MiniBus
7670,MiniBus65585,N1_LRP447b,0,MiniBus
7671,MiniBus65585,N1_LRP447a,0,MiniBus
7672,MediumTruck65590,N1_LRP137a,0,MediumTruck
7673,SmallTruck65596,N2_LRP138a,0,SmallTruck
7674,MediumTruck65601,N1_LRP452c,0,MediumTruck
7675,MediumTruck65601,N1_LRP452a,0,MediumTruck
7676,MediumTruck65601,N1_LRP451e,0,MediumTruck
7677,MediumTruck65609,N105_LRP042b,0,MediumTruck
7678,SmallTruck65610,N2_LRP123d,0,SmallTruck
7679,SmallTruck65610,N2_LRP123e,0,SmallTruck
7680,MediumTruck65612,N2_LRP153b,0,MediumTruck
7681,SmallTruck65613,N207_LRP061d,0,SmallTruck
7682,LargeBus65617,N1_LRP456a,0,LargeBus
7683,SmallTruck65619,N2_LRP285a,0,SmallTruck
7684,SmallTruck65619,N2_LRP284c,0,SmallTruck
7685,MediumTruck65626,N204_LRP003b,0,MediumTruck
7686,SmallTruck65631,N2_LRP225c,2.2448748972913135,SmallTruck
7687,MediumTruck65282,N2_LRP087a,0,MediumTruck
7688,MediumTruck65294,N2_LRP200c,0,MediumTruck
7689,MiniBus65295,N2_LRP140c,0.14113688490089693,MiniBus
7690,LargeBus65296,N1_LRP094a,0,LargeBus
7691,MediumTruck65297,N1_LRP384a,0,MediumTruck
7692,LargeBus65298,N2_LRP090a,0,LargeBus
7693,LargeBus65300,N105_LRP023c,0,LargeBus
7694,SmallTruck65303,N1_LRP109a,0,SmallTruck
7695,MiniBus65311,N2_LRP141b,0,MiniBus
7696,MediumTruck65312,N2_LRP072a,0,MediumTruck
7697,LargeBus65313,N1_LRP384a,0,LargeBus
7698,MediumTruck65314,N2_LRP079b,0.04429591548463933,MediumTruck
7699,MediumTruck65321,N2_LRP055b,0,MediumTruck
7700,MediumTruck65321,N2_LRP056a,0,MediumTruck
7701,SmallTruck65323,N2_LRP073g,0,SmallTruck
7702,MediumTruck65325,N2_LRP118e,0,MediumTruck
7703,MediumTruck65325,N2_LRP118b,0,MediumTruck
7704,MediumTruck65325,N2_LRP118a,0,MediumTruck
7705,MediumTruck65326,N2_LRP207b,0,MediumTruck
7706,LargeBus65328,N2_LRP073b,0,LargeBus
7707,LargeBus65328,N2_LRP073c,0,LargeBus
7708,SmallTruck65329,N1_LRP389b,0.23342993465211512,SmallTruck
7709,MediumTruck65336,N2_LRP074a,0,MediumTruck
7710,MediumTruck65341,N2_LRP122b,0,MediumTruck
7711,MediumTruck65342,N2_LRP211b,0,MediumTruck
7712,SmallTruck65346,N2_LRP070c,0,SmallTruck
7713,SmallTruck65347,N2_LRP216b,0,SmallTruck
7714,MediumTruck65349,N102_LRP009a,0,MediumTruck
7715,HeavyTruck65352,N102_LRP002a,0,HeavyTruck
7716,HeavyTruck65352,N102_LRP002b,0,HeavyTruck
7717,HeavyTruck65352,N102_LRP002c,0,HeavyTruck
7718,MediumTruck65353,N2_LRP048a,0,MediumTruck
7719,SmallTruck65355,N2_LRP153b,0,SmallTruck
7720,MediumTruck65356,N2_LRP078a,0,MediumTruck
7721,MediumTruck65358,N2_LRP214b,0.19609715621598853,MediumTruck
7722,SmallTruck65373,N2_LRP130a,0,SmallTruck
7723,SmallTruck65373,N2_LRP129c,0,SmallTruck
7724,MediumTruck65374,N2_LRP219a,0,MediumTruck
7725,MediumTruck65377,N1_LRP402b,0,MediumTruck
7726,MediumTruck65382,N1_LRP083a,0,MediumTruck
7727,LargeBus65388,N2_LRP211b,0,LargeBus
7728,LargeBus65388,N2_LRP211c,0,LargeBus
7729,MiniBus65390,N2_LRP216b,0,MiniBus
7730,MediumTruck65391,N2_LRP170e,0,MediumTruck
7731,MediumTruck65391,N2_LRP170c,0,MediumTruck
7732,MiniBus65393,N1_LRP402b,0,MiniBus
7733,MediumTruck65402,N2_LRP059a,0,MediumTruck
7734,MediumTruck65404,N2_LRP090a,0,MediumTruck
7735,MiniBus65405,N2_LRP134b,0,MiniBus
7736,MiniBus65405,N2_LRP133a,0,MiniBus
7737,LargeBus65407,N2_LRP169b,0,LargeBus
7738,LargeBus65407,N2_LRP168c,0,LargeBus
7739,MediumTruck65409,N1_LRP410a,0,MediumTruck
7740,MediumTruck65410,N2_LRP055b,0,MediumTruck
7741,MediumTruck65410,N2_LRP056a,0,MediumTruck
7742,LargeBus65411,N2_LRP225c,3.2448748972913135,LargeBus
7743,SmallTruck65416,N2_LRP054b,0,SmallTruck
7744,LargeBus65419,N2_LRP090a,0,LargeBus
7745,MediumTruck65421,N2_LRP141a,0,MediumTruck
7746,MediumTruck65421,N2_LRP140c,1.141136884900897,MediumTruck
7747,MediumTruck65425,N1_LRP412a,0,MediumTruck
7748,MediumTruck65425,N1_LRP411b,0,MediumTruck
7749,MediumTruck65429,N102_LRP029d,0,MediumTruck
7750,MediumTruck65432,N1_LRP064c,0,MediumTruck
7751,LargeBus65434,N2_LRP061a,0,LargeBus
7752,LargeBus65437,N2_LRP141b,0,LargeBus
7753,LargeBus65437,N2_LRP141a,0,LargeBus
7754,MediumTruck65441,N1_LRP415c,0.8043946273840504,MediumTruck
7755,MiniBus65442,N2_LRP052a,0,MiniBus
7756,SmallTruck65443,N2_LRP239a,0,SmallTruck
7757,SmallTruck65443,N2_LRP238c,0,SmallTruck
7758,HeavyTruck65444,N1_LRP034a,0,HeavyTruck
7759,MediumTruck65445,N102_LRP034b,0,MediumTruck
7760,MiniBus65455,N208_LRP004c,0,MiniBus
7761,MediumTruck65457,N1_LRP420c,0,MediumTruck
7762,MediumTruck65457,N1_LRP420a,0,MediumTruck
7763,SmallTruck65459,N2_LRP243a,0,SmallTruck
7764,MediumTruck65461,N102_LRP038b,0,MediumTruck
7765,MediumTruck65461,N102_LRP037d,0,MediumTruck
7766,LargeBus65463,N104_LRPSa,0,LargeBus
7767,MediumTruck65474,N2_LRP040b,0,MediumTruck
7768,SmallTruck65483,N2_LRP123c,0,SmallTruck
7769,SmallTruck65485,N2_LRP156a,0,SmallTruck
7770,MediumTruck65488,N1_LRP036c,0,MediumTruck
7771,MediumTruck65489,N1_LRP425c,0.1674985142257396,MediumTruck
7772,MediumTruck65492,N1_LRP119a,0,MediumTruck
7773,MediumTruck65497,N2_LRP012c,0,MediumTruck
7774,SmallTruck65501,N2_LRP226c,0,SmallTruck
7775,SmallTruck65501,N2_LRP226d,0,SmallTruck
7776,LargeBus65505,N1_LRP425e,0,LargeBus
7777,LargeBus65505,N1_LRP425c,1.1674985142257397,LargeBus
7778,SmallTruck65511,N104_LRP017b,0,SmallTruck
7779,MediumTruck65512,N105_LRP032b,0,MediumTruck
7780,MediumTruck65512,N105_LRP032c,0,MediumTruck
7781,MiniBus65515,N2_LRP118a,0,MiniBus
7782,MiniBus65515,N2_LRP118b,0,MiniBus
7783,SmallTruck65517,N2_LRP163d,0,SmallTruck
7784,SmallTruck65517,N2_LRP163c,0,SmallTruck
7785,SmallTruck65517,N2_LRP163b,0,SmallTruck
7786,SmallTruck65517,N2_LRP163a,0,SmallTruck
7787,MediumTruck65521,N1_LRP432a,0,MediumTruck
7788,MediumTruck65529,N105_LRP020c,0,MediumTruck
7789,SmallTruck65532,N2_LRP121a,0,SmallTruck
7790,MediumTruck65533,N2_LRP167c,0,MediumTruck
7791,MediumTruck65533,N2_LRP167b,0,MediumTruck
7792,SmallTruck65534,N208_LRP028d,0,SmallTruck
7793,MediumTruck65537,N1_LRP435c,0,MediumTruck
7794,MediumTruck65538,N2_LRP024b,0,MediumTruck
7795,MediumTruck65541,N102_LRP058a,0,MediumTruck
7796,MediumTruck65545,N105_LRP024c,0,MediumTruck
7797,SmallTruck65548,N2_LRP125a,0,SmallTruck
7798,SmallTruck65548,N2_LRP124c,0,SmallTruck
7799,MiniBus65550,N208_LRP027b,0,MiniBus
7800,MiniBus65550,N208_LRP027d,0,MiniBus
7801,SmallTruck65552,N2_LRP012c,0,SmallTruck
7802,SmallTruck65553,N1_LRP439a,0,SmallTruck
7803,MiniBus65567,N2_LRP249a,0,MiniBus
7804,MediumTruck65569,N1_LRP443d,0,MediumTruck
7805,MediumTruck65569,N1_LRP443c,0,MediumTruck
7806,LargeBus65581,N2_LRP177a,0,LargeBus
7807,LargeBus65581,N2_LRP176e,0,LargeBus
7808,LargeBus65581,N2_LRP176d,0,LargeBus
7809,LargeBus65581,N2_LRP176c,0,LargeBus
7810,LargeBus65581,N2_LRP176b,0,LargeBus
7811,MiniBus65585,N1_LRP446d,0,MiniBus
7812,MiniBus65585,N1_LRP446b,0,MiniBus
7813,MediumTruck65586,N2_LRP012c,0,MediumTruck
7814,MediumTruck65587,N2_LRP276a,0,MediumTruck
7815,SmallTruck65598,N208_LRP011b,0,SmallTruck
7816,MediumTruck65601,N1_LRP451b,0,MediumTruck
7817,MediumTruck65601,N1_LRP450e,0.4886087690295061,MediumTruck
7818,SmallTruck65610,N2_LRP124c,0,SmallTruck
7819,MediumTruck65612,N2_LRP154c,0,MediumTruck
7820,LargeBus65617,N1_LRP455a,0,LargeBus
7821,SmallTruck65619,N2_LRP284b,0,SmallTruck
7822,MediumTruck65624,N105_LRP003a,0,MediumTruck
7823,MediumTruck65294,N2_LRP199d,0,MediumTruck
7824,MediumTruck65297,N1_LRP383b,0,MediumTruck
7825,LargeBus65298,N2_LRP091b,0,LargeBus
7826,LargeBus65300,N105_LRP024c,0,LargeBus
7827,SmallTruck65304,N1_LRP098a,0,SmallTruck
7828,LargeBus65308,N2_LRP059a,0,LargeBus
7829,LargeBus65308,N2_LRP058c,0,LargeBus
7830,MiniBus65311,N2_LRP141a,0,MiniBus
7831,LargeBus65313,N1_LRP383b,0,LargeBus
7832,MediumTruck65314,N2_LRP079d,0,MediumTruck
7833,SmallTruck65317,N102_LRPSc,0,SmallTruck
7834,MediumTruck65321,N2_LRP057a,0,MediumTruck
7835,SmallTruck65323,N2_LRP073c,0,SmallTruck
7836,SmallTruck65323,N2_LRP073b,0,SmallTruck
7837,LargeBus65328,N2_LRP073g,0,LargeBus
7838,SmallTruck65329,N1_LRP389a,0,SmallTruck
7839,MediumTruck65336,N2_LRP076a,0,MediumTruck
7840,MediumTruck65337,N2_LRP052a,0,MediumTruck
7841,MediumTruck65341,N2_LRP121c,0,MediumTruck
7842,SmallTruck65347,N2_LRP216a,0,SmallTruck
7843,MediumTruck65351,N1_LRP120b,0,MediumTruck
7844,MediumTruck65353,N2_LRP048b,0,MediumTruck
7845,SmallTruck65355,N2_LRP154c,0,SmallTruck
7846,MediumTruck65356,N2_LRP076b,0,MediumTruck
7847,SmallTruck65372,N2_LRP081b,0,SmallTruck
7848,SmallTruck65372,N2_LRP081a,0,SmallTruck
7849,SmallTruck65373,N2_LRP129b,0,SmallTruck
7850,SmallTruck65373,N2_LRP129a,0,SmallTruck
7851,SmallTruck65373,N2_LRP128b,0,SmallTruck
7852,SmallTruck65381,N102_LRP017a,0,SmallTruck
7853,MediumTruck65384,N2_LRP064a,0,MediumTruck
7854,MediumTruck65387,N2_LRP087a,0,MediumTruck
7855,MiniBus65390,N2_LRP216a,0,MiniBus
7856,MediumTruck65391,N2_LRP170b,0,MediumTruck
7857,MediumTruck65391,N2_LRP170a,0,MediumTruck
7858,MediumTruck65391,N2_LRP169f,0,MediumTruck
7859,MediumTruck65391,N2_LRP169e,0,MediumTruck
7860,MediumTruck65391,N2_LRP169d,0,MediumTruck
7861,MediumTruck65391,N2_LRP169c,0,MediumTruck
7862,LargeBus65394,N2_LRP066a,0,LargeBus
7863,LargeBus65395,N2_LRP221b,0,LargeBus
7864,MediumTruck65402,N2_LRP058c,0,MediumTruck
7865,MediumTruck65403,N2_LRP092b,0,MediumTruck
7866,MediumTruck65403,N2_LRP092a,0,MediumTruck
7867,MediumTruck65403,N2_LRP091b,0,MediumTruck
7868,LargeBus65407,N2_LRP168a,0,LargeBus
7869,LargeBus65407,N2_LRP167c,0,LargeBus
7870,MediumTruck65410,N2_LRP057a,0,MediumTruck
7871,SmallTruck65416,N2_LRP055b,0,SmallTruck
7872,SmallTruck65416,N2_LRP056a,0,SmallTruck
7873,MiniBus65418,N2_LRP057b,0,MiniBus
7874,MiniBus65418,N2_LRP057a,0,MiniBus
7875,MediumTruck65425,N1_LRP411a,0,MediumTruck
7876,SmallTruck65430,N1_LRP194a,0,SmallTruck
7877,LargeBus65434,N2_LRP060c,0,LargeBus
7878,MediumTruck65436,N2_LRP097a,0,MediumTruck
7879,LargeBus65437,N2_LRP140c,1.141136884900897,LargeBus
7880,MiniBus65442,N2_LRP053a,0,MiniBus
7881,MiniBus65442,N2_LRP054a,0,MiniBus
7882,HeavyTruck65444,N1_LRP033b,0,HeavyTruck
7883,HeavyTruck65444,N1_LRP033a,0,HeavyTruck
7884,MediumTruck65445,N102_LRP033c,0,MediumTruck
7885,MediumTruck65447,N104_LRPSa,0,MediumTruck
7886,SmallTruck65449,N1_LRP012a,0,SmallTruck
7887,SmallTruck65449,N1_LRP012b,0,SmallTruck
7888,MediumTruck65457,N1_LRP418b,0,MediumTruck
7889,SmallTruck65459,N2_LRP242a,0,SmallTruck
7890,MediumTruck65461,N102_LRP037c,0,MediumTruck
7891,MediumTruck65465,N2_LRP021a,0,MediumTruck
7892,MediumTruck65473,N1_LRP422b,0,MediumTruck
7893,MediumTruck65473,N1_LRP421f,0,MediumTruck
7894,MediumTruck65474,N2_LRP041b,0,MediumTruck
7895,MediumTruck65474,N2_LRP042a,0,MediumTruck
7896,SmallTruck65475,N2_LRP246c,0,SmallTruck
7897,SmallTruck65483,N2_LRP123d,0,SmallTruck
7898,SmallTruck65483,N2_LRP123e,0,SmallTruck
7899,SmallTruck65485,N2_LRP155a,0,SmallTruck
7900,MediumTruck65489,N1_LRP425b,0,MediumTruck
7901,MediumTruck65493,N102_LRP045a,0,MediumTruck
7902,MediumTruck65497,N2_LRP012f,0,MediumTruck
7903,MiniBus65515,N2_LRP118e,0,MiniBus
7904,MiniBus65515,N2_LRP118g,0,MiniBus
7905,SmallTruck65517,N2_LRP162e,0,SmallTruck
7906,SmallTruck65517,N2_LRP162d,0,SmallTruck
7907,SmallTruck65517,N2_LRP162c,0,SmallTruck
7908,MediumTruck65521,N1_LRP431d,0.03843100031089039,MediumTruck
7909,SmallTruck65522,N2_LRP029b,0,SmallTruck
7910,MediumTruck65523,N2_LRP258a,0,MediumTruck
7911,SmallTruck65532,N2_LRP120a,0,SmallTruck
7912,SmallTruck65532,N2_LRP119c,0,SmallTruck
7913,MediumTruck65533,N2_LRP166e,0,MediumTruck
7914,MediumTruck65533,N2_LRP166d,0,MediumTruck
7915,SmallTruck65534,N208_LRP029c,0,SmallTruck
7916,MediumTruck65536,N2_LRP016a,0,MediumTruck
7917,MediumTruck65538,N2_LRP025a,0,MediumTruck
7918,MediumTruck65538,N2_LRP025b,0,MediumTruck
7919,LargeBus65542,N1_LRP120b,0,LargeBus
7920,MediumTruck65544,N105_LRP024c,0,MediumTruck
7921,SmallTruck65548,N2_LRP123e,0,SmallTruck
7922,SmallTruck65548,N2_LRP123d,0,SmallTruck
7923,MiniBus65550,N208_LRP027f,0,MiniBus
7924,MediumTruck65551,N2_LRP206b,0,MediumTruck
7925,SmallTruck65552,N2_LRP012f,0,SmallTruck
7926,SmallTruck65559,N104_LRP028a,0,SmallTruck
7927,MediumTruck65560,N105_LRP020c,0,MediumTruck
7928,LargeBus65570,N2_LRP018a,0,LargeBus
7929,SmallTruck65573,N102_LRP065a,0,SmallTruck
7930,SmallTruck65577,N105_LRP032c,0,SmallTruck
7931,SmallTruck65577,N105_LRP032b,0,SmallTruck
7932,LargeBus65581,N2_LRP175f,0,LargeBus
7933,LargeBus65581,N2_LRP175e,0,LargeBus
7934,LargeBus65581,N2_LRP175d,0,LargeBus
7935,LargeBus65581,N2_LRP175c,0,LargeBus
7936,MediumTruck65584,N1_LRP012a,0,MediumTruck
7937,MediumTruck65584,N1_LRP012b,0,MediumTruck
7938,MiniBus65585,N1_LRP445d,0,MiniBus
7939,MiniBus65585,N1_LRP445b,0,MiniBus
7940,MediumTruck65586,N2_LRP012f,0,MediumTruck
7941,MediumTruck65590,N1_LRP136a,0,MediumTruck
7942,SmallTruck65592,N2_LRP012c,0,SmallTruck
7943,SmallTruck65596,N2_LRP135b,0,SmallTruck
7944,MiniBus65599,N2_LRP216b,0,MiniBus
7945,MediumTruck65601,N1_LRP450c,0,MediumTruck
7946,LargeBus65604,N102_LRP009a,0,LargeBus
7947,MediumTruck65609,N105_LRP041c,0,MediumTruck
7948,SmallTruck65610,N2_LRP125a,0,SmallTruck
7949,SmallTruck65610,N2_LRP125b,0,SmallTruck
7950,SmallTruck65610,N2_LRP125c,0,SmallTruck
7951,SmallTruck65610,N2_LRP125d,0,SmallTruck
7952,MediumTruck65612,N2_LRP155a,0,MediumTruck
7953,SmallTruck65619,N2_LRP283b,0,SmallTruck
7954,MediumTruck65630,N208_LRP004c,0,MediumTruck
7955,MediumTruck65638,N104_LRPSa,0,MediumTruck
7956,MiniBus65647,N2_LRP228b,0,MiniBus
7957,SmallTruck65281,N1_LRP377f,0,SmallTruck
7958,MiniBus65295,N2_LRP140a,0.26031459610191265,MiniBus
7959,MediumTruck65297,N1_LRP383a,0,MediumTruck
7960,MediumTruck65297,N1_LRP382b,0,MediumTruck
7961,LargeBus65298,N2_LRP092a,0,LargeBus
7962,LargeBus65298,N2_LRP092b,0,LargeBus
7963,SmallTruck65303,N1_LRP107a,0,SmallTruck
7964,MiniBus65311,N2_LRP140c,2.141136884900897,MiniBus
7965,MediumTruck65312,N2_LRP073b,0,MediumTruck
7966,MediumTruck65312,N2_LRP073c,0,MediumTruck
7967,LargeBus65313,N1_LRP383a,0,LargeBus
7968,MediumTruck65314,N2_LRP081a,0,MediumTruck
7969,SmallTruck65316,N2_LRP012c,0,SmallTruck
7970,MediumTruck65321,N2_LRP057b,0,MediumTruck
7971,MediumTruck65325,N2_LRP117b,0,MediumTruck
7972,MediumTruck65325,N2_LRP117a,0.04043016804802631,MediumTruck
7973,LargeBus65328,N2_LRP074a,0,LargeBus
7974,SmallTruck65329,N1_LRP388a,0,SmallTruck
7975,SmallTruck65331,N2_LRP211c,0,SmallTruck
7976,MediumTruck65336,N2_LRP076b,0,MediumTruck
7977,MediumTruck65337,N2_LRP053a,0,MediumTruck
7978,MediumTruck65341,N2_LRP121a,0,MediumTruck
7979,SmallTruck65346,N2_LRP072a,0,SmallTruck
7980,SmallTruck65355,N2_LRP155a,0,SmallTruck
7981,MediumTruck65356,N2_LRP076a,0,MediumTruck
7982,MediumTruck65362,N2_LRP069c,0,MediumTruck
7983,MediumTruck65362,N2_LRP069e,0,MediumTruck
7984,MediumTruck65362,N2_LRP070a,0,MediumTruck
7985,MediumTruck65367,N1_LRP123a,0,MediumTruck
7986,SmallTruck65372,N2_LRP079d,0,SmallTruck
7987,SmallTruck65372,N2_LRP079b,0.5120475127671834,SmallTruck
7988,SmallTruck65373,N2_LRP128a,0,SmallTruck
7989,SmallTruck65373,N2_LRP127c,0,SmallTruck
7990,MediumTruck65384,N2_LRP064b,0,MediumTruck
7991,MediumTruck65387,N2_LRP086a,0,MediumTruck
7992,MiniBus65390,N2_LRP214b,0.04895377110298993,MiniBus
7993,MediumTruck65391,N2_LRP169b,0,MediumTruck
7994,LargeBus65394,N2_LRP067c,0,LargeBus
7995,MiniBus65405,N2_LRP132c,0,MiniBus
7996,MiniBus65405,N2_LRP132b,0,MiniBus
7997,MiniBus65405,N2_LRP132a,0,MiniBus
7998,LargeBus65407,N2_LRP167b,0,LargeBus
7999,LargeBus65407,N2_LRP166e,0,LargeBus
8000,LargeBus65408,N1_LRP064c,0,LargeBus
8001,MediumTruck65409,N1_LRP408a,0,MediumTruck
8002,MediumTruck65410,N2_LRP057b,0,MediumTruck
8003,MediumTruck65412,N102_LRP058a,0,MediumTruck
8004,SmallTruck65416,N2_LRP057a,0,SmallTruck
8005,MiniBus65418,N2_LRP056a,0,MiniBus
8006,LargeBus65422,N2_LRP224b,0,LargeBus
8007,MediumTruck65425,N1_LRP410c,0.05316508250398061,MediumTruck
8008,MediumTruck65429,N102_LRP028c,0,MediumTruck
8009,SmallTruck65430,N1_LRP195a,0,SmallTruck
8010,MediumTruck65436,N2_LRP096c,0,MediumTruck
8011,MediumTruck65441,N1_LRP414a,0,MediumTruck
8012,MiniBus65442,N2_LRP054b,0,MiniBus
8013,MediumTruck65446,N1_LRP098a,0,MediumTruck
8014,SmallTruck65449,N1_LRP014a,0,SmallTruck
8015,SmallTruck65459,N2_LRP241c,0,SmallTruck
8016,HeavyTruck65460,N1_LRP036c,0,HeavyTruck
8017,MediumTruck65461,N102_LRP036d,0,MediumTruck
8018,MediumTruck65461,N102_LRP036b,0,MediumTruck
8019,MediumTruck65465,N2_LRP021b,0,MediumTruck
8020,MediumTruck65473,N1_LRP421d,0,MediumTruck
8021,SmallTruck65483,N2_LRP124c,0,SmallTruck
8022,SmallTruck65485,N2_LRP154c,0,SmallTruck
8023,MediumTruck65489,N1_LRP425a,0,MediumTruck
8024,MediumTruck65489,N1_LRP424e,0,MediumTruck
8025,SmallTruck65490,N2_LRP038c,0,SmallTruck
8026,HeavyTruck65491,N2_LRP249a,0,HeavyTruck
8027,MediumTruck65492,N1_LRP120b,0,MediumTruck
8028,MiniBus65500,N2_LRP108a,0,MiniBus
8029,LargeBus65505,N1_LRP425b,0,LargeBus
8030,LargeBus65505,N1_LRP425a,0,LargeBus
8031,SmallTruck65508,N102_LRP033c,0,SmallTruck
8032,LargeBus65509,N102_LRP045a,0,LargeBus
8033,MiniBus65515,N2_LRP119c,0,MiniBus
8034,MiniBus65515,N2_LRP120a,0,MiniBus
8035,SmallTruck65517,N2_LRP162a,0.01081902044503631,SmallTruck
8036,MediumTruck65518,N208_LRP034c,0,MediumTruck
8037,MediumTruck65518,N208_LRP034d,0,MediumTruck
8038,SmallTruck65532,N2_LRP118g,0,SmallTruck
8039,SmallTruck65539,N2_LRP262a,0,SmallTruck
8040,SmallTruck65539,N2_LRP261b,0,SmallTruck
8041,MediumTruck65545,N105_LRP023c,0,MediumTruck
8042,SmallTruck65548,N2_LRP123c,0,SmallTruck
8043,MiniBus65550,N208_LRP028d,0,MiniBus
8044,SmallTruck65553,N1_LRP438c,0,SmallTruck
8045,SmallTruck65553,N1_LRP438b,0,SmallTruck
8046,SmallTruck65553,N1_LRP438a,0,SmallTruck
8047,MediumTruck65554,N1_LRP030a,0,MediumTruck
8048,LargeBus65557,N102_LRP058a,0,LargeBus
8049,MediumTruck65560,N105_LRP021d,0,MediumTruck
8050,MediumTruck65561,N105_LRP027c,0,MediumTruck
8051,MediumTruck65569,N1_LRP441a,0,MediumTruck
8052,SmallTruck65572,N102_LRP017a,0,SmallTruck
8053,SmallTruck65579,N204_LRP020b,0,SmallTruck
8054,MediumTruck65584,N1_LRP014a,0,MediumTruck
8055,MiniBus65585,N1_LRP444e,0,MiniBus
8056,MiniBus65585,N1_LRP444d,0,MiniBus
8057,MiniBus65585,N1_LRP444c,0,MiniBus
8058,MediumTruck65587,N2_LRP274e,0,MediumTruck
8059,SmallTruck65592,N2_LRP012f,0,SmallTruck
8060,SmallTruck65596,N2_LRP135a,0,SmallTruck
8061,MiniBus65599,N2_LRP216a,0,MiniBus
8062,MediumTruck65601,N1_LRP450a,0,MediumTruck
8063,MediumTruck65609,N105_LRP040c,0,MediumTruck
8064,SmallTruck65610,N2_LRP126a,0,SmallTruck
8065,SmallTruck65610,N2_LRP126b,0,SmallTruck
8066,SmallTruck65610,N2_LRP126c,0,SmallTruck
8067,SmallTruck65610,N2_LRP126d,0,SmallTruck
8068,MediumTruck65612,N2_LRP156a,0,MediumTruck
8069,MediumTruck65616,N1_LRP004b,0,MediumTruck
8070,MediumTruck65623,N104_LRP044d,0,MediumTruck
8071,MediumTruck65628,N2_LRP141b,0,MediumTruck
8072,MediumTruck65628,N2_LRP141a,0,MediumTruck
8073,LargeBus65637,N102_LRP082a,0,LargeBus
8074,MediumTruck65642,N2_LRP118a,0,MediumTruck
8075,MediumTruck65642,N2_LRP118b,0,MediumTruck
8076,MediumTruck65642,N2_LRP118e,0,MediumTruck
8077,SmallTruck65281,N1_LRP377d,0,SmallTruck
8078,SmallTruck65281,N1_LRP377c,0,SmallTruck
8079,SmallTruck65281,N1_LRP377a,0,SmallTruck
8080,MediumTruck65282,N2_LRP090a,0,MediumTruck
8081,MediumTruck65297,N1_LRP382a,0,MediumTruck
8082,MediumTruck65297,N1_LRP381c,0,MediumTruck
8083,MediumTruck65297,N1_LRP381b,0,MediumTruck
8084,LargeBus65298,N2_LRP093a,0,LargeBus
8085,SmallTruck65301,N1_LRP077a,0,SmallTruck
8086,LargeBus65308,N2_LRP057b,0,LargeBus
8087,LargeBus65308,N2_LRP057a,0,LargeBus
8088,MediumTruck65312,N2_LRP073g,0,MediumTruck
8089,LargeBus65313,N1_LRP382b,0,LargeBus
8090,LargeBus65313,N1_LRP382a,0,LargeBus
8091,LargeBus65313,N1_LRP381c,0,LargeBus
8092,MediumTruck65314,N2_LRP081b,0,MediumTruck
8093,SmallTruck65316,N2_LRP012f,0,SmallTruck
8094,SmallTruck65323,N2_LRP072a,0,SmallTruck
8095,MediumTruck65326,N2_LRP206b,0,MediumTruck
8096,LargeBus65328,N2_LRP076a,0,LargeBus
8097,SmallTruck65329,N1_LRP387f,0,SmallTruck
8098,SmallTruck65329,N1_LRP387e,0,SmallTruck
8099,SmallTruck65331,N2_LRP211b,0,SmallTruck
8100,MediumTruck65334,N1_LRP068a,0,MediumTruck
8101,MediumTruck65337,N2_LRP054a,0,MediumTruck
8102,MediumTruck65341,N2_LRP120a,0,MediumTruck
8103,MediumTruck65341,N2_LRP119c,0,MediumTruck
8104,MediumTruck65345,N1_LRP391a,0,MediumTruck
8105,SmallTruck65347,N2_LRP214b,0.10670798954194385,SmallTruck
8106,MediumTruck65351,N1_LRP119a,0,MediumTruck
8107,MediumTruck65351,N1_LRP118d,0,MediumTruck
8108,MediumTruck65353,N2_LRP050a,0,MediumTruck
8109,SmallTruck65355,N2_LRP156a,0,SmallTruck
8110,MediumTruck65362,N2_LRP070c,0,MediumTruck
8111,LargeBus65363,N2_LRP211c,0,LargeBus
8112,LargeBus65363,N2_LRP211b,0,LargeBus
8113,MediumTruck65367,N1_LRP122a,0,MediumTruck
8114,SmallTruck65372,N2_LRP079a,0,SmallTruck
8115,SmallTruck65373,N2_LRP127b,0,SmallTruck
8116,MediumTruck65377,N1_LRP400a,0,MediumTruck
8117,SmallTruck65381,N102_LRP015a,0,SmallTruck
8118,LargeBus65388,N2_LRP214b,1.1067079895419438,LargeBus
8119,MediumTruck65391,N2_LRP168c,0,MediumTruck
8120,MediumTruck65391,N2_LRP168a,0,MediumTruck
8121,MiniBus65393,N1_LRP400a,0,MiniBus
8122,LargeBus65395,N2_LRP219a,0,LargeBus
8123,MediumTruck65397,N102_LRP019b,0,MediumTruck
8124,MediumTruck65397,N102_LRP019a,0,MediumTruck
8125,MediumTruck65401,N1_LRP026a,0,MediumTruck
8126,MediumTruck65401,N1_LRP026b,0,MediumTruck
8127,MediumTruck65402,N2_LRP057b,0,MediumTruck
8128,MediumTruck65402,N2_LRP057a,0,MediumTruck
8129,MediumTruck65403,N2_LRP090a,0,MediumTruck
8130,MediumTruck65404,N2_LRP087a,0,MediumTruck
8131,LargeBus65407,N2_LRP166d,0,LargeBus
8132,SmallTruck65416,N2_LRP057b,0,SmallTruck
8133,MiniBus65418,N2_LRP055b,0,MiniBus
8134,LargeBus65419,N2_LRP087a,0,LargeBus
8135,MediumTruck65421,N2_LRP140a,0.32347178345624217,MediumTruck
8136,MediumTruck65425,N1_LRP410b,0,MediumTruck
8137,MediumTruck65426,N1_LRP064c,0,MediumTruck
8138,SmallTruck65428,N102_LRP055c,0,SmallTruck
8139,SmallTruck65430,N1_LRP196a,0,SmallTruck
8140,LargeBus65431,N1_LRP159a,0,LargeBus
8141,LargeBus65434,N2_LRP059a,0,LargeBus
8142,LargeBus65434,N2_LRP058c,0,LargeBus
8143,MediumTruck65436,N2_LRP096a,0,MediumTruck
8144,MediumTruck65436,N2_LRP095a,0,MediumTruck
8145,MediumTruck65438,N208_LRP055a,0,MediumTruck
8146,MediumTruck65440,N1_LRP051a,0,MediumTruck
8147,MiniBus65442,N2_LRP055b,0,MiniBus
8148,SmallTruck65443,N2_LRP236c,0,SmallTruck
8149,MediumTruck65457,N1_LRP417d,0.015269390345109572,MediumTruck
8150,HeavyTruck65460,N1_LRP035a,0,HeavyTruck
8151,MediumTruck65473,N1_LRP420e,0,MediumTruck
8152,MediumTruck65473,N1_LRP420d,0,MediumTruck
8153,MediumTruck65474,N2_LRP043a,0.035167683193181844,MediumTruck
8154,MediumTruck65481,N105_LRP006a,0,MediumTruck
8155,MediumTruck65481,N105_LRP005c,0,MediumTruck
8156,SmallTruck65483,N2_LRP125a,0,SmallTruck
8157,SmallTruck65483,N2_LRP125b,0,SmallTruck
8158,SmallTruck65483,N2_LRP125c,0,SmallTruck
8159,SmallTruck65483,N2_LRP125d,0,SmallTruck
8160,SmallTruck65485,N2_LRP153b,0,SmallTruck
8161,MediumTruck65489,N1_LRP424c,0,MediumTruck
8162,MediumTruck65489,N1_LRP424b,0,MediumTruck
8163,MediumTruck65489,N1_LRP424a,0.2991904218514714,MediumTruck
8164,SmallTruck65490,N2_LRP039a,0,SmallTruck
8165,MediumTruck65496,N105_LRP039b,0,MediumTruck
8166,SmallTruck65501,N2_LRP228b,0,SmallTruck
8167,LargeBus65505,N1_LRP424e,0,LargeBus
8168,LargeBus65505,N1_LRP424c,0,LargeBus
8169,LargeBus65505,N1_LRP424b,0,LargeBus
8170,LargeBus65505,N1_LRP424a,1.2991904218514714,LargeBus
8171,LargeBus65507,N2_LRP249a,0,LargeBus
8172,SmallTruck65508,N102_LRP034b,0,SmallTruck
8173,MediumTruck65512,N105_LRP035d,0,MediumTruck
8174,MiniBus65515,N2_LRP121a,0,MiniBus
8175,SmallTruck65517,N2_LRP161c,0,SmallTruck
8176,SmallTruck65517,N2_LRP161b,0,SmallTruck
8177,MediumTruck65521,N1_LRP431b,0,MediumTruck
8178,MediumTruck65521,N1_LRP431a,0,MediumTruck
8179,MediumTruck65521,N1_LRP430c,0,MediumTruck
8180,MiniBus65524,N102_LRP033c,0,MiniBus
8181,SmallTruck65532,N2_LRP118e,0,SmallTruck
8182,SmallTruck65532,N2_LRP118b,0,SmallTruck
8183,SmallTruck65532,N2_LRP118a,0,SmallTruck
8184,MediumTruck65533,N2_LRP165d,0,MediumTruck
8185,MediumTruck65533,N2_LRP165c,0,MediumTruck
8186,MediumTruck65533,N2_LRP164d,0,MediumTruck
8187,SmallTruck65534,N208_LRP031b,0,SmallTruck
8188,SmallTruck65534,N208_LRP031d,0,SmallTruck
8189,MediumTruck65535,N2_LRP200c,0,MediumTruck
8190,MediumTruck65536,N2_LRP018a,0,MediumTruck
8191,MediumTruck65537,N1_LRP433c,0,MediumTruck
8192,MediumTruck65537,N1_LRP433b,0.02974137974342728,MediumTruck
8193,SmallTruck65539,N2_LRP261a,0,SmallTruck
8194,LargeBus65542,N1_LRP119a,0,LargeBus
8195,MediumTruck65545,N105_LRP022c,0,MediumTruck
8196,SmallTruck65548,N2_LRP122b,0,SmallTruck
8197,MiniBus65550,N208_LRP029c,0,MiniBus
8198,SmallTruck65553,N1_LRP437b,0,SmallTruck
8199,SmallTruck65553,N1_LRP437a,0,SmallTruck
8200,MediumTruck65560,N105_LRP022c,0,MediumTruck
8201,LargeBus65570,N2_LRP021a,0,LargeBus
8202,SmallTruck65577,N105_LRP030c,0,SmallTruck
8203,MiniBus65585,N1_LRP444b,0,MiniBus
8204,MiniBus65585,N1_LRP444a,0,MiniBus
8205,MiniBus65585,N1_LRP443d,0,MiniBus
8206,MediumTruck65590,N1_LRP134a,0,MediumTruck
8207,MediumTruck65593,N105_LRP035d,0,MediumTruck
8208,SmallTruck65596,N2_LRP134c,0,SmallTruck
8209,SmallTruck65596,N2_LRP134b,0,SmallTruck
8210,MiniBus65599,N2_LRP214b,2.1067079895419436,MiniBus
8211,MiniBus65600,N1_LRP010b,0,MiniBus
8212,MiniBus65600,N1_LRP010c,0,MiniBus
8213,MiniBus65600,N1_LRP011a,0,MiniBus
8214,MediumTruck65601,N1_LRP449d,0,MediumTruck
8215,MediumTruck65601,N1_LRP449c,0,MediumTruck
8216,MediumTruck65609,N105_LRP039b,0,MediumTruck
8217,SmallTruck65610,N2_LRP127b,0,SmallTruck
8218,MediumTruck65612,N2_LRP157a,0,MediumTruck
8219,LargeBus65617,N1_LRP452e,0,LargeBus
8220,LargeBus65617,N1_LRP452d,0,LargeBus
8221,LargeBus65617,N1_LRP452c,0,LargeBus
8222,LargeBus65617,N1_LRP452a,0,LargeBus
8223,SmallTruck65620,N1_LRP088a,0,SmallTruck
8224,MediumTruck65624,N105_LRP005c,0,MediumTruck
8225,MediumTruck65624,N105_LRP006a,0,MediumTruck
8226,MediumTruck65628,N2_LRP140c,2.141136884900897,MediumTruck
8227,LargeBus65632,N1_LRP001a,0,LargeBus
8228,MediumTruck65633,N1_LRP456c,0,MediumTruck
8229,SmallTruck65634,N1_LRP010b,0,SmallTruck
8230,SmallTruck65634,N1_LRP010c,0,SmallTruck
8231,MediumTruck65635,N2_LRP285c,0,MediumTruck
8232,MediumTruck65642,N2_LRP118g,0,MediumTruck
8233,MiniBus65647,N2_LRP226d,0,MiniBus
8234,MiniBus65647,N2_LRP226c,0,MiniBus
8235,SmallTruck65281,N1_LRP376a,0,SmallTruck
8236,MiniBus65295,N2_LRP139b,0,MiniBus
8237,MiniBus65295,N2_LRP139a,0,MiniBus
8238,LargeBus65296,N1_LRP098a,0,LargeBus
8239,LargeBus65300,N105_LRP027c,0,LargeBus
8240,SmallTruck65303,N1_LRP105a,0,SmallTruck
8241,LargeBus65308,N2_LRP056a,0,LargeBus
8242,LargeBus65308,N2_LRP055b,0,LargeBus
8243,MediumTruck65312,N2_LRP074a,0,MediumTruck
8244,LargeBus65313,N1_LRP381b,0,LargeBus
8245,MediumTruck65321,N2_LRP058c,0,MediumTruck
8246,MediumTruck65321,N2_LRP059a,0,MediumTruck
8247,LargeBus65328,N2_LRP076b,0,LargeBus
8248,SmallTruck65329,N1_LRP387b,0,SmallTruck
8249,SmallTruck65329,N1_LRP387a,0,SmallTruck
8250,SmallTruck65329,N1_LRP386f,0,SmallTruck
8251,SmallTruck65329,N1_LRP386e,0,SmallTruck
8252,MediumTruck65333,N102_LRP002c,0,MediumTruck
8253,MediumTruck65333,N102_LRP002b,0,MediumTruck
8254,MediumTruck65333,N102_LRP002a,0,MediumTruck
8255,MediumTruck65336,N2_LRP078a,0,MediumTruck
8256,MediumTruck65337,N2_LRP054b,0,MediumTruck
8257,MediumTruck65341,N2_LRP118g,0,MediumTruck
8258,MediumTruck65342,N2_LRP207b,0,MediumTruck
8259,MediumTruck65345,N1_LRP390a,0,MediumTruck
8260,SmallTruck65346,N2_LRP073b,0,SmallTruck
8261,SmallTruck65346,N2_LRP073c,0,SmallTruck
8262,SmallTruck65355,N2_LRP157a,0,SmallTruck
8263,MediumTruck65356,N2_LRP074a,0,MediumTruck
8264,MediumTruck65358,N2_LRP211c,0,MediumTruck
8265,MiniBus65361,N1_LRP391a,0,MiniBus
8266,LargeBus65366,N1_LRP068a,0,LargeBus
8267,SmallTruck65373,N2_LRP126d,0,SmallTruck
8268,SmallTruck65373,N2_LRP126c,0,SmallTruck
8269,SmallTruck65373,N2_LRP126b,0,SmallTruck
8270,MediumTruck65374,N2_LRP216b,0,MediumTruck
8271,MediumTruck65377,N1_LRP398d,1.2207204678622625,MediumTruck
8272,MediumTruck65380,N1_LRP014a,0,MediumTruck
8273,MediumTruck65384,N2_LRP066a,0,MediumTruck
8274,MediumTruck65391,N2_LRP167c,0,MediumTruck
8275,MediumTruck65391,N2_LRP167b,0,MediumTruck
8276,MediumTruck65392,N1_LRP064c,0,MediumTruck
8277,MiniBus65393,N1_LRP398d,2.2207204678622627,MiniBus
8278,MediumTruck65401,N1_LRP027a,0,MediumTruck
8279,MediumTruck65402,N2_LRP056a,0,MediumTruck
8280,MediumTruck65404,N2_LRP086a,0,MediumTruck
8281,MiniBus65405,N2_LRP130c,0,MiniBus
8282,MiniBus65405,N2_LRP130b,0,MiniBus
8283,LargeBus65407,N2_LRP165d,0,LargeBus
8284,LargeBus65407,N2_LRP165c,0,LargeBus
8285,MediumTruck65410,N2_LRP058c,0,MediumTruck
8286,MediumTruck65410,N2_LRP059a,0,MediumTruck
8287,MediumTruck65413,N102_LRP022a,0,MediumTruck
8288,MiniBus65418,N2_LRP054b,0,MiniBus
8289,LargeBus65419,N2_LRP086a,0,LargeBus
8290,MediumTruck65425,N1_LRP410a,0,MediumTruck
8291,SmallTruck65427,N2_LRP231d,0,SmallTruck
8292,SmallTruck65427,N2_LRP231c,0,SmallTruck
8293,SmallTruck65430,N1_LRP197a,0,SmallTruck
8294,LargeBus65437,N2_LRP140a,0.08569667679938853,LargeBus
8295,MediumTruck65441,N1_LRP412d,0,MediumTruck
8296,MediumTruck65441,N1_LRP412b,0,MediumTruck
8297,MiniBus65442,N2_LRP056a,0,MiniBus
8298,SmallTruck65443,N2_LRP236a,0,SmallTruck
8299,SmallTruck65443,N2_LRP235a,0,SmallTruck
8300,HeavyTruck65444,N1_LRP030a,0,HeavyTruck
8301,SmallTruck65459,N2_LRP240a,0,SmallTruck
8302,MediumTruck65473,N1_LRP420c,0,MediumTruck
8303,MediumTruck65473,N1_LRP420a,0,MediumTruck
8304,SmallTruck65475,N2_LRP243b,0,SmallTruck
8305,SmallTruck65477,N102_LRP038d,0,SmallTruck
8306,SmallTruck65483,N2_LRP126a,0,SmallTruck
8307,SmallTruck65483,N2_LRP126b,0,SmallTruck
8308,SmallTruck65483,N2_LRP126c,0,SmallTruck
8309,SmallTruck65483,N2_LRP126d,0,SmallTruck
8310,SmallTruck65485,N2_LRP153a,0,SmallTruck
8311,SmallTruck65485,N2_LRP152d,0,SmallTruck
8312,SmallTruck65490,N2_LRP039c,0,SmallTruck
8313,SmallTruck65490,N2_LRP040a,0,SmallTruck
8314,HeavyTruck65491,N2_LRP248a,0,HeavyTruck
8315,MediumTruck65492,N1_LRP122a,0,MediumTruck
8316,MediumTruck65496,N105_LRP040c,0,MediumTruck
8317,MiniBus65500,N2_LRP106b,0,MiniBus
8318,MiniBus65500,N2_LRP106a,0,MiniBus
8319,HeavyTruck65506,N2_LRP035b,0,HeavyTruck
8320,LargeBus65507,N2_LRP248a,0,LargeBus
8321,SmallTruck65510,N1_LRP112a,0,SmallTruck
8322,MiniBus65515,N2_LRP121c,0,MiniBus
8323,SmallTruck65517,N2_LRP161a,0,SmallTruck
8324,MediumTruck65521,N1_LRP430b,0,MediumTruck
8325,MediumTruck65521,N1_LRP430a,0,MediumTruck
8326,MediumTruck65521,N1_LRP429f,0,MediumTruck
8327,MiniBus65524,N102_LRP034b,0,MiniBus
8328,MediumTruck65529,N105_LRP017c,0,MediumTruck
8329,SmallTruck65531,N204_LRP003b,0,SmallTruck
8330,MediumTruck65533,N2_LRP164b,0,MediumTruck
8331,MediumTruck65533,N2_LRP164a,0,MediumTruck
8332,MediumTruck65535,N2_LRP199d,0,MediumTruck
8333,MediumTruck65537,N1_LRP432b,0,MediumTruck
8334,MediumTruck65541,N102_LRP055c,0,MediumTruck
8335,LargeBus65542,N1_LRP118d,0,LargeBus
8336,MediumTruck65544,N105_LRP027c,0,MediumTruck
8337,MediumTruck65545,N105_LRP021d,0,MediumTruck
8338,SmallTruck65548,N2_LRP121c,0,SmallTruck
8339,MiniBus65550,N208_LRP031b,0,MiniBus
8340,SmallTruck65553,N1_LRP436a,0,SmallTruck
8341,MediumTruck65555,N2_LRP264a,0,MediumTruck
8342,MediumTruck65560,N105_LRP023c,0,MediumTruck
8343,MediumTruck65569,N1_LRP440a,0,MediumTruck
8344,LargeBus65570,N2_LRP021b,0,LargeBus
8345,SmallTruck65572,N102_LRP019a,0,SmallTruck
8346,SmallTruck65572,N102_LRP019b,0,SmallTruck
8347,LargeBus65574,N1_LRP127a,0,LargeBus
8348,LargeBus65575,N104_LRP028a,0,LargeBus
8349,MiniBus65585,N1_LRP443c,0,MiniBus
8350,MediumTruck65588,N102_LRP015a,0,MediumTruck
8351,SmallTruck65596,N2_LRP133a,0,SmallTruck
8352,MiniBus65600,N1_LRP012a,0,MiniBus
8353,MiniBus65600,N1_LRP012b,0,MiniBus
8354,MediumTruck65601,N1_LRP448a,0,MediumTruck
8355,MiniBus65603,N2_LRP276a,0,MiniBus
8356,MediumTruck65606,N1_LRP137a,0,MediumTruck
8357,SmallTruck65610,N2_LRP127c,0,SmallTruck
8358,SmallTruck65610,N2_LRP128a,0,SmallTruck
8359,MediumTruck65612,N2_LRP157b,0,MediumTruck
8360,MiniBus65614,N208_LRP011b,0,MiniBus
8361,LargeBus65617,N1_LRP451e,0,LargeBus
8362,LargeBus65617,N1_LRP451b,0,LargeBus
8363,LargeBus65617,N1_LRP450e,0.23043865535281302,LargeBus
8364,MediumTruck65625,N105_LRP042b,0,MediumTruck
8365,SmallTruck65629,N207_LRP061d,0,SmallTruck
8366,SmallTruck65631,N2_LRP224b,0,SmallTruck
8367,MediumTruck65633,N1_LRP456a,0,MediumTruck
8368,SmallTruck65634,N1_LRP011a,0,SmallTruck
8369,MediumTruck65635,N2_LRP285a,0,MediumTruck
8370,MediumTruck65635,N2_LRP284c,0,MediumTruck
8371,MediumTruck65638,N1_LRP145a,0,MediumTruck
8372,MediumTruck65642,N2_LRP119c,0,MediumTruck
8373,MediumTruck65642,N2_LRP120a,0,MediumTruck
8374,MiniBus65647,N2_LRP225c,0.1639453974777584,MiniBus
8375,SmallTruck65281,N1_LRP375c,0,SmallTruck
8376,MediumTruck65282,N2_LRP091b,0,MediumTruck
8377,MiniBus65295,N2_LRP138b,0,MiniBus
8378,MiniBus65295,N2_LRP138a,0,MiniBus
8379,MediumTruck65297,N1_LRP380c,0,MediumTruck
8380,MediumTruck65297,N1_LRP380a,0,MediumTruck
8381,LargeBus65308,N2_LRP054b,0,LargeBus
8382,MediumTruck65312,N2_LRP076a,0,MediumTruck
8383,LargeBus65313,N1_LRP380c,0,LargeBus
8384,LargeBus65313,N1_LRP380a,0,LargeBus
8385,SmallTruck65323,N2_LRP070c,0,SmallTruck
8386,SmallTruck65329,N1_LRP386c,0,SmallTruck
8387,SmallTruck65329,N1_LRP386a,0,SmallTruck
8388,SmallTruck65329,N1_LRP385g,0,SmallTruck
8389,MediumTruck65336,N2_LRP079a,0,MediumTruck
8390,MediumTruck65337,N2_LRP055b,0,MediumTruck
8391,MediumTruck65337,N2_LRP056a,0,MediumTruck
8392,MediumTruck65341,N2_LRP118e,0,MediumTruck
8393,MediumTruck65341,N2_LRP118b,0,MediumTruck
8394,MediumTruck65341,N2_LRP118a,0,MediumTruck
8395,MediumTruck65345,N1_LRP389d,0,MediumTruck
8396,SmallTruck65346,N2_LRP073g,0,SmallTruck
8397,SmallTruck65355,N2_LRP157b,0,SmallTruck
8398,MediumTruck65356,N2_LRP073g,0,MediumTruck
8399,MediumTruck65358,N2_LRP211b,0,MediumTruck
8400,MiniBus65361,N1_LRP390a,0,MiniBus
8401,MediumTruck65362,N2_LRP072a,0,MediumTruck
8402,MediumTruck65365,N102_LRP009a,0,MediumTruck
8403,SmallTruck65372,N2_LRP078a,0,SmallTruck
8404,SmallTruck65373,N2_LRP126a,0,SmallTruck
8405,SmallTruck65373,N2_LRP125d,0,SmallTruck
8406,SmallTruck65373,N2_LRP125c,0,SmallTruck
8407,SmallTruck65373,N2_LRP125b,0,SmallTruck
8408,MediumTruck65374,N2_LRP216a,0,MediumTruck
8409,MediumTruck65384,N2_LRP067c,0,MediumTruck
8410,MediumTruck65387,N2_LRP084a,0,MediumTruck
8411,MediumTruck65391,N2_LRP166e,0,MediumTruck
8412,MediumTruck65391,N2_LRP166d,0,MediumTruck
8413,LargeBus65394,N2_LRP069c,0,LargeBus
8414,LargeBus65394,N2_LRP069e,0,LargeBus
8415,LargeBus65394,N2_LRP070a,0,LargeBus
8416,LargeBus65394,N2_LRP070c,0,LargeBus
8417,MediumTruck65402,N2_LRP055b,0,MediumTruck
8418,MiniBus65405,N2_LRP130a,0,MiniBus
8419,MiniBus65405,N2_LRP129c,0,MiniBus
8420,MiniBus65405,N2_LRP129b,0,MiniBus
8421,LargeBus65407,N2_LRP164d,0,LargeBus
8422,LargeBus65407,N2_LRP164b,0,LargeBus
8423,LargeBus65407,N2_LRP164a,0,LargeBus
8424,LargeBus65411,N2_LRP224b,0,LargeBus
8425,SmallTruck65416,N2_LRP058c,0,SmallTruck
8426,SmallTruck65416,N2_LRP059a,0,SmallTruck
8427,MiniBus65418,N2_LRP054a,0,MiniBus
8428,MiniBus65418,N2_LRP053a,0,MiniBus
8429,MediumTruck65421,N2_LRP139b,0,MediumTruck
8430,MediumTruck65421,N2_LRP139a,0,MediumTruck
8431,SmallTruck65427,N2_LRP230e,0,SmallTruck
8432,SmallTruck65430,N1_LRP197b,0,SmallTruck
8433,MediumTruck65432,N1_LRP068a,0,MediumTruck
8434,LargeBus65434,N2_LRP057b,0,LargeBus
8435,LargeBus65434,N2_LRP057a,0,LargeBus
8436,MediumTruck65441,N1_LRP412a,0,MediumTruck
8437,MediumTruck65441,N1_LRP411b,0,MediumTruck
8438,MiniBus65442,N2_LRP057a,0,MiniBus
8439,MiniBus65442,N2_LRP057b,0,MiniBus
8440,MediumTruck65445,N102_LRP029d,0,MediumTruck
8441,MediumTruck65457,N1_LRP417b,0,MediumTruck
8442,MediumTruck65457,N1_LRP416e,0,MediumTruck
8443,MediumTruck65457,N1_LRP416d,0,MediumTruck
8444,SmallTruck65459,N2_LRP239a,0,SmallTruck
8445,SmallTruck65459,N2_LRP238c,0,SmallTruck
8446,HeavyTruck65460,N1_LRP034a,0,HeavyTruck
8447,MediumTruck65461,N102_LRP034b,0,MediumTruck
8448,MediumTruck65465,N2_LRP024b,0,MediumTruck
8449,MiniBus65471,N208_LRP004c,0,MiniBus
8450,MediumTruck65473,N1_LRP418b,0,MediumTruck
8451,MediumTruck65474,N2_LRP043d,0,MediumTruck
8452,MediumTruck65474,N2_LRP044a,0,MediumTruck
8453,SmallTruck65475,N2_LRP243a,0,SmallTruck
8454,SmallTruck65477,N102_LRP038b,0,SmallTruck
8455,SmallTruck65477,N102_LRP037d,0,SmallTruck
8456,MediumTruck65478,N104_LRP044d,0,MediumTruck
8457,SmallTruck65483,N2_LRP127b,0,SmallTruck
8458,SmallTruck65485,N2_LRP152c,0,SmallTruck
8459,SmallTruck65485,N2_LRP152b,0,SmallTruck
8460,SmallTruck65485,N2_LRP152a,0,SmallTruck
8461,SmallTruck65485,N2_LRP151b,0,SmallTruck
8462,MediumTruck65489,N1_LRP423d,0,MediumTruck
8463,MediumTruck65489,N1_LRP423c,0,MediumTruck
8464,MediumTruck65489,N1_LRP423b,0.7515343535968589,MediumTruck
8465,SmallTruck65490,N2_LRP040b,0,SmallTruck
8466,MediumTruck65496,N105_LRP041c,0,MediumTruck
8467,MediumTruck65497,N2_LRP016a,0,MediumTruck
8468,MiniBus65515,N2_LRP122b,0,MiniBus
8469,SmallTruck65517,N2_LRP160a,0,SmallTruck
8470,SmallTruck65517,N2_LRP159d,0,SmallTruck
8471,MediumTruck65521,N1_LRP429c,0,MediumTruck
8472,MediumTruck65521,N1_LRP429b,0,MediumTruck
8473,MediumTruck65521,N1_LRP429a,0,MediumTruck
8474,SmallTruck65527,N104_LRP017b,0,SmallTruck
8475,SmallTruck65532,N2_LRP117b,0,SmallTruck
8476,SmallTruck65532,N2_LRP117a,0.08881930891198396,SmallTruck
8477,MediumTruck65533,N2_LRP163d,0,MediumTruck
8478,MediumTruck65533,N2_LRP163c,0,MediumTruck
8479,MediumTruck65533,N2_LRP163b,0,MediumTruck
8480,MediumTruck65533,N2_LRP163a,0,MediumTruck
8481,MediumTruck65537,N1_LRP432a,0,MediumTruck
8482,MediumTruck65545,N105_LRP020c,0,MediumTruck
8483,SmallTruck65548,N2_LRP121a,0,SmallTruck
8484,SmallTruck65553,N1_LRP435c,0,SmallTruck
8485,MediumTruck65554,N1_LRP033a,0,MediumTruck
8486,MediumTruck65554,N1_LRP033b,0,MediumTruck
8487,MediumTruck65561,N105_LRP024c,0,MediumTruck
8488,MediumTruck65566,N208_LRP024d,0,MediumTruck
8489,MediumTruck65568,N1_LRP020a,0,MediumTruck
8490,MediumTruck65569,N1_LRP439a,0,MediumTruck
8491,SmallTruck65573,N102_LRP062c,0,SmallTruck
8492,SmallTruck65573,N102_LRP062b,0,SmallTruck
8493,MediumTruck65578,N2_LRP098b,0.039291236715725666,MediumTruck
8494,LargeBus65581,N2_LRP172d,0,LargeBus
8495,LargeBus65581,N2_LRP172c,0,LargeBus
8496,MiniBus65585,N1_LRP441a,0,MiniBus
8497,MediumTruck65586,N2_LRP016a,0,MediumTruck
8498,SmallTruck65596,N2_LRP132c,0,SmallTruck
8499,MediumTruck65601,N1_LRP447c,0,MediumTruck
8500,MediumTruck65602,N2_LRP012c,0,MediumTruck
8501,MiniBus65603,N2_LRP274e,0,MiniBus
8502,SmallTruck65610,N2_LRP128b,0,SmallTruck
8503,SmallTruck65610,N2_LRP129a,0,SmallTruck
8504,MediumTruck65612,N2_LRP158a,0,MediumTruck
8505,MediumTruck65615,N208_LRP046b,0,MediumTruck
8506,LargeBus65617,N1_LRP450c,0,LargeBus
8507,MediumTruck65633,N1_LRP455a,0,MediumTruck
8508,SmallTruck65634,N1_LRP012a,0,SmallTruck
8509,SmallTruck65634,N1_LRP012b,0,SmallTruck
8510,MediumTruck65635,N2_LRP284b,0,MediumTruck
8511,MediumTruck65640,N105_LRP003a,0,MediumTruck
8512,MediumTruck65642,N2_LRP121a,0,MediumTruck
8513,SmallTruck65281,N1_LRP374e,0,SmallTruck
8514,MediumTruck65282,N2_LRP092a,0,MediumTruck
8515,MediumTruck65282,N2_LRP092b,0,MediumTruck
8516,LargeBus65298,N2_LRP095a,0,LargeBus
8517,LargeBus65308,N2_LRP054a,0,LargeBus
8518,MiniBus65311,N2_LRP140a,0.13325341575201693,MiniBus
8519,MediumTruck65312,N2_LRP076b,0,MediumTruck
8520,MediumTruck65314,N2_LRP084a,0,MediumTruck
8521,MediumTruck65321,N2_LRP060c,0,MediumTruck
8522,MediumTruck65321,N2_LRP061a,0,MediumTruck
8523,SmallTruck65323,N2_LRP070a,0,SmallTruck
8524,SmallTruck65323,N2_LRP069e,0,SmallTruck
8525,SmallTruck65323,N2_LRP069c,0,SmallTruck
8526,LargeBus65328,N2_LRP078a,0,LargeBus
8527,HeavyTruck65332,N102_LRP082a,0,HeavyTruck
8528,MediumTruck65333,N102_LRPSc,0,MediumTruck
8529,MediumTruck65335,N1_LRP112a,0,MediumTruck
8530,MediumTruck65336,N2_LRP079b,2.03726991836464,MediumTruck
8531,MediumTruck65337,N2_LRP057a,0,MediumTruck
8532,MediumTruck65345,N1_LRP389b,0.00877540450726999,MediumTruck
8533,SmallTruck65346,N2_LRP074a,0,SmallTruck
8534,MediumTruck65353,N2_LRP052a,0,MediumTruck
8535,SmallTruck65355,N2_LRP158a,0,SmallTruck
8536,MediumTruck65356,N2_LRP073c,0,MediumTruck
8537,MediumTruck65356,N2_LRP073b,0,MediumTruck
8538,MiniBus65361,N1_LRP389d,0,MiniBus
8539,MediumTruck65367,N1_LRP120b,0,MediumTruck
8540,SmallTruck65372,N2_LRP076b,0,SmallTruck
8541,SmallTruck65373,N2_LRP125a,0,SmallTruck
8542,SmallTruck65373,N2_LRP124c,0,SmallTruck
8543,LargeBus65376,N1_LRP077a,0,LargeBus
8544,MediumTruck65380,N1_LRP012b,0,MediumTruck
8545,MediumTruck65380,N1_LRP012a,0,MediumTruck
8546,MediumTruck65389,N2_LRP258a,0,MediumTruck
8547,MiniBus65390,N2_LRP211c,0,MiniBus
8548,MiniBus65390,N2_LRP211b,0,MiniBus
8549,LargeBus65395,N2_LRP216b,0,LargeBus
8550,MediumTruck65397,N102_LRP017a,0,MediumTruck
8551,MediumTruck65402,N2_LRP054b,0,MediumTruck
8552,MediumTruck65402,N2_LRP054a,0,MediumTruck
8553,MediumTruck65403,N2_LRP087a,0,MediumTruck
8554,MiniBus65405,N2_LRP129a,0,MiniBus
8555,MiniBus65405,N2_LRP128b,0,MiniBus
8556,LargeBus65407,N2_LRP163d,0,LargeBus
8557,LargeBus65407,N2_LRP163c,0,LargeBus
8558,LargeBus65407,N2_LRP163b,0,LargeBus
8559,MediumTruck65410,N2_LRP060c,0,MediumTruck
8560,MediumTruck65410,N2_LRP061a,0,MediumTruck
8561,MiniBus65418,N2_LRP052a,0,MiniBus
8562,LargeBus65419,N2_LRP084a,0,LargeBus
8563,MediumTruck65421,N2_LRP138b,0,MediumTruck
8564,LargeBus65422,N2_LRP221b,0,LargeBus
8565,MediumTruck65425,N1_LRP408a,0,MediumTruck
8566,SmallTruck65427,N2_LRP230c,0,SmallTruck
8567,SmallTruck65430,N1_LRP198a,0,SmallTruck
8568,LargeBus65434,N2_LRP056a,0,LargeBus
8569,LargeBus65434,N2_LRP055b,0,LargeBus
8570,MediumTruck65436,N2_LRP093a,0,MediumTruck
8571,LargeBus65437,N2_LRP139b,0,LargeBus
8572,LargeBus65437,N2_LRP139a,0,LargeBus
8573,MediumTruck65441,N1_LRP411a,0,MediumTruck
8574,MediumTruck65446,N1_LRP094a,0,MediumTruck
8575,MediumTruck65457,N1_LRP415c,0.003531370113518005,MediumTruck
8576,HeavyTruck65460,N1_LRP033b,0,HeavyTruck
8577,HeavyTruck65460,N1_LRP033a,0,HeavyTruck
8578,MediumTruck65461,N102_LRP033c,0,MediumTruck
8579,MediumTruck65465,N2_LRP025a,0,MediumTruck
8580,MediumTruck65465,N2_LRP025b,0,MediumTruck
8581,MediumTruck65474,N2_LRP044c,0,MediumTruck
8582,SmallTruck65475,N2_LRP242a,0,SmallTruck
8583,MediumTruck65476,N102_LRP045a,0,MediumTruck
8584,SmallTruck65477,N102_LRP037c,0,SmallTruck
8585,MediumTruck65481,N105_LRP003a,0,MediumTruck
8586,SmallTruck65483,N2_LRP127c,0,SmallTruck
8587,SmallTruck65483,N2_LRP128a,0,SmallTruck
8588,SmallTruck65485,N2_LRP151a,0,SmallTruck
8589,SmallTruck65490,N2_LRP041b,0,SmallTruck
8590,SmallTruck65490,N2_LRP042a,0,SmallTruck
8591,HeavyTruck65491,N2_LRP246c,0,HeavyTruck
8592,MediumTruck65492,N1_LRP123a,0,MediumTruck
8593,MiniBus65494,N104_LRP044d,0,MiniBus
8594,MiniBus65500,N2_LRP104a,0,MiniBus
8595,LargeBus65505,N1_LRP423d,0,LargeBus
8596,LargeBus65505,N1_LRP423c,0,LargeBus
8597,LargeBus65505,N1_LRP423b,0.2314171799258591,LargeBus
8598,LargeBus65507,N2_LRP246c,0,LargeBus
8599,SmallTruck65508,N102_LRP036b,0,SmallTruck
8600,SmallTruck65508,N102_LRP036d,0,SmallTruck
8601,SmallTruck65510,N1_LRP111a,0,SmallTruck
8602,MiniBus65515,N2_LRP123c,0,MiniBus
8603,MiniBus65515,N2_LRP123d,0,MiniBus
8604,MiniBus65515,N2_LRP123e,0,MiniBus
8605,SmallTruck65517,N2_LRP159c,0,SmallTruck
8606,SmallTruck65517,N2_LRP159b,0,SmallTruck
8607,MediumTruck65521,N1_LRP428d,0,MediumTruck
8608,MediumTruck65521,N1_LRP428c,0,MediumTruck
8609,MediumTruck65521,N1_LRP428b,0,MediumTruck
8610,MediumTruck65521,N1_LRP428a,0,MediumTruck
8611,MediumTruck65533,N2_LRP162e,0,MediumTruck
8612,MediumTruck65533,N2_LRP162d,0,MediumTruck
8613,MediumTruck65533,N2_LRP162c,0,MediumTruck
8614,MediumTruck65536,N2_LRP021a,0,MediumTruck
8615,MediumTruck65537,N1_LRP431d,0.16971351430953682,MediumTruck
8616,MediumTruck65538,N2_LRP029b,0,MediumTruck
8617,SmallTruck65539,N2_LRP258a,0,SmallTruck
8618,LargeBus65543,N104_LRP017b,0,LargeBus
8619,MiniBus65547,N204_LRP003b,0,MiniBus
8620,SmallTruck65548,N2_LRP120a,0,SmallTruck
8621,SmallTruck65548,N2_LRP119c,0,SmallTruck
8622,MiniBus65550,N208_LRP031d,0,MiniBus
8623,SmallTruck65552,N2_LRP016a,0,SmallTruck
8624,MediumTruck65554,N1_LRP034a,0,MediumTruck
8625,LargeBus65557,N102_LRP055c,0,LargeBus
8626,MediumTruck65560,N105_LRP024c,0,MediumTruck
8627,LargeBus65581,N2_LRP171f,0.11557501489808134,LargeBus
8628,MediumTruck65589,N102_LRP065a,0,MediumTruck
8629,MediumTruck65590,N1_LRP131b,0,MediumTruck
8630,SmallTruck65592,N2_LRP016a,0,SmallTruck
8631,MediumTruck65593,N105_LRP032c,0,MediumTruck
8632,MediumTruck65593,N105_LRP032b,0,MediumTruck
8633,SmallTruck65596,N2_LRP132b,0,SmallTruck
8634,SmallTruck65596,N2_LRP132a,0,SmallTruck
8635,MiniBus65600,N1_LRP014a,0,MiniBus
8636,MediumTruck65601,N1_LRP447b,0,MediumTruck
8637,MediumTruck65601,N1_LRP447a,0,MediumTruck
8638,MediumTruck65601,N1_LRP446d,0,MediumTruck
8639,MediumTruck65601,N1_LRP446b,0,MediumTruck
8640,MediumTruck65602,N2_LRP012f,0,MediumTruck
8641,MediumTruck65606,N1_LRP136a,0,MediumTruck
8642,SmallTruck65610,N2_LRP129b,0,SmallTruck
8643,SmallTruck65610,N2_LRP129c,0,SmallTruck
8644,SmallTruck65610,N2_LRP130a,0,SmallTruck
8645,MediumTruck65612,N2_LRP159b,0,MediumTruck
8646,MediumTruck65612,N2_LRP159c,0,MediumTruck
8647,LargeBus65617,N1_LRP450a,0,LargeBus
8648,MediumTruck65625,N105_LRP041c,0,MediumTruck
8649,LargeBus65632,N1_LRP004b,0,LargeBus
8650,MediumTruck65635,N2_LRP283b,0,MediumTruck
8651,MediumTruck65638,N1_LRP143a,0,MediumTruck
8652,MiniBus65639,N104_LRP044d,0,MiniBus
8653,MediumTruck65642,N2_LRP121c,0,MediumTruck
8654,MiniBus65646,N208_LRP004c,0,MiniBus
8655,MiniBus65647,N2_LRP224b,0,MiniBus
8656,SmallTruck65654,N104_LRPSa,0,SmallTruck
8657,MediumTruck65658,N2_LRP117b,0,MediumTruck
8658,MediumTruck65658,N2_LRP117a,0.07602124131480575,MediumTruck
8659,SmallTruck65663,N2_LRP228b,0,SmallTruck
8660,SmallTruck65281,N1_LRP374c,0,SmallTruck
8661,SmallTruck65281,N1_LRP374a,0,SmallTruck
8662,SmallTruck65281,N1_LRP373b,0,SmallTruck
8663,MediumTruck65282,N2_LRP093a,0,MediumTruck
8664,LargeBus65298,N2_LRP096a,0,LargeBus
8665,LargeBus65298,N2_LRP096c,0,LargeBus
8666,LargeBus65308,N2_LRP053a,0,LargeBus
8667,SmallTruck65316,N2_LRP016a,0,SmallTruck
8668,LargeBus65328,N2_LRP079a,0,LargeBus
8669,SmallTruck65329,N1_LRP384a,0,SmallTruck
8670,SmallTruck65331,N2_LRP207b,0,SmallTruck
8671,MediumTruck65335,N1_LRP111a,0,MediumTruck
8672,MediumTruck65337,N2_LRP057b,0,MediumTruck
8673,MediumTruck65341,N2_LRP117b,0,MediumTruck
8674,MediumTruck65341,N2_LRP117a,0.09827556039709948,MediumTruck
8675,MediumTruck65342,N2_LRP206b,0,MediumTruck
8676,MediumTruck65345,N1_LRP389a,0,MediumTruck
8677,SmallTruck65346,N2_LRP076a,0,SmallTruck
8678,SmallTruck65347,N2_LRP211c,0,SmallTruck
8679,MediumTruck65353,N2_LRP053a,0,MediumTruck
8680,SmallTruck65355,N2_LRP159b,0,SmallTruck
8681,SmallTruck65355,N2_LRP159c,0,SmallTruck
8682,MiniBus65361,N1_LRP389b,0.004175151307054157,MiniBus
8683,MediumTruck65362,N2_LRP073b,0,MediumTruck
8684,MediumTruck65362,N2_LRP073c,0,MediumTruck
8685,SmallTruck65372,N2_LRP076a,0,SmallTruck
8686,SmallTruck65373,N2_LRP123e,0,SmallTruck
8687,SmallTruck65373,N2_LRP123d,0,SmallTruck
8688,MediumTruck65374,N2_LRP214b,0.08622451859151213,MediumTruck
8689,MediumTruck65377,N1_LRP398a,0,MediumTruck
8690,MediumTruck65382,N1_LRP077a,0,MediumTruck
8691,LargeBus65388,N2_LRP216a,0,LargeBus
8692,LargeBus65388,N2_LRP216b,0,LargeBus
8693,MediumTruck65391,N2_LRP165d,0,MediumTruck
8694,MediumTruck65391,N2_LRP165c,0,MediumTruck
8695,MediumTruck65391,N2_LRP164d,0,MediumTruck
8696,MiniBus65393,N1_LRP398a,0,MiniBus
8697,LargeBus65394,N2_LRP072a,0,LargeBus
8698,LargeBus65395,N2_LRP216a,0,LargeBus
8699,MediumTruck65402,N2_LRP053a,0,MediumTruck
8700,MediumTruck65403,N2_LRP086a,0,MediumTruck
8701,MediumTruck65404,N2_LRP084a,0,MediumTruck
8702,MiniBus65405,N2_LRP128a,0,MiniBus
8703,MiniBus65405,N2_LRP127c,0,MiniBus
8704,LargeBus65407,N2_LRP163a,0,LargeBus
8705,LargeBus65407,N2_LRP162e,0,LargeBus
8706,LargeBus65407,N2_LRP162d,0,LargeBus
8707,LargeBus65407,N2_LRP162c,0,LargeBus
8708,LargeBus65408,N1_LRP068a,0,LargeBus
8709,MediumTruck65412,N102_LRP062b,0,MediumTruck
8710,SmallTruck65416,N2_LRP060c,0,SmallTruck
8711,SmallTruck65416,N2_LRP061a,0,SmallTruck
8712,MediumTruck65421,N2_LRP138a,0,MediumTruck
8713,SmallTruck65427,N2_LRP229c,0,SmallTruck
8714,SmallTruck65428,N102_LRP058a,0,SmallTruck
8715,SmallTruck65430,N1_LRP199a,0,SmallTruck
8716,SmallTruck65430,N1_LRP199b,0,SmallTruck
8717,LargeBus65434,N2_LRP054b,0,LargeBus
8718,LargeBus65437,N2_LRP138b,0,LargeBus
8719,LargeBus65437,N2_LRP138a,0,LargeBus
8720,MediumTruck65441,N1_LRP410c,0.0701292087109038,MediumTruck
8721,MiniBus65442,N2_LRP058c,0,MiniBus
8722,MiniBus65442,N2_LRP059a,0,MiniBus
8723,MediumTruck65445,N102_LRP028c,0,MediumTruck
8724,MediumTruck65462,N1_LRP098a,0,MediumTruck
8725,MediumTruck65473,N1_LRP417d,0.038431547300174305,MediumTruck
8726,MediumTruck65474,N2_LRP045b,0,MediumTruck
8727,SmallTruck65475,N2_LRP241c,0,SmallTruck
8728,SmallTruck65477,N102_LRP036d,0,SmallTruck
8729,SmallTruck65477,N102_LRP036b,0,SmallTruck
8730,SmallTruck65483,N2_LRP128b,0,SmallTruck
8731,SmallTruck65483,N2_LRP129a,0,SmallTruck
8732,SmallTruck65486,N208_LRP046b,0,SmallTruck
8733,MediumTruck65489,N1_LRP422b,0,MediumTruck
8734,MediumTruck65489,N1_LRP421f,0,MediumTruck
8735,MediumTruck65496,N105_LRP042b,0,MediumTruck
8736,MiniBus65500,N2_LRP103c,0,MiniBus
8737,HeavyTruck65506,N2_LRP038c,0,HeavyTruck
8738,SmallTruck65508,N102_LRP037c,0,SmallTruck
8739,SmallTruck65508,N102_LRP037d,0,SmallTruck
8740,MiniBus65515,N2_LRP124c,0,MiniBus
8741,SmallTruck65517,N2_LRP158a,0,SmallTruck
8742,MediumTruck65521,N1_LRP427e,0,MediumTruck
8743,MediumTruck65521,N1_LRP427d,0,MediumTruck
8744,MediumTruck65521,N1_LRP427b,0,MediumTruck
8745,MiniBus65524,N102_LRP036b,0,MiniBus
8746,MiniBus65524,N102_LRP036d,0,MiniBus
8747,LargeBus65525,N102_LRP045a,0,LargeBus
8748,MediumTruck65533,N2_LRP162a,0.0052358067070807125,MediumTruck
8749,SmallTruck65534,N208_LRP034c,0,SmallTruck
8750,SmallTruck65534,N208_LRP034d,0,SmallTruck
8751,MediumTruck65536,N2_LRP021b,0,MediumTruck
8752,SmallTruck65548,N2_LRP118g,0,SmallTruck
8753,MediumTruck65555,N2_LRP262a,0,MediumTruck
8754,MediumTruck65555,N2_LRP261b,0,MediumTruck
8755,MiniBus65558,N104_LRP028a,0,MiniBus
8756,MediumTruck65561,N105_LRP023c,0,MediumTruck
8757,MediumTruck65569,N1_LRP438c,0,MediumTruck
8758,MediumTruck65569,N1_LRP438b,0,MediumTruck
8759,MediumTruck65569,N1_LRP438a,0,MediumTruck
8760,SmallTruck65577,N105_LRP027c,0,SmallTruck
8761,MediumTruck65578,N2_LRP097a,0,MediumTruck
8762,LargeBus65581,N2_LRP171e,0,LargeBus
8763,MiniBus65582,N208_LRP024d,0,MiniBus
8764,MiniBus65585,N1_LRP440a,0,MiniBus
8765,MediumTruck65588,N102_LRP017a,0,MediumTruck
8766,MediumTruck65594,N204_LRP020b,0,MediumTruck
8767,MediumTruck65595,N204_LRP020b,0,MediumTruck
8768,LargeBus65604,N102_LRP015a,0,LargeBus
8769,SmallTruck65610,N2_LRP130b,0,SmallTruck
8770,SmallTruck65610,N2_LRP130c,0,SmallTruck
8771,MediumTruck65612,N2_LRP159d,0,MediumTruck
8772,MediumTruck65612,N2_LRP160a,0,MediumTruck
8773,LargeBus65617,N1_LRP449d,0,LargeBus
8774,LargeBus65617,N1_LRP449c,0,LargeBus
8775,MediumTruck65625,N105_LRP040c,0,MediumTruck
8776,MediumTruck65628,N2_LRP140a,0.13294112222855323,MediumTruck
8777,SmallTruck65631,N2_LRP221b,0,SmallTruck
8778,SmallTruck65634,N1_LRP014a,0,SmallTruck
8779,LargeBus65636,N1_LRP077a,0,LargeBus
8780,MediumTruck65642,N2_LRP122b,0,MediumTruck
8781,SmallTruck65653,N102_LRP082a,0,SmallTruck
8782,MiniBus65280,N1_LRP105a,0,MiniBus
8783,SmallTruck65281,N1_LRP373a,0,SmallTruck
8784,MiniBus65295,N2_LRP135b,0,MiniBus
8785,MiniBus65295,N2_LRP135a,0,MiniBus
8786,MediumTruck65297,N1_LRP377f,0,MediumTruck
8787,LargeBus65298,N2_LRP097a,0,LargeBus
8788,LargeBus65299,N2_LRP188a,0,LargeBus
8789,LargeBus65300,N105_LRP030c,0,LargeBus
8790,LargeBus65308,N2_LRP052a,0,LargeBus
8791,MiniBus65311,N2_LRP139b,0,MiniBus
8792,MiniBus65311,N2_LRP139a,0,MiniBus
8793,MediumTruck65312,N2_LRP078a,0,MediumTruck
8794,LargeBus65313,N1_LRP377f,0,LargeBus
8795,LargeBus65313,N1_LRP377d,0,LargeBus
8796,SmallTruck65323,N2_LRP067c,0,SmallTruck
8797,LargeBus65328,N2_LRP079b,2.03726991836464,LargeBus
8798,SmallTruck65329,N1_LRP383b,0,SmallTruck
8799,MediumTruck65334,N1_LRP064c,0,MediumTruck
8800,MediumTruck65345,N1_LRP388a,0,MediumTruck
8801,SmallTruck65346,N2_LRP076b,0,SmallTruck
8802,SmallTruck65347,N2_LRP211b,0,SmallTruck
8803,MediumTruck65353,N2_LRP054a,0,MediumTruck
8804,SmallTruck65355,N2_LRP159d,0,SmallTruck
8805,SmallTruck65355,N2_LRP160a,0,SmallTruck
8806,MediumTruck65356,N2_LRP072a,0,MediumTruck
8807,MiniBus65361,N1_LRP389a,0,MiniBus
8808,MediumTruck65362,N2_LRP073g,0,MediumTruck
8809,LargeBus65363,N2_LRP207b,0,LargeBus
8810,MediumTruck65367,N1_LRP119a,0,MediumTruck
8811,MediumTruck65367,N1_LRP118d,0,MediumTruck
8812,SmallTruck65373,N2_LRP123c,0,SmallTruck
8813,MediumTruck65384,N2_LRP069c,0,MediumTruck
8814,MediumTruck65384,N2_LRP069e,0,MediumTruck
8815,MediumTruck65384,N2_LRP070a,0,MediumTruck
8816,MediumTruck65391,N2_LRP164b,0,MediumTruck
8817,MediumTruck65391,N2_LRP164a,0,MediumTruck
8818,LargeBus65395,N2_LRP214b,0.5152535536785959,LargeBus
8819,MediumTruck65397,N102_LRP015a,0,MediumTruck
8820,MediumTruck65401,N1_LRP030a,0,MediumTruck
8821,MediumTruck65402,N2_LRP052a,0,MediumTruck
8822,MiniBus65405,N2_LRP127b,0,MiniBus
8823,MiniBus65405,N2_LRP126d,0,MiniBus
8824,MiniBus65405,N2_LRP126c,0,MiniBus
8825,MiniBus65405,N2_LRP126b,0,MiniBus
8826,LargeBus65407,N2_LRP162a,0.7801557065197187,LargeBus
8827,MediumTruck65409,N1_LRP403a,0,MediumTruck
8828,MediumTruck65412,N102_LRP062c,0,MediumTruck
8829,MediumTruck65413,N102_LRP019b,0,MediumTruck
8830,MediumTruck65413,N102_LRP019a,0,MediumTruck
8831,LargeBus65422,N2_LRP219a,0,LargeBus
8832,SmallTruck65427,N2_LRP229a,0.19026945551414107,SmallTruck
8833,SmallTruck65430,N1_LRP199c,0,SmallTruck
8834,LargeBus65434,N2_LRP054a,0,LargeBus
8835,MediumTruck65436,N2_LRP092b,0,MediumTruck
8836,MediumTruck65436,N2_LRP092a,0,MediumTruck
8837,MediumTruck65436,N2_LRP091b,0,MediumTruck
8838,MediumTruck65441,N1_LRP410b,0,MediumTruck
8839,HeavyTruck65444,N1_LRP027a,0,HeavyTruck
8840,HeavyTruck65444,N1_LRP026b,0,HeavyTruck
8841,MediumTruck65454,N208_LRP055a,0,MediumTruck
8842,MediumTruck65456,N1_LRP051a,0,MediumTruck
8843,MediumTruck65457,N1_LRP414a,0,MediumTruck
8844,SmallTruck65459,N2_LRP236c,0,SmallTruck
8845,MiniBus65470,N208_LRP055a,0,MiniBus
8846,SmallTruck65483,N2_LRP129b,0,SmallTruck
8847,SmallTruck65483,N2_LRP129c,0,SmallTruck
8848,SmallTruck65483,N2_LRP130a,0,SmallTruck
8849,MediumTruck65489,N1_LRP421d,0,MediumTruck
8850,SmallTruck65490,N2_LRP043a,0.20106007911771648,SmallTruck
8851,MediumTruck65497,N2_LRP018a,0,MediumTruck
8852,MiniBus65500,N2_LRP102a,0,MiniBus
8853,MiniBus65502,N208_LRP046b,0,MiniBus
8854,LargeBus65505,N1_LRP422b,0,LargeBus
8855,LargeBus65505,N1_LRP421f,0,LargeBus
8856,HeavyTruck65506,N2_LRP039a,0,HeavyTruck
8857,SmallTruck65508,N102_LRP038b,0,SmallTruck
8858,SmallTruck65508,N102_LRP038d,0,SmallTruck
8859,MediumTruck65512,N105_LRP039b,0,MediumTruck
8860,MiniBus65515,N2_LRP125a,0,MiniBus
8861,MiniBus65515,N2_LRP125b,0,MiniBus
8862,MiniBus65515,N2_LRP125c,0,MiniBus
8863,SmallTruck65517,N2_LRP157b,0,SmallTruck
8864,MediumTruck65521,N1_LRP426e,0,MediumTruck
8865,MediumTruck65521,N1_LRP426d,0,MediumTruck
8866,MiniBus65524,N102_LRP037c,0,MiniBus
8867,MiniBus65524,N102_LRP037d,0,MiniBus
8868,MediumTruck65533,N2_LRP161c,0,MediumTruck
8869,MediumTruck65533,N2_LRP161b,0,MediumTruck
8870,MediumTruck65537,N1_LRP431b,0,MediumTruck
8871,MediumTruck65537,N1_LRP431a,0,MediumTruck
8872,MediumTruck65537,N1_LRP430c,0,MediumTruck
8873,MediumTruck65544,N105_LRP030c,0,MediumTruck
8874,SmallTruck65548,N2_LRP118e,0,SmallTruck
8875,SmallTruck65548,N2_LRP118b,0,SmallTruck
8876,SmallTruck65548,N2_LRP118a,0,SmallTruck
8877,MediumTruck65551,N2_LRP200c,0,MediumTruck
8878,SmallTruck65552,N2_LRP018a,0,SmallTruck
8879,SmallTruck65553,N1_LRP433c,0,SmallTruck
8880,SmallTruck65553,N1_LRP433b,0.17278739092196388,SmallTruck
8881,MediumTruck65554,N1_LRP035a,0,MediumTruck
8882,MediumTruck65555,N2_LRP261a,0,MediumTruck
8883,MediumTruck65561,N105_LRP022c,0,MediumTruck
8884,MediumTruck65566,N208_LRP027b,0,MediumTruck
8885,MediumTruck65566,N208_LRP027d,0,MediumTruck
8886,MediumTruck65568,N1_LRP023a,0,MediumTruck
8887,MediumTruck65569,N1_LRP437b,0,MediumTruck
8888,MediumTruck65569,N1_LRP437a,0,MediumTruck
8889,LargeBus65570,N2_LRP024b,0,LargeBus
8890,LargeBus65570,N2_LRP025a,0,LargeBus
8891,SmallTruck65572,N102_LRP022a,0,SmallTruck
8892,LargeBus65574,N1_LRP123a,0,LargeBus
8893,MediumTruck65578,N2_LRP096c,0,MediumTruck
8894,LargeBus65581,N2_LRP171d,0,LargeBus
8895,LargeBus65581,N2_LRP170j,0,LargeBus
8896,LargeBus65581,N2_LRP170i,0,LargeBus
8897,LargeBus65581,N2_LRP170h,0,LargeBus
8898,LargeBus65581,N2_LRP170g,0,LargeBus
8899,LargeBus65581,N2_LRP170f,0.002887086043368329,LargeBus
8900,MiniBus65585,N1_LRP439a,0,MiniBus
8901,MediumTruck65586,N2_LRP018a,0,MediumTruck
8902,MediumTruck65593,N105_LRP030c,0,MediumTruck
8903,SmallTruck65596,N2_LRP130c,0,SmallTruck
8904,SmallTruck65596,N2_LRP130b,0,SmallTruck
8905,MediumTruck65601,N1_LRP445d,0,MediumTruck
8906,MediumTruck65601,N1_LRP445b,0,MediumTruck
8907,MediumTruck65606,N1_LRP134a,0,MediumTruck
8908,MediumTruck65609,N105_LRP035d,0,MediumTruck
8909,MediumTruck65612,N2_LRP161a,0,MediumTruck
8910,LargeBus65617,N1_LRP448a,0,LargeBus
8911,LargeBus65618,N2_LRP012c,0,LargeBus
8912,MediumTruck65622,N104_LRP010a,0,MediumTruck
8913,MediumTruck65625,N105_LRP039b,0,MediumTruck
8914,MediumTruck65633,N1_LRP452e,0,MediumTruck
8915,MediumTruck65633,N1_LRP452d,0,MediumTruck
8916,MediumTruck65638,N1_LRP142a,0,MediumTruck
8917,MediumTruck65640,N105_LRP005c,0,MediumTruck
8918,MediumTruck65640,N105_LRP006a,0,MediumTruck
8919,MediumTruck65642,N2_LRP123c,0,MediumTruck
8920,MediumTruck65648,N1_LRP001a,0,MediumTruck
8921,LargeBus65649,N1_LRP456c,0,LargeBus
8922,LargeBus65651,N2_LRP285c,0,LargeBus
8923,LargeBus65651,N2_LRP285a,0,LargeBus
8924,SmallTruck65663,N2_LRP226d,0,SmallTruck
8925,SmallTruck65663,N2_LRP226c,0,SmallTruck
8926,SmallTruck65281,N1_LRP372c,0,SmallTruck
8927,SmallTruck65281,N1_LRP372a,0,SmallTruck
8928,MediumTruck65285,N1_LRP068a,0,MediumTruck
8929,MiniBus65295,N2_LRP134c,0,MiniBus
8930,MediumTruck65297,N1_LRP377d,0,MediumTruck
8931,MediumTruck65297,N1_LRP377c,0,MediumTruck
8932,MediumTruck65297,N1_LRP377a,0,MediumTruck
8933,LargeBus65298,N2_LRP098b,0.24801396624947167,LargeBus
8934,LargeBus65299,N2_LRP187b,0,LargeBus
8935,LargeBus65300,N105_LRP032b,0,LargeBus
8936,MiniBus65311,N2_LRP138b,0,MiniBus
8937,MiniBus65311,N2_LRP138a,0,MiniBus
8938,MediumTruck65312,N2_LRP079a,0,MediumTruck
8939,LargeBus65313,N1_LRP377c,0,LargeBus
8940,LargeBus65313,N1_LRP377a,0,LargeBus
8941,MediumTruck65314,N2_LRP086a,0,MediumTruck
8942,SmallTruck65329,N1_LRP383a,0,SmallTruck
8943,SmallTruck65329,N1_LRP382b,0,SmallTruck
8944,MediumTruck65336,N2_LRP079d,0,MediumTruck
8945,MediumTruck65337,N2_LRP058c,0,MediumTruck
8946,MediumTruck65337,N2_LRP059a,0,MediumTruck
8947,MediumTruck65345,N1_LRP387f,0,MediumTruck
8948,MediumTruck65345,N1_LRP387e,0,MediumTruck
8949,MediumTruck65349,N102_LRP002c,0,MediumTruck
8950,MediumTruck65349,N102_LRP002b,0,MediumTruck
8951,MediumTruck65349,N102_LRP002a,0,MediumTruck
8952,HeavyTruck65352,N102_LRP009a,0,HeavyTruck
8953,MediumTruck65353,N2_LRP054b,0,MediumTruck
8954,SmallTruck65355,N2_LRP161a,0,SmallTruck
8955,MediumTruck65358,N2_LRP207b,0,MediumTruck
8956,MiniBus65361,N1_LRP388a,0,MiniBus
8957,MiniBus65361,N1_LRP387f,0,MiniBus
8958,MediumTruck65362,N2_LRP074a,0,MediumTruck
8959,LargeBus65363,N2_LRP206b,0,LargeBus
8960,LargeBus65366,N1_LRP064c,0,LargeBus
8961,SmallTruck65372,N2_LRP074a,0,SmallTruck
8962,SmallTruck65373,N2_LRP122b,0,SmallTruck
8963,MediumTruck65384,N2_LRP070c,0,MediumTruck
8964,MediumTruck65387,N2_LRP081b,0,MediumTruck
8965,MediumTruck65387,N2_LRP081a,0,MediumTruck
8966,MediumTruck65389,N2_LRP261a,0,MediumTruck
8967,MediumTruck65389,N2_LRP261b,0,MediumTruck
8968,MediumTruck65391,N2_LRP163d,0,MediumTruck
8969,MediumTruck65391,N2_LRP163c,0,MediumTruck
8970,MediumTruck65391,N2_LRP163b,0,MediumTruck
8971,MediumTruck65391,N2_LRP163a,0,MediumTruck
8972,MediumTruck65392,N1_LRP068a,0,MediumTruck
8973,LargeBus65394,N2_LRP073b,0,LargeBus
8974,LargeBus65394,N2_LRP073c,0,LargeBus
8975,MiniBus65405,N2_LRP126a,0,MiniBus
8976,MiniBus65405,N2_LRP125d,0,MiniBus
8977,LargeBus65407,N2_LRP161c,0,LargeBus
8978,LargeBus65407,N2_LRP161b,0,LargeBus
8979,MediumTruck65409,N1_LRP402b,0,MediumTruck
8980,LargeBus65411,N2_LRP221b,0,LargeBus
8981,MiniBus65418,N2_LRP050a,0,MiniBus
8982,MediumTruck65421,N2_LRP135b,0,MediumTruck
8983,MediumTruck65426,N1_LRP068a,0,MediumTruck
8984,SmallTruck65427,N2_LRP228b,0,SmallTruck
8985,MediumTruck65429,N102_LRP022a,0,MediumTruck
8986,SmallTruck65430,N1_LRP201a,0,SmallTruck
8987,LargeBus65434,N2_LRP053a,0,LargeBus
8988,MediumTruck65441,N1_LRP410a,0,MediumTruck
8989,MiniBus65442,N2_LRP060c,0,MiniBus
8990,MiniBus65442,N2_LRP061a,0,MiniBus
8991,SmallTruck65443,N2_LRP231d,0,SmallTruck
8992,SmallTruck65443,N2_LRP231c,0,SmallTruck
8993,HeavyTruck65444,N1_LRP026a,0,HeavyTruck
8994,SmallTruck65459,N2_LRP236a,0,SmallTruck
8995,SmallTruck65459,N2_LRP235a,0,SmallTruck
8996,HeavyTruck65460,N1_LRP030a,0,HeavyTruck
8997,MediumTruck65473,N1_LRP417b,0,MediumTruck
8998,MediumTruck65473,N1_LRP416e,0,MediumTruck
8999,MediumTruck65473,N1_LRP416d,0,MediumTruck
9000,MediumTruck65474,N2_LRP046c,0,MediumTruck
9001,MediumTruck65474,N2_LRP047a,0,MediumTruck
9002,MediumTruck65474,N2_LRP047c,0,MediumTruck
9003,SmallTruck65475,N2_LRP240a,0,SmallTruck
9004,SmallTruck65483,N2_LRP130b,0,SmallTruck
9005,SmallTruck65483,N2_LRP130c,0,SmallTruck
9006,MediumTruck65489,N1_LRP420e,0,MediumTruck
9007,MediumTruck65489,N1_LRP420d,0,MediumTruck
9008,HeavyTruck65491,N2_LRP243b,0,HeavyTruck
9009,MediumTruck65493,N102_LRP038d,0,MediumTruck
9010,LargeBus65495,N1_LRP145a,0,LargeBus
9011,LargeBus65505,N1_LRP421d,0,LargeBus
9012,HeavyTruck65506,N2_LRP039c,0,HeavyTruck
9013,HeavyTruck65506,N2_LRP040a,0,HeavyTruck
9014,LargeBus65507,N2_LRP243b,0,LargeBus
9015,LargeBus65509,N102_LRP038d,0,LargeBus
9016,SmallTruck65510,N1_LRP109a,0,SmallTruck
9017,SmallTruck65511,N104_LRP010a,0,SmallTruck
9018,MediumTruck65512,N105_LRP040c,0,MediumTruck
9019,MiniBus65515,N2_LRP125d,0,MiniBus
9020,MiniBus65515,N2_LRP126a,0,MiniBus
9021,MiniBus65515,N2_LRP126b,0,MiniBus
9022,MiniBus65515,N2_LRP126c,0,MiniBus
9023,SmallTruck65517,N2_LRP157a,0,SmallTruck
9024,MediumTruck65521,N1_LRP426c,0,MediumTruck
9025,MediumTruck65521,N1_LRP426b,0,MediumTruck
9026,MediumTruck65521,N1_LRP426a,0,MediumTruck
9027,MediumTruck65521,N1_LRP425e,0,MediumTruck
9028,SmallTruck65522,N2_LRP035b,0,SmallTruck
9029,MiniBus65524,N102_LRP038b,0,MiniBus
9030,MiniBus65524,N102_LRP038d,0,MiniBus
9031,MediumTruck65533,N2_LRP161a,0,MediumTruck
9032,MediumTruck65537,N1_LRP430b,0,MediumTruck
9033,MediumTruck65537,N1_LRP430a,0,MediumTruck
9034,MediumTruck65537,N1_LRP429f,0,MediumTruck
9035,SmallTruck65540,N1_LRP051a,0,SmallTruck
9036,MediumTruck65545,N105_LRP017c,0,MediumTruck
9037,MiniBus65550,N208_LRP034c,0,MiniBus
9038,MiniBus65550,N208_LRP034d,0,MiniBus
9039,MediumTruck65551,N2_LRP199d,0,MediumTruck
9040,SmallTruck65553,N1_LRP432b,0,SmallTruck
9041,MediumTruck65554,N1_LRP036c,0,MediumTruck
9042,MediumTruck65560,N105_LRP027c,0,MediumTruck
9043,MediumTruck65561,N105_LRP021d,0,MediumTruck
9044,MediumTruck65566,N208_LRP027f,0,MediumTruck
9045,MediumTruck65569,N1_LRP436a,0,MediumTruck
9046,LargeBus65570,N2_LRP025b,0,LargeBus
9047,MediumTruck65571,N2_LRP264a,0,MediumTruck
9048,LargeBus65574,N1_LRP122a,0,LargeBus
9049,MediumTruck65578,N2_LRP096a,0,MediumTruck
9050,MediumTruck65578,N2_LRP095a,0,MediumTruck
9051,LargeBus65581,N2_LRP170e,0,LargeBus
9052,LargeBus65581,N2_LRP170c,0,LargeBus
9053,MiniBus65585,N1_LRP438c,0,MiniBus
9054,MiniBus65585,N1_LRP438b,0,MiniBus
9055,MediumTruck65588,N102_LRP019a,0,MediumTruck
9056,MediumTruck65588,N102_LRP019b,0,MediumTruck
9057,SmallTruck65592,N2_LRP018a,0,SmallTruck
9058,SmallTruck65596,N2_LRP130a,0,SmallTruck
9059,SmallTruck65596,N2_LRP129c,0,SmallTruck
9060,MiniBus65599,N2_LRP211c,0,MiniBus
9061,MiniBus65599,N2_LRP211b,0,MiniBus
9062,MediumTruck65601,N1_LRP444e,0,MediumTruck
9063,MediumTruck65601,N1_LRP444d,0,MediumTruck
9064,MediumTruck65601,N1_LRP444c,0,MediumTruck
9065,MediumTruck65601,N1_LRP444b,0,MediumTruck
9066,MediumTruck65601,N1_LRP444a,0,MediumTruck
9067,SmallTruck65610,N2_LRP132a,0,SmallTruck
9068,SmallTruck65610,N2_LRP132b,0,SmallTruck
9069,MediumTruck65612,N2_LRP161b,0,MediumTruck
9070,MediumTruck65612,N2_LRP161c,0,MediumTruck
9071,MediumTruck65612,N2_LRP162a,0.34483502840885283,MediumTruck
9072,LargeBus65617,N1_LRP447c,0,LargeBus
9073,LargeBus65617,N1_LRP447b,0,LargeBus
9074,LargeBus65617,N1_LRP447a,0,LargeBus
9075,LargeBus65618,N2_LRP012f,0,LargeBus
9076,MediumTruck65628,N2_LRP139b,0,MediumTruck
9077,MediumTruck65628,N2_LRP139a,0,MediumTruck
9078,SmallTruck65631,N2_LRP219a,0,SmallTruck
9079,MediumTruck65633,N1_LRP452c,0,MediumTruck
9080,MediumTruck65633,N1_LRP452a,0,MediumTruck
9081,MediumTruck65633,N1_LRP451e,0,MediumTruck
9082,MediumTruck65641,N105_LRP042b,0,MediumTruck
9083,MediumTruck65642,N2_LRP123d,0,MediumTruck
9084,MediumTruck65642,N2_LRP123e,0,MediumTruck
9085,LargeBus65649,N1_LRP456a,0,LargeBus
9086,LargeBus65651,N2_LRP284c,0,LargeBus
9087,LargeBus65651,N2_LRP284b,0,LargeBus
9088,SmallTruck65654,N1_LRP145a,0,SmallTruck
9089,SmallTruck65663,N2_LRP225c,0.01547080706944379,SmallTruck
9090,MiniBus65280,N1_LRP107a,0,MiniBus
9091,SmallTruck65281,N1_LRP371c,0,SmallTruck
9092,SmallTruck65281,N1_LRP371a,0,SmallTruck
9093,MediumTruck65282,N2_LRP095a,0,MediumTruck
9094,MiniBus65295,N2_LRP134b,0,MiniBus
9095,MiniBus65295,N2_LRP133a,0,MiniBus
9096,MediumTruck65297,N1_LRP376a,0,MediumTruck
9097,LargeBus65299,N2_LRP186d,0,LargeBus
9098,LargeBus65300,N105_LRP032c,0,LargeBus
9099,SmallTruck65304,N1_LRP105a,0,SmallTruck
9100,LargeBus65308,N2_LRP050a,0,LargeBus
9101,MediumTruck65312,N2_LRP079b,1.1823979886338454,MediumTruck
9102,LargeBus65313,N1_LRP376a,0,LargeBus
9103,LargeBus65313,N1_LRP375c,0,LargeBus
9104,MediumTruck65314,N2_LRP087a,0,MediumTruck
9105,SmallTruck65316,N2_LRP018a,0,SmallTruck
9106,MediumTruck65321,N2_LRP064a,0,MediumTruck
9107,SmallTruck65323,N2_LRP066a,0,SmallTruck
9108,MediumTruck65326,N2_LRP200c,0,MediumTruck
9109,SmallTruck65329,N1_LRP382a,0,SmallTruck
9110,SmallTruck65329,N1_LRP381c,0,SmallTruck
9111,SmallTruck65329,N1_LRP381b,0,SmallTruck
9112,SmallTruck65331,N2_LRP206b,0,SmallTruck
9113,MediumTruck65335,N1_LRP109a,0,MediumTruck
9114,MediumTruck65336,N2_LRP081a,0,MediumTruck
9115,MediumTruck65345,N1_LRP387b,0,MediumTruck
9116,MediumTruck65345,N1_LRP387a,0,MediumTruck
9117,MediumTruck65345,N1_LRP386f,0,MediumTruck
9118,MediumTruck65345,N1_LRP386e,0,MediumTruck
9119,SmallTruck65346,N2_LRP078a,0,SmallTruck
9120,MediumTruck65353,N2_LRP055b,0,MediumTruck
9121,MediumTruck65353,N2_LRP056a,0,MediumTruck
9122,SmallTruck65355,N2_LRP161b,0,SmallTruck
9123,SmallTruck65355,N2_LRP161c,0,SmallTruck
9124,SmallTruck65355,N2_LRP162a,0.946071972915124,SmallTruck
9125,MediumTruck65356,N2_LRP070c,0,MediumTruck
9126,MediumTruck65360,N1_LRP077a,0,MediumTruck
9127,MiniBus65361,N1_LRP387e,0,MiniBus
9128,MiniBus65361,N1_LRP387b,0,MiniBus
9129,MiniBus65361,N1_LRP387a,0,MiniBus
9130,MediumTruck65362,N2_LRP076a,0,MediumTruck
9131,SmallTruck65372,N2_LRP073g,0,SmallTruck
9132,SmallTruck65373,N2_LRP121c,0,SmallTruck
9133,SmallTruck65381,N102_LRP009a,0,SmallTruck
9134,MediumTruck65387,N2_LRP079d,0,MediumTruck
9135,MediumTruck65387,N2_LRP079b,2.0508051041147835,MediumTruck
9136,MediumTruck65389,N2_LRP262a,0,MediumTruck
9137,MediumTruck65391,N2_LRP162e,0,MediumTruck
9138,MediumTruck65391,N2_LRP162d,0,MediumTruck
9139,MediumTruck65391,N2_LRP162c,0,MediumTruck
9140,LargeBus65394,N2_LRP073g,0,LargeBus
9141,MediumTruck65403,N2_LRP084a,0,MediumTruck
9142,MiniBus65405,N2_LRP125c,0,MiniBus
9143,MiniBus65405,N2_LRP125b,0,MiniBus
9144,MiniBus65405,N2_LRP125a,0,MiniBus
9145,LargeBus65407,N2_LRP161a,0,LargeBus
9146,MediumTruck65410,N2_LRP064a,0,MediumTruck
9147,LargeBus65419,N2_LRP081b,0,LargeBus
9148,LargeBus65419,N2_LRP081a,0,LargeBus
9149,MediumTruck65421,N2_LRP135a,0,MediumTruck
9150,SmallTruck65430,N1_LRP201b,0,SmallTruck
9151,LargeBus65434,N2_LRP052a,0,LargeBus
9152,MediumTruck65436,N2_LRP090a,0,MediumTruck
9153,LargeBus65437,N2_LRP135b,0,LargeBus
9154,LargeBus65437,N2_LRP135a,0,LargeBus
9155,SmallTruck65443,N2_LRP230e,0,SmallTruck
9156,SmallTruck65449,N1_LRP020a,0,SmallTruck
9157,MediumTruck65457,N1_LRP412d,0,MediumTruck
9158,MediumTruck65457,N1_LRP412b,0,MediumTruck
9159,MediumTruck65461,N102_LRP029d,0,MediumTruck
9160,MiniBus65470,N2_LRP228b,0,MiniBus
9161,MediumTruck65473,N1_LRP415c,2.8746201091255976,MediumTruck
9162,MediumTruck65474,N2_LRP048a,0,MediumTruck
9163,SmallTruck65475,N2_LRP239a,0,SmallTruck
9164,SmallTruck65475,N2_LRP238c,0,SmallTruck
9165,SmallTruck65477,N102_LRP034b,0,SmallTruck
9166,SmallTruck65485,N2_LRP148b,0,SmallTruck
9167,MediumTruck65489,N1_LRP420c,0,MediumTruck
9168,MediumTruck65489,N1_LRP420a,0,MediumTruck
9169,SmallTruck65490,N2_LRP043d,0,SmallTruck
9170,SmallTruck65490,N2_LRP044a,0,SmallTruck
9171,HeavyTruck65491,N2_LRP243a,0,HeavyTruck
9172,MediumTruck65492,N1_LRP127a,0,MediumTruck
9173,MediumTruck65493,N102_LRP038b,0,MediumTruck
9174,MediumTruck65493,N102_LRP037d,0,MediumTruck
9175,LargeBus65505,N1_LRP420e,0,LargeBus
9176,LargeBus65505,N1_LRP420d,0,LargeBus
9177,LargeBus65505,N1_LRP420c,0,LargeBus
9178,LargeBus65505,N1_LRP420a,0,LargeBus
9179,HeavyTruck65506,N2_LRP040b,0,HeavyTruck
9180,LargeBus65507,N2_LRP243a,0,LargeBus
9181,LargeBus65509,N102_LRP038b,0,LargeBus
9182,LargeBus65509,N102_LRP037d,0,LargeBus
9183,MediumTruck65512,N105_LRP041c,0,MediumTruck
9184,MiniBus65515,N2_LRP126d,0,MiniBus
9185,MiniBus65515,N2_LRP127b,0,MiniBus
9186,SmallTruck65517,N2_LRP156a,0,SmallTruck
9187,MediumTruck65521,N1_LRP425c,1.2332117443548198,MediumTruck
9188,MediumTruck65533,N2_LRP160a,0,MediumTruck
9189,MediumTruck65537,N1_LRP429c,0,MediumTruck
9190,MediumTruck65537,N1_LRP429b,0,MediumTruck
9191,MediumTruck65537,N1_LRP429a,0,MediumTruck
9192,LargeBus65542,N1_LRP112a,0,LargeBus
9193,MediumTruck65544,N105_LRP032b,0,MediumTruck
9194,MediumTruck65544,N105_LRP032c,0,MediumTruck
9195,SmallTruck65553,N1_LRP432a,0,SmallTruck
9196,LargeBus65556,N1_LRP051a,0,LargeBus
9197,MediumTruck65561,N105_LRP020c,0,MediumTruck
9198,MediumTruck65566,N208_LRP028d,0,MediumTruck
9199,MiniBus65567,N2_LRP258a,0,MiniBus
9200,MediumTruck65569,N1_LRP435c,0,MediumTruck
9201,SmallTruck65573,N102_LRP058a,0,SmallTruck
9202,SmallTruck65577,N105_LRP024c,0,SmallTruck
9203,LargeBus65581,N2_LRP170b,0,LargeBus
9204,LargeBus65581,N2_LRP170a,0,LargeBus
9205,LargeBus65581,N2_LRP169f,0,LargeBus
9206,LargeBus65581,N2_LRP169e,0,LargeBus
9207,LargeBus65581,N2_LRP169d,0,LargeBus
9208,LargeBus65581,N2_LRP169c,0,LargeBus
9209,MiniBus65582,N208_LRP027b,0,MiniBus
9210,MiniBus65582,N208_LRP027d,0,MiniBus
9211,MediumTruck65583,N208_LRP034d,0,MediumTruck
9212,MediumTruck65583,N208_LRP034c,0,MediumTruck
9213,MediumTruck65584,N1_LRP020a,0,MediumTruck
9214,MiniBus65585,N1_LRP438a,0,MiniBus
9215,MediumTruck65589,N102_LRP062c,0,MediumTruck
9216,MediumTruck65589,N102_LRP062b,0,MediumTruck
9217,SmallTruck65596,N2_LRP129b,0,SmallTruck
9218,SmallTruck65596,N2_LRP129a,0,SmallTruck
9219,SmallTruck65596,N2_LRP128b,0,SmallTruck
9220,MediumTruck65601,N1_LRP443d,0,MediumTruck
9221,MediumTruck65601,N1_LRP443c,0,MediumTruck
9222,MediumTruck65602,N2_LRP016a,0,MediumTruck
9223,LargeBus65604,N102_LRP017a,0,LargeBus
9224,SmallTruck65610,N2_LRP132c,0,SmallTruck
9225,MediumTruck65612,N2_LRP162c,0,MediumTruck
9226,MediumTruck65612,N2_LRP162d,0,MediumTruck
9227,LargeBus65617,N1_LRP446d,0,LargeBus
9228,LargeBus65617,N1_LRP446b,0,LargeBus
9229,SmallTruck65619,N2_LRP276a,0,SmallTruck
9230,SmallTruck65620,N1_LRP094a,0,SmallTruck
9231,MediumTruck65628,N2_LRP138b,0,MediumTruck
9232,MediumTruck65630,N208_LRP011b,0,MediumTruck
9233,MediumTruck65633,N1_LRP451b,0,MediumTruck
9234,MediumTruck65633,N1_LRP450e,0.11192289611609774,MediumTruck
9235,MediumTruck65642,N2_LRP124c,0,MediumTruck
9236,MediumTruck65645,N2_LRP199d,0,MediumTruck
9237,MiniBus65647,N2_LRP221b,0,MiniBus
9238,LargeBus65649,N1_LRP455a,0,LargeBus
9239,LargeBus65651,N2_LRP283b,0,LargeBus
9240,MediumTruck65656,N105_LRP003a,0,MediumTruck
9241,MiniBus65280,N1_LRP109a,0,MiniBus
9242,SmallTruck65281,N1_LRP370e,0,SmallTruck
9243,MediumTruck65282,N2_LRP096a,0,MediumTruck
9244,MediumTruck65282,N2_LRP096c,0,MediumTruck
9245,MediumTruck65297,N1_LRP375c,0,MediumTruck
9246,LargeBus65299,N2_LRP186c,0,LargeBus
9247,LargeBus65299,N2_LRP186b,0.14732681369492184,LargeBus
9248,MediumTruck65321,N2_LRP064b,0,MediumTruck
9249,MediumTruck65326,N2_LRP199d,0,MediumTruck
9250,LargeBus65328,N2_LRP079d,0,LargeBus
9251,MediumTruck65336,N2_LRP081b,0,MediumTruck
9252,MediumTruck65337,N2_LRP060c,0,MediumTruck
9253,MediumTruck65337,N2_LRP061a,0,MediumTruck
9254,MediumTruck65345,N1_LRP386c,0,MediumTruck
9255,MediumTruck65345,N1_LRP386a,0,MediumTruck
9256,MediumTruck65345,N1_LRP385g,0,MediumTruck
9257,SmallTruck65346,N2_LRP079a,0,SmallTruck
9258,MediumTruck65348,N102_LRP082a,0,MediumTruck
9259,MediumTruck65349,N102_LRPSc,0,MediumTruck
9260,MediumTruck65351,N1_LRP112a,0,MediumTruck
9261,MediumTruck65353,N2_LRP057a,0,MediumTruck
9262,SmallTruck65355,N2_LRP162c,0,SmallTruck
9263,SmallTruck65355,N2_LRP162d,0,SmallTruck
9264,SmallTruck65355,N2_LRP162e,0,SmallTruck
9265,MediumTruck65356,N2_LRP070a,0,MediumTruck
9266,MediumTruck65356,N2_LRP069e,0,MediumTruck
9267,MediumTruck65356,N2_LRP069c,0,MediumTruck
9268,MiniBus65361,N1_LRP386f,0,MiniBus
9269,MiniBus65361,N1_LRP386e,0,MiniBus
9270,MiniBus65361,N1_LRP386c,0,MiniBus
9271,MediumTruck65362,N2_LRP076b,0,MediumTruck
9272,SmallTruck65372,N2_LRP073c,0,SmallTruck
9273,SmallTruck65372,N2_LRP073b,0,SmallTruck
9274,SmallTruck65373,N2_LRP121a,0,SmallTruck
9275,MediumTruck65374,N2_LRP211c,0,MediumTruck
9276,MediumTruck65380,N105_LRP003a,0,MediumTruck
9277,MediumTruck65384,N2_LRP072a,0,MediumTruck
9278,LargeBus65388,N2_LRP219a,0,LargeBus
9279,MiniBus65390,N2_LRP207b,0,MiniBus
9280,MediumTruck65391,N2_LRP162a,0.11423260939109439,MediumTruck
9281,LargeBus65394,N2_LRP074a,0,LargeBus
9282,MediumTruck65401,N1_LRP033a,0,MediumTruck
9283,MediumTruck65401,N1_LRP033b,0,MediumTruck
9284,MediumTruck65402,N2_LRP050a,0,MediumTruck
9285,MediumTruck65404,N2_LRP081b,0,MediumTruck
9286,MediumTruck65404,N2_LRP081a,0,MediumTruck
9287,MiniBus65405,N2_LRP124c,0,MiniBus
9288,MiniBus65405,N2_LRP123e,0,MiniBus
9289,LargeBus65407,N2_LRP160a,0,LargeBus
9290,LargeBus65407,N2_LRP159d,0,LargeBus
9291,MediumTruck65410,N2_LRP064b,0,MediumTruck
9292,LargeBus65411,N2_LRP219a,0,LargeBus
9293,MediumTruck65412,N102_LRP065a,0,MediumTruck
9294,MediumTruck65413,N102_LRP017a,0,MediumTruck
9295,SmallTruck65416,N2_LRP064a,0,SmallTruck
9296,MiniBus65418,N2_LRP048b,0,MiniBus
9297,LargeBus65419,N2_LRP079d,0,LargeBus
9298,LargeBus65419,N2_LRP079b,2.0508051041147835,LargeBus
9299,MediumTruck65421,N2_LRP134c,0,MediumTruck
9300,MediumTruck65421,N2_LRP134b,0,MediumTruck
9301,LargeBus65422,N2_LRP216b,0,LargeBus
9302,SmallTruck65427,N2_LRP226d,0,SmallTruck
9303,SmallTruck65427,N2_LRP226c,0,SmallTruck
9304,SmallTruck65430,N1_LRP202a,0,SmallTruck
9305,LargeBus65431,N1_LRP166a,0,LargeBus
9306,LargeBus65437,N2_LRP134c,0,LargeBus
9307,MediumTruck65441,N1_LRP408a,0,MediumTruck
9308,SmallTruck65443,N2_LRP230c,0,SmallTruck
9309,MediumTruck65457,N1_LRP412a,0,MediumTruck
9310,MediumTruck65457,N1_LRP411b,0,MediumTruck
9311,MediumTruck65462,N1_LRP094a,0,MediumTruck
9312,MediumTruck65465,N2_LRP029b,0,MediumTruck
9313,MediumTruck65474,N2_LRP048b,0,MediumTruck
9314,SmallTruck65477,N102_LRP033c,0,SmallTruck
9315,SmallTruck65479,N104_LRPSa,0,SmallTruck
9316,MediumTruck65481,N1_LRP012a,0,MediumTruck
9317,MediumTruck65481,N1_LRP012b,0,MediumTruck
9318,SmallTruck65483,N2_LRP132a,0,SmallTruck
9319,SmallTruck65483,N2_LRP132b,0,SmallTruck
9320,SmallTruck65485,N2_LRP147d,0,SmallTruck
9321,SmallTruck65485,N2_LRP147b,0,SmallTruck
9322,SmallTruck65485,N2_LRP147a,0,SmallTruck
9323,MediumTruck65489,N1_LRP418b,0,MediumTruck
9324,SmallTruck65490,N2_LRP044c,0,SmallTruck
9325,HeavyTruck65491,N2_LRP242a,0,HeavyTruck
9326,MediumTruck65493,N102_LRP037c,0,MediumTruck
9327,MediumTruck65497,N2_LRP021a,0,MediumTruck
9328,HeavyTruck65506,N2_LRP041b,0,HeavyTruck
9329,HeavyTruck65506,N2_LRP042a,0,HeavyTruck
9330,LargeBus65507,N2_LRP242a,0,LargeBus
9331,LargeBus65509,N102_LRP037c,0,LargeBus
9332,SmallTruck65510,N1_LRP107a,0,SmallTruck
9333,MiniBus65515,N2_LRP127c,0,MiniBus
9334,MiniBus65515,N2_LRP128a,0,MiniBus
9335,SmallTruck65517,N2_LRP155a,0,SmallTruck
9336,MediumTruck65533,N2_LRP159d,0,MediumTruck
9337,MediumTruck65533,N2_LRP159c,0,MediumTruck
9338,MediumTruck65533,N2_LRP159b,0,MediumTruck
9339,MediumTruck65536,N2_LRP024b,0,MediumTruck
9340,MediumTruck65537,N1_LRP428d,0,MediumTruck
9341,MediumTruck65537,N1_LRP428c,0,MediumTruck
9342,MediumTruck65537,N1_LRP428b,0,MediumTruck
9343,MediumTruck65537,N1_LRP428a,0,MediumTruck
9344,SmallTruck65552,N2_LRP021a,0,SmallTruck
9345,SmallTruck65553,N1_LRP431d,0.04067649822032737,SmallTruck
9346,MediumTruck65555,N2_LRP258a,0,MediumTruck
9347,MediumTruck65566,N208_LRP029c,0,MediumTruck
9348,LargeBus65574,N1_LRP120b,0,LargeBus
9349,LargeBus65581,N2_LRP169b,0,LargeBus
9350,LargeBus65581,N2_LRP168c,0,LargeBus
9351,MiniBus65582,N208_LRP027f,0,MiniBus
9352,MiniBus65585,N1_LRP437b,0,MiniBus
9353,MiniBus65585,N1_LRP437a,0,MiniBus
9354,MediumTruck65586,N2_LRP021a,0,MediumTruck
9355,MediumTruck65590,N1_LRP127a,0,MediumTruck
9356,MediumTruck65591,N104_LRP028a,0,MediumTruck
9357,SmallTruck65596,N2_LRP128a,0,SmallTruck
9358,SmallTruck65596,N2_LRP127c,0,SmallTruck
9359,MediumTruck65605,N102_LRP065a,0,MediumTruck
9360,MediumTruck65606,N1_LRP131b,0,MediumTruck
9361,MediumTruck65609,N105_LRP032c,0,MediumTruck
9362,MediumTruck65609,N105_LRP032b,0,MediumTruck
9363,SmallTruck65610,N2_LRP133a,0,SmallTruck
9364,MediumTruck65612,N2_LRP162e,0,MediumTruck
9365,MediumTruck65612,N2_LRP163a,0,MediumTruck
9366,MediumTruck65612,N2_LRP163b,0,MediumTruck
9367,LargeBus65617,N1_LRP445d,0,LargeBus
9368,LargeBus65617,N1_LRP445b,0,LargeBus
9369,MediumTruck65624,N2_LRP012c,0,MediumTruck
9370,MediumTruck65628,N2_LRP138a,0,MediumTruck
9371,MediumTruck65633,N1_LRP450c,0,MediumTruck
9372,MediumTruck65641,N105_LRP041c,0,MediumTruck
9373,MediumTruck65642,N2_LRP125a,0,MediumTruck
9374,MediumTruck65642,N2_LRP125b,0,MediumTruck
9375,MediumTruck65642,N2_LRP125c,0,MediumTruck
9376,MediumTruck65642,N2_LRP125d,0,MediumTruck
9377,SmallTruck65644,N207_LRP008c,0,SmallTruck
9378,MediumTruck65645,N2_LRP200c,0,MediumTruck
9379,SmallTruck65654,N1_LRP143a,0,SmallTruck
9380,MiniBus65662,N208_LRP004c,0,MiniBus
9381,SmallTruck65670,N104_LRPSa,0,SmallTruck
9382,SmallTruck65672,N1_LRP011a,0,SmallTruck
9383,MiniBus65674,N2_LRP117b,0,MiniBus
9384,MiniBus65674,N2_LRP117a,0.09914235461663305,MiniBus
9385,LargeBus65676,N2_LRP147a,0,LargeBus
9386,LargeBus65676,N2_LRP147b,0,LargeBus
9387,LargeBus65676,N2_LRP147d,0,LargeBus
9388,SmallTruck65281,N1_LRP370c,0,SmallTruck
9389,SmallTruck65281,N1_LRP370a,0,SmallTruck
9390,SmallTruck65281,N1_LRP369c,0,SmallTruck
9391,MediumTruck65282,N2_LRP097a,0,MediumTruck
9392,MiniBus65295,N2_LRP132c,0,MiniBus
9393,MiniBus65295,N2_LRP132b,0,MiniBus
9394,MiniBus65295,N2_LRP132a,0,MiniBus
9395,MediumTruck65297,N1_LRP374e,0,MediumTruck
9396,SmallTruck65304,N1_LRP107a,0,SmallTruck
9397,LargeBus65308,N2_LRP048b,0,LargeBus
9398,MiniBus65311,N2_LRP135b,0,MiniBus
9399,MiniBus65311,N2_LRP135a,0,MiniBus
9400,MediumTruck65312,N2_LRP079d,0,MediumTruck
9401,LargeBus65313,N1_LRP374e,0,LargeBus
9402,LargeBus65313,N1_LRP374c,0,LargeBus
9403,LargeBus65313,N1_LRP374a,0,LargeBus
9404,SmallTruck65323,N2_LRP064b,0,SmallTruck
9405,SmallTruck65323,N2_LRP064a,0,SmallTruck
9406,LargeBus65328,N2_LRP081a,0,LargeBus
9407,SmallTruck65329,N1_LRP380c,0,SmallTruck
9408,SmallTruck65329,N1_LRP380a,0,SmallTruck
9409,MediumTruck65335,N1_LRP107a,0,MediumTruck
9410,SmallTruck65346,N2_LRP079b,3.0508051041147835,SmallTruck
9411,SmallTruck65347,N2_LRP207b,0,SmallTruck
9412,MediumTruck65351,N1_LRP111a,0,MediumTruck
9413,MediumTruck65353,N2_LRP057b,0,MediumTruck
9414,SmallTruck65355,N2_LRP163a,0,SmallTruck
9415,SmallTruck65355,N2_LRP163b,0,SmallTruck
9416,SmallTruck65355,N2_LRP163c,0,SmallTruck
9417,MediumTruck65358,N2_LRP206b,0,MediumTruck
9418,MiniBus65361,N1_LRP386a,0,MiniBus
9419,MiniBus65361,N1_LRP385g,0,MiniBus
9420,SmallTruck65373,N2_LRP120a,0,SmallTruck
9421,SmallTruck65373,N2_LRP119c,0,SmallTruck
9422,MediumTruck65374,N2_LRP211b,0,MediumTruck
9423,MediumTruck65389,N2_LRP264a,0,MediumTruck
9424,MiniBus65390,N2_LRP206b,0,MiniBus
9425,MediumTruck65391,N2_LRP161c,0,MediumTruck
9426,MediumTruck65391,N2_LRP161b,0,MediumTruck
9427,LargeBus65394,N2_LRP076a,0,LargeBus
9428,LargeBus65395,N2_LRP211c,0,LargeBus
9429,LargeBus65395,N2_LRP211b,0,LargeBus
9430,MediumTruck65401,N1_LRP034a,0,MediumTruck
9431,MediumTruck65404,N2_LRP079d,0,MediumTruck
9432,MediumTruck65404,N2_LRP079b,4.050805104114783,MediumTruck
9433,MiniBus65405,N2_LRP123d,0,MiniBus
9434,MiniBus65405,N2_LRP123c,0,MiniBus
9435,LargeBus65407,N2_LRP159c,0,LargeBus
9436,LargeBus65407,N2_LRP159b,0,LargeBus
9437,MediumTruck65409,N1_LRP400a,0,MediumTruck
9438,SmallTruck65416,N2_LRP064b,0,SmallTruck
9439,MiniBus65418,N2_LRP048a,0,MiniBus
9440,MiniBus65418,N2_LRP047c,0,MiniBus
9441,MiniBus65418,N2_LRP047a,0,MiniBus
9442,MediumTruck65421,N2_LRP133a,0,MediumTruck
9443,LargeBus65422,N2_LRP216a,0,LargeBus
9444,MediumTruck65425,N1_LRP403a,0,MediumTruck
9445,SmallTruck65428,N102_LRP062b,0,SmallTruck
9446,SmallTruck65430,N1_LRP203a,0,SmallTruck
9447,LargeBus65431,N1_LRP166c,0,LargeBus
9448,LargeBus65431,N1_LRP167a,0,LargeBus
9449,LargeBus65434,N2_LRP050a,0,LargeBus
9450,LargeBus65437,N2_LRP134b,0,LargeBus
9451,LargeBus65437,N2_LRP133a,0,LargeBus
9452,SmallTruck65443,N2_LRP229c,0,SmallTruck
9453,MediumTruck65457,N1_LRP411a,0,MediumTruck
9454,MediumTruck65461,N102_LRP028c,0,MediumTruck
9455,MiniBus65470,N2_LRP226d,0,MiniBus
9456,MediumTruck65481,N1_LRP014a,0,MediumTruck
9457,SmallTruck65483,N2_LRP132c,0,SmallTruck
9458,SmallTruck65485,N2_LRP146a,0,SmallTruck
9459,SmallTruck65490,N2_LRP045b,0,SmallTruck
9460,HeavyTruck65491,N2_LRP241c,0,HeavyTruck
9461,MediumTruck65493,N102_LRP036d,0,MediumTruck
9462,MediumTruck65493,N102_LRP036b,0,MediumTruck
9463,LargeBus65495,N1_LRP143a,0,LargeBus
9464,MediumTruck65497,N2_LRP021b,0,MediumTruck
9465,LargeBus65505,N1_LRP418b,0,LargeBus
9466,LargeBus65507,N2_LRP241c,0,LargeBus
9467,LargeBus65509,N102_LRP036d,0,LargeBus
9468,LargeBus65509,N102_LRP036b,0,LargeBus
9469,MediumTruck65512,N105_LRP042b,0,MediumTruck
9470,MiniBus65515,N2_LRP128b,0,MiniBus
9471,MiniBus65515,N2_LRP129a,0,MiniBus
9472,SmallTruck65517,N2_LRP154c,0,SmallTruck
9473,SmallTruck65519,N2_LRP188a,0,SmallTruck
9474,MediumTruck65521,N1_LRP425b,0,MediumTruck
9475,MediumTruck65521,N1_LRP425a,0,MediumTruck
9476,SmallTruck65522,N2_LRP038c,0,SmallTruck
9477,MediumTruck65523,N2_LRP249a,0,MediumTruck
9478,MediumTruck65533,N2_LRP158a,0,MediumTruck
9479,MediumTruck65536,N2_LRP025a,0,MediumTruck
9480,MediumTruck65536,N2_LRP025b,0,MediumTruck
9481,MediumTruck65537,N1_LRP427e,0,MediumTruck
9482,MediumTruck65537,N1_LRP427d,0,MediumTruck
9483,MediumTruck65537,N1_LRP427b,0,MediumTruck
9484,LargeBus65542,N1_LRP111a,0,LargeBus
9485,SmallTruck65552,N2_LRP021b,0,SmallTruck
9486,MediumTruck65571,N2_LRP262a,0,MediumTruck
9487,MediumTruck65571,N2_LRP261b,0,MediumTruck
9488,SmallTruck65577,N105_LRP023c,0,SmallTruck
9489,MediumTruck65578,N2_LRP093a,0,MediumTruck
9490,LargeBus65581,N2_LRP168a,0,LargeBus
9491,LargeBus65581,N2_LRP167c,0,LargeBus
9492,MiniBus65582,N208_LRP028d,0,MiniBus
9493,MiniBus65585,N1_LRP436a,0,MiniBus
9494,MiniBus65585,N1_LRP435c,0,MiniBus
9495,MediumTruck65586,N2_LRP021b,0,MediumTruck
9496,SmallTruck65592,N2_LRP021a,0,SmallTruck
9497,MediumTruck65593,N105_LRP027c,0,MediumTruck
9498,SmallTruck65596,N2_LRP127b,0,SmallTruck
9499,MediumTruck65601,N1_LRP441a,0,MediumTruck
9500,LargeBus65604,N102_LRP019a,0,LargeBus
9501,LargeBus65604,N102_LRP019b,0,LargeBus
9502,MediumTruck65608,N105_LRP017c,0,MediumTruck
9503,SmallTruck65610,N2_LRP134b,0,SmallTruck
9504,SmallTruck65610,N2_LRP134c,0,SmallTruck
9505,SmallTruck65611,N204_LRP020b,0,SmallTruck
9506,MediumTruck65612,N2_LRP163c,0,MediumTruck
9507,MediumTruck65612,N2_LRP163d,0,MediumTruck
9508,LargeBus65617,N1_LRP444e,0,LargeBus
9509,LargeBus65617,N1_LRP444d,0,LargeBus
9510,LargeBus65617,N1_LRP444c,0,LargeBus
9511,SmallTruck65619,N2_LRP274e,0,SmallTruck
9512,MediumTruck65624,N2_LRP012f,0,MediumTruck
9513,MediumTruck65633,N1_LRP450a,0,MediumTruck
9514,MediumTruck65641,N105_LRP040c,0,MediumTruck
9515,MediumTruck65642,N2_LRP126a,0,MediumTruck
9516,MediumTruck65642,N2_LRP126b,0,MediumTruck
9517,MediumTruck65642,N2_LRP126c,0,MediumTruck
9518,MediumTruck65642,N2_LRP126d,0,MediumTruck
9519,MiniBus65647,N2_LRP219a,0,MiniBus
9520,MediumTruck65648,N1_LRP004b,0,MediumTruck
9521,MediumTruck65652,N1_LRP077a,0,MediumTruck
9522,MediumTruck65655,N104_LRP044d,0,MediumTruck
9523,SmallTruck65663,N2_LRP224b,0,SmallTruck
9524,HeavyTruck65669,N102_LRP082a,0,HeavyTruck
9525,SmallTruck65672,N1_LRP010c,0,SmallTruck
9526,SmallTruck65672,N1_LRP010b,0,SmallTruck
9527,LargeBus65676,N2_LRP148b,0,LargeBus
9528,SmallTruck65281,N1_LRP369b,0,SmallTruck
9529,SmallTruck65281,N1_LRP369a,0,SmallTruck
9530,MediumTruck65282,N2_LRP098b,0.03619813323934591,MediumTruck
9531,LargeBus65296,N1_LRP105a,0,LargeBus
9532,MediumTruck65297,N1_LRP374c,0,MediumTruck
9533,MediumTruck65297,N1_LRP374a,0,MediumTruck
9534,MediumTruck65297,N1_LRP373b,0,MediumTruck
9535,LargeBus65300,N105_LRP035d,0,LargeBus
9536,SmallTruck65303,N1_LRP098a,0,SmallTruck
9537,LargeBus65308,N2_LRP048a,0,LargeBus
9538,MiniBus65311,N2_LRP134c,0,MiniBus
9539,MediumTruck65312,N2_LRP081a,0,MediumTruck
9540,LargeBus65313,N1_LRP373b,0,LargeBus
9541,LargeBus65313,N1_LRP373a,0,LargeBus
9542,MediumTruck65314,N2_LRP090a,0,MediumTruck
9543,SmallTruck65316,N2_LRP021a,0,SmallTruck
9544,MediumTruck65321,N2_LRP066a,0,MediumTruck
9545,MediumTruck65325,N2_LRP108a,0,MediumTruck
9546,LargeBus65328,N2_LRP081b,0,LargeBus
9547,MediumTruck65345,N1_LRP384a,0,MediumTruck
9548,SmallTruck65355,N2_LRP163d,0,SmallTruck
9549,SmallTruck65355,N2_LRP164a,0,SmallTruck
9550,SmallTruck65355,N2_LRP164b,0,SmallTruck
9551,MediumTruck65356,N2_LRP067c,0,MediumTruck
9552,MiniBus65361,N1_LRP384a,0,MiniBus
9553,MediumTruck65362,N2_LRP078a,0,MediumTruck
9554,SmallTruck65372,N2_LRP072a,0,SmallTruck
9555,SmallTruck65373,N2_LRP118g,0,SmallTruck
9556,LargeBus65376,N1_LRP083a,0,LargeBus
9557,LargeBus65376,N1_LRP083b,0,LargeBus
9558,MediumTruck65380,N105_LRP005c,0,MediumTruck
9559,MediumTruck65384,N2_LRP073b,0,MediumTruck
9560,MediumTruck65384,N2_LRP073c,0,MediumTruck
9561,LargeBus65388,N2_LRP221b,0,LargeBus
9562,MediumTruck65391,N2_LRP161a,0,MediumTruck
9563,LargeBus65394,N2_LRP076b,0,LargeBus
9564,MediumTruck65402,N2_LRP048b,0,MediumTruck
9565,MiniBus65405,N2_LRP122b,0,MiniBus
9566,LargeBus65407,N2_LRP158a,0,LargeBus
9567,MediumTruck65409,N1_LRP398d,0.6833167199934195,MediumTruck
9568,MediumTruck65410,N2_LRP066a,0,MediumTruck
9569,MediumTruck65413,N102_LRP015a,0,MediumTruck
9570,MiniBus65418,N2_LRP046c,0,MiniBus
9571,MediumTruck65421,N2_LRP132c,0,MediumTruck
9572,LargeBus65422,N2_LRP214b,0.005625176064427205,LargeBus
9573,MediumTruck65425,N1_LRP402b,0,MediumTruck
9574,SmallTruck65427,N2_LRP225c,0.005926032012162652,SmallTruck
9575,SmallTruck65428,N102_LRP062c,0,SmallTruck
9576,MediumTruck65429,N102_LRP019b,0,MediumTruck
9577,MediumTruck65429,N102_LRP019a,0,MediumTruck
9578,SmallTruck65430,N1_LRP203b,0,SmallTruck
9579,SmallTruck65430,N1_LRP204a,0,SmallTruck
9580,MediumTruck65436,N2_LRP087a,0,MediumTruck
9581,SmallTruck65443,N2_LRP229a,0.26010906792257016,SmallTruck
9582,HeavyTruck65444,N1_LRP023a,0,HeavyTruck
9583,SmallTruck65449,N1_LRP023a,0,SmallTruck
9584,MediumTruck65457,N1_LRP410c,0.1174706554438567,MediumTruck
9585,HeavyTruck65460,N1_LRP027a,0,HeavyTruck
9586,HeavyTruck65460,N1_LRP026b,0,HeavyTruck
9587,MiniBus65470,N2_LRP226c,0,MiniBus
9588,MediumTruck65474,N2_LRP050a,0,MediumTruck
9589,SmallTruck65475,N2_LRP236c,0,SmallTruck
9590,SmallTruck65483,N2_LRP133a,0,SmallTruck
9591,MediumTruck65489,N1_LRP417d,0.005803964117414898,MediumTruck
9592,LargeBus65495,N1_LRP142a,0,LargeBus
9593,MiniBus65500,N2_LRP098b,0.1028987570248,MiniBus
9594,LargeBus65505,N1_LRP417d,0.010470230753087529,LargeBus
9595,HeavyTruck65506,N2_LRP043a,0.12594039070628976,HeavyTruck
9596,SmallTruck65510,N1_LRP105a,0,SmallTruck
9597,MediumTruck65513,N105_LRP006a,0,MediumTruck
9598,MediumTruck65513,N105_LRP005c,0,MediumTruck
9599,MiniBus65515,N2_LRP129b,0,MiniBus
9600,MiniBus65515,N2_LRP129c,0,MiniBus
9601,MiniBus65515,N2_LRP130a,0,MiniBus
9602,SmallTruck65517,N2_LRP153b,0,SmallTruck
9603,SmallTruck65519,N2_LRP187b,0,SmallTruck
9604,MediumTruck65521,N1_LRP424e,0,MediumTruck
9605,MediumTruck65521,N1_LRP424c,0,MediumTruck
9606,MediumTruck65521,N1_LRP424b,0,MediumTruck
9607,MediumTruck65521,N1_LRP424a,0.04974127743964333,MediumTruck
9608,SmallTruck65522,N2_LRP039a,0,SmallTruck
9609,MediumTruck65537,N1_LRP426e,0,MediumTruck
9610,MediumTruck65537,N1_LRP426d,0,MediumTruck
9611,MediumTruck65544,N105_LRP035d,0,MediumTruck
9612,SmallTruck65553,N1_LRP431b,0,SmallTruck
9613,SmallTruck65553,N1_LRP431a,0,SmallTruck
9614,SmallTruck65553,N1_LRP430c,0,SmallTruck
9615,MediumTruck65560,N105_LRP030c,0,MediumTruck
9616,MediumTruck65566,N208_LRP031b,0,MediumTruck
9617,MediumTruck65566,N208_LRP031d,0,MediumTruck
9618,MiniBus65567,N2_LRP261a,0,MiniBus
9619,MediumTruck65568,N1_LRP026a,0,MediumTruck
9620,MediumTruck65568,N1_LRP026b,0,MediumTruck
9621,MediumTruck65569,N1_LRP433c,0,MediumTruck
9622,MediumTruck65569,N1_LRP433b,0.6239922884159168,MediumTruck
9623,LargeBus65570,N2_LRP029b,0,LargeBus
9624,MediumTruck65571,N2_LRP261a,0,MediumTruck
9625,LargeBus65574,N1_LRP119a,0,LargeBus
9626,SmallTruck65577,N105_LRP022c,0,SmallTruck
9627,LargeBus65581,N2_LRP167b,0,LargeBus
9628,LargeBus65581,N2_LRP166e,0,LargeBus
9629,MiniBus65582,N208_LRP029c,0,MiniBus
9630,MediumTruck65583,N208_LRP031d,0,MediumTruck
9631,MediumTruck65584,N1_LRP023a,0,MediumTruck
9632,MediumTruck65588,N102_LRP022a,0,MediumTruck
9633,SmallTruck65592,N2_LRP021b,0,SmallTruck
9634,SmallTruck65596,N2_LRP126d,0,SmallTruck
9635,SmallTruck65596,N2_LRP126c,0,SmallTruck
9636,SmallTruck65596,N2_LRP126b,0,SmallTruck
9637,MiniBus65600,N1_LRP020a,0,MiniBus
9638,MediumTruck65602,N2_LRP018a,0,MediumTruck
9639,MediumTruck65609,N105_LRP030c,0,MediumTruck
9640,SmallTruck65610,N2_LRP135a,0,SmallTruck
9641,MediumTruck65612,N2_LRP164a,0,MediumTruck
9642,MediumTruck65612,N2_LRP164b,0,MediumTruck
9643,MediumTruck65612,N2_LRP164d,0,MediumTruck
9644,LargeBus65617,N1_LRP444b,0,LargeBus
9645,LargeBus65617,N1_LRP444a,0,LargeBus
9646,LargeBus65617,N1_LRP443d,0,LargeBus
9647,LargeBus65618,N2_LRP016a,0,LargeBus
9648,MediumTruck65625,N105_LRP035d,0,MediumTruck
9649,MediumTruck65628,N2_LRP135b,0,MediumTruck
9650,SmallTruck65631,N2_LRP216b,0,SmallTruck
9651,MediumTruck65633,N1_LRP449d,0,MediumTruck
9652,MediumTruck65633,N1_LRP449c,0,MediumTruck
9653,MediumTruck65641,N105_LRP039b,0,MediumTruck
9654,MediumTruck65642,N2_LRP127b,0,MediumTruck
9655,LargeBus65649,N1_LRP452e,0,LargeBus
9656,LargeBus65649,N1_LRP452d,0,LargeBus
9657,LargeBus65649,N1_LRP452c,0,LargeBus
9658,LargeBus65649,N1_LRP452a,0,LargeBus
9659,SmallTruck65654,N1_LRP142a,0,SmallTruck
9660,MediumTruck65656,N105_LRP005c,0,MediumTruck
9661,MediumTruck65656,N105_LRP006a,0,MediumTruck
9662,MediumTruck65664,N1_LRP001a,0,MediumTruck
9663,MediumTruck65665,N1_LRP456c,0,MediumTruck
9664,MediumTruck65666,N1_LRP010b,0,MediumTruck
9665,MediumTruck65666,N1_LRP010c,0,MediumTruck
9666,SmallTruck65667,N2_LRP285c,0,SmallTruck
9667,MiniBus65280,N1_LRP111a,0,MiniBus
9668,SmallTruck65281,N1_LRP368a,0.04720362179957123,SmallTruck
9669,MediumTruck65285,N1_LRP064c,0,MediumTruck
9670,MediumTruck65289,N1_LRP064c,0,MediumTruck
9671,MiniBus65295,N2_LRP130c,0,MiniBus
9672,MiniBus65295,N2_LRP130b,0,MiniBus
9673,MediumTruck65297,N1_LRP373a,0,MediumTruck
9674,LargeBus65299,N2_LRP184c,0,LargeBus
9675,SmallTruck65301,N1_LRP068a,0,SmallTruck
9676,SmallTruck65304,N1_LRP109a,0,SmallTruck
9677,LargeBus65308,N2_LRP047c,0,LargeBus
9678,LargeBus65308,N2_LRP047a,0,LargeBus
9679,LargeBus65308,N2_LRP046c,0,LargeBus
9680,MiniBus65311,N2_LRP134b,0,MiniBus
9681,MiniBus65311,N2_LRP133a,0,MiniBus
9682,MediumTruck65312,N2_LRP081b,0,MediumTruck
9683,LargeBus65313,N1_LRP372c,0,LargeBus
9684,SmallTruck65316,N2_LRP021b,0,SmallTruck
9685,MediumTruck65321,N2_LRP067c,0,MediumTruck
9686,MediumTruck65335,N1_LRP105a,0,MediumTruck
9687,MediumTruck65342,N2_LRP200c,0,MediumTruck
9688,MediumTruck65345,N1_LRP383b,0,MediumTruck
9689,MediumTruck65353,N2_LRP058c,0,MediumTruck
9690,MediumTruck65353,N2_LRP059a,0,MediumTruck
9691,SmallTruck65355,N2_LRP164d,0,SmallTruck
9692,SmallTruck65355,N2_LRP165c,0,SmallTruck
9693,MiniBus65361,N1_LRP383b,0,MiniBus
9694,MediumTruck65362,N2_LRP079a,0,MediumTruck
9695,MediumTruck65365,N102_LRP002c,0,MediumTruck
9696,MediumTruck65365,N102_LRP002b,0,MediumTruck
9697,MediumTruck65365,N102_LRP002a,0,MediumTruck
9698,SmallTruck65373,N2_LRP118e,0,SmallTruck
9699,SmallTruck65373,N2_LRP118b,0,SmallTruck
9700,SmallTruck65373,N2_LRP118a,0,SmallTruck
9701,MediumTruck65380,N105_LRP006a,0,MediumTruck
9702,MediumTruck65384,N2_LRP073g,0,MediumTruck
9703,MediumTruck65387,N2_LRP079a,0,MediumTruck
9704,MediumTruck65391,N2_LRP160a,0,MediumTruck
9705,MediumTruck65391,N2_LRP159d,0,MediumTruck
9706,MediumTruck65401,N1_LRP035a,0,MediumTruck
9707,MediumTruck65402,N2_LRP048a,0,MediumTruck
9708,MediumTruck65403,N2_LRP081b,0,MediumTruck
9709,MediumTruck65403,N2_LRP081a,0,MediumTruck
9710,MiniBus65405,N2_LRP121c,0,MiniBus
9711,LargeBus65407,N2_LRP157b,0,LargeBus
9712,LargeBus65407,N2_LRP157a,0,LargeBus
9713,MediumTruck65409,N1_LRP398a,0,MediumTruck
9714,MediumTruck65410,N2_LRP067c,0,MediumTruck
9715,LargeBus65411,N2_LRP216b,0,LargeBus
9716,SmallTruck65416,N2_LRP066a,0,SmallTruck
9717,MediumTruck65421,N2_LRP132b,0,MediumTruck
9718,MediumTruck65421,N2_LRP132a,0,MediumTruck
9719,SmallTruck65430,N1_LRP205a,0,SmallTruck
9720,LargeBus65431,N1_LRP169a,0,LargeBus
9721,LargeBus65434,N2_LRP048b,0,LargeBus
9722,MediumTruck65436,N2_LRP086a,0,MediumTruck
9723,LargeBus65437,N2_LRP132c,0,LargeBus
9724,LargeBus65437,N2_LRP132b,0,LargeBus
9725,LargeBus65437,N2_LRP132a,0,LargeBus
9726,MiniBus65442,N2_LRP064a,0,MiniBus
9727,MiniBus65442,N2_LRP064b,0,MiniBus
9728,SmallTruck65443,N2_LRP228b,0,SmallTruck
9729,MediumTruck65445,N102_LRP022a,0,MediumTruck
9730,MediumTruck65446,N1_LRP088a,0,MediumTruck
9731,MediumTruck65457,N1_LRP410b,0,MediumTruck
9732,SmallTruck65459,N2_LRP231d,0,SmallTruck
9733,SmallTruck65459,N2_LRP231c,0,SmallTruck
9734,HeavyTruck65460,N1_LRP026a,0,HeavyTruck
9735,MiniBus65470,N2_LRP225c,0.42668175134276287,MiniBus
9736,MediumTruck65473,N1_LRP414a,0,MediumTruck
9737,SmallTruck65475,N2_LRP236a,0,SmallTruck
9738,SmallTruck65475,N2_LRP235a,0,SmallTruck
9739,SmallTruck65483,N2_LRP134b,0,SmallTruck
9740,SmallTruck65483,N2_LRP134c,0,SmallTruck
9741,SmallTruck65490,N2_LRP046c,0,SmallTruck
9742,SmallTruck65490,N2_LRP047a,0,SmallTruck
9743,SmallTruck65490,N2_LRP047c,0,SmallTruck
9744,HeavyTruck65491,N2_LRP240a,0,HeavyTruck
9745,LargeBus65507,N2_LRP240a,0,LargeBus
9746,LargeBus65509,N102_LRP034b,0,LargeBus
9747,MiniBus65515,N2_LRP130b,0,MiniBus
9748,MiniBus65515,N2_LRP130c,0,MiniBus
9749,SmallTruck65517,N2_LRP153a,0,SmallTruck
9750,SmallTruck65517,N2_LRP152d,0,SmallTruck
9751,SmallTruck65519,N2_LRP186d,0,SmallTruck
9752,SmallTruck65522,N2_LRP039c,0,SmallTruck
9753,SmallTruck65522,N2_LRP040a,0,SmallTruck
9754,MediumTruck65523,N2_LRP248a,0,MediumTruck
9755,LargeBus65525,N102_LRP038d,0,LargeBus
9756,SmallTruck65527,N104_LRP010a,0,SmallTruck
9757,MediumTruck65533,N2_LRP157b,0,MediumTruck
9758,MediumTruck65533,N2_LRP157a,0,MediumTruck
9759,MediumTruck65537,N1_LRP426c,0,MediumTruck
9760,MediumTruck65537,N1_LRP426b,0,MediumTruck
9761,MediumTruck65537,N1_LRP426a,0,MediumTruck
9762,MediumTruck65537,N1_LRP425e,0,MediumTruck
9763,MediumTruck65538,N2_LRP035b,0,MediumTruck
9764,LargeBus65542,N1_LRP109a,0,LargeBus
9765,LargeBus65543,N104_LRP010a,0,LargeBus
9766,SmallTruck65553,N1_LRP430b,0,SmallTruck
9767,SmallTruck65553,N1_LRP430a,0,SmallTruck
9768,SmallTruck65553,N1_LRP429f,0,SmallTruck
9769,MediumTruck65561,N105_LRP017c,0,MediumTruck
9770,SmallTruck65563,N204_LRP003b,0,SmallTruck
9771,MiniBus65567,N2_LRP261b,0,MiniBus
9772,MiniBus65567,N2_LRP262a,0,MiniBus
9773,MediumTruck65568,N1_LRP027a,0,MediumTruck
9774,MediumTruck65569,N1_LRP432b,0,MediumTruck
9775,SmallTruck65573,N102_LRP055c,0,SmallTruck
9776,LargeBus65574,N1_LRP118d,0,LargeBus
9777,SmallTruck65577,N105_LRP021d,0,SmallTruck
9778,MediumTruck65578,N2_LRP092b,0,MediumTruck
9779,MediumTruck65578,N2_LRP092a,0,MediumTruck
9780,MediumTruck65578,N2_LRP091b,0,MediumTruck
9781,LargeBus65581,N2_LRP166d,0,LargeBus
9782,MiniBus65582,N208_LRP031b,0,MiniBus
9783,MediumTruck65583,N208_LRP031b,0,MediumTruck
9784,MediumTruck65587,N2_LRP264a,0,MediumTruck
9785,SmallTruck65596,N2_LRP126a,0,SmallTruck
9786,SmallTruck65596,N2_LRP125d,0,SmallTruck
9787,SmallTruck65596,N2_LRP125c,0,SmallTruck
9788,SmallTruck65596,N2_LRP125b,0,SmallTruck
9789,MiniBus65599,N2_LRP207b,0,MiniBus
9790,MediumTruck65601,N1_LRP440a,0,MediumTruck
9791,MiniBus65607,N104_LRP028a,0,MiniBus
9792,SmallTruck65610,N2_LRP135b,0,SmallTruck
9793,MediumTruck65612,N2_LRP165c,0,MediumTruck
9794,MediumTruck65612,N2_LRP165d,0,MediumTruck
9795,LargeBus65617,N1_LRP443c,0,LargeBus
9796,MediumTruck65628,N2_LRP135a,0,MediumTruck
9797,SmallTruck65631,N2_LRP216a,0,SmallTruck
9798,MediumTruck65633,N1_LRP448a,0,MediumTruck
9799,SmallTruck65634,N1_LRP020a,0,SmallTruck
9800,MediumTruck65638,N1_LRP137a,0,MediumTruck
9801,MediumTruck65642,N2_LRP127c,0,MediumTruck
9802,MediumTruck65642,N2_LRP128a,0,MediumTruck
9803,MiniBus65646,N208_LRP011b,0,MiniBus
9804,LargeBus65649,N1_LRP451e,0,LargeBus
9805,LargeBus65649,N1_LRP451b,0,LargeBus
9806,LargeBus65649,N1_LRP450e,0.8721042663993139,LargeBus
9807,MediumTruck65657,N105_LRP042b,0,MediumTruck
9808,MediumTruck65665,N1_LRP456a,0,MediumTruck
9809,MediumTruck65666,N1_LRP011a,0,MediumTruck
9810,SmallTruck65667,N2_LRP285a,0,SmallTruck
9811,SmallTruck65667,N2_LRP284c,0,SmallTruck
9812,LargeBus65677,N2_LRP188a,0,LargeBus
9813,MediumTruck65679,N208_LRP055a,0,MediumTruck
9814,MiniBus65280,N1_LRP112a,0,MiniBus
9815,MiniBus65295,N2_LRP130a,0,MiniBus
9816,MiniBus65295,N2_LRP129c,0,MiniBus
9817,MiniBus65295,N2_LRP129b,0,MiniBus
9818,LargeBus65296,N1_LRP107a,0,LargeBus
9819,MediumTruck65297,N1_LRP372c,0,MediumTruck
9820,MediumTruck65297,N1_LRP372a,0,MediumTruck
9821,LargeBus65298,N2_LRP102a,0,LargeBus
9822,LargeBus65299,N2_LRP183d,0.2912882551499706,LargeBus
9823,LargeBus65313,N1_LRP372a,0,LargeBus
9824,LargeBus65313,N1_LRP371c,0,LargeBus
9825,LargeBus65313,N1_LRP371a,0,LargeBus
9826,MediumTruck65314,N2_LRP091b,0,MediumTruck
9827,MediumTruck65314,N2_LRP092a,0,MediumTruck
9828,MediumTruck65314,N2_LRP092b,0,MediumTruck
9829,MediumTruck65325,N2_LRP106b,0,MediumTruck
9830,MediumTruck65325,N2_LRP106a,0,MediumTruck
9831,SmallTruck65329,N1_LRP377f,0,SmallTruck
9832,MediumTruck65336,N2_LRP084a,0,MediumTruck
9833,MediumTruck65337,N2_LRP064a,0,MediumTruck
9834,MediumTruck65342,N2_LRP199d,0,MediumTruck
9835,MediumTruck65345,N1_LRP383a,0,MediumTruck
9836,MediumTruck65345,N1_LRP382b,0,MediumTruck
9837,SmallTruck65347,N2_LRP206b,0,SmallTruck
9838,MediumTruck65351,N1_LRP109a,0,MediumTruck
9839,HeavyTruck65352,N102_LRP015a,0,HeavyTruck
9840,SmallTruck65355,N2_LRP165d,0,SmallTruck
9841,MediumTruck65356,N2_LRP066a,0,MediumTruck
9842,MiniBus65361,N1_LRP383a,0,MiniBus
9843,MediumTruck65362,N2_LRP079b,3.050805104114783,MediumTruck
9844,SmallTruck65372,N2_LRP070c,0,SmallTruck
9845,MediumTruck65377,N1_LRP391a,0,MediumTruck
9846,MediumTruck65384,N2_LRP074a,0,MediumTruck
9847,MediumTruck65387,N2_LRP078a,0,MediumTruck
9848,MediumTruck65391,N2_LRP159c,0,MediumTruck
9849,MediumTruck65391,N2_LRP159b,0,MediumTruck
9850,MiniBus65393,N1_LRP391a,0,MiniBus
9851,LargeBus65394,N2_LRP078a,0,LargeBus
9852,MediumTruck65397,N102_LRP009a,0,MediumTruck
9853,MediumTruck65401,N1_LRP036c,0,MediumTruck
9854,MediumTruck65402,N2_LRP047c,0,MediumTruck
9855,MediumTruck65402,N2_LRP047a,0,MediumTruck
9856,MediumTruck65402,N2_LRP046c,0,MediumTruck
9857,MediumTruck65403,N2_LRP079d,0,MediumTruck
9858,MediumTruck65403,N2_LRP079b,4.050805104114783,MediumTruck
9859,MiniBus65405,N2_LRP121a,0,MiniBus
9860,LargeBus65407,N2_LRP156a,0,LargeBus
9861,LargeBus65411,N2_LRP216a,0,LargeBus
9862,SmallTruck65416,N2_LRP067c,0,SmallTruck
9863,MiniBus65418,N2_LRP045b,0,MiniBus
9864,LargeBus65419,N2_LRP079a,0,LargeBus
9865,SmallTruck65430,N1_LRP206a,0,SmallTruck
9866,MediumTruck65432,N1_LRP077a,0,MediumTruck
9867,LargeBus65434,N2_LRP048a,0,LargeBus
9868,MediumTruck65452,N207_LRP061d,0,MediumTruck
9869,MediumTruck65457,N1_LRP410a,0,MediumTruck
9870,SmallTruck65459,N2_LRP230e,0,SmallTruck
9871,SmallTruck65477,N102_LRP029d,0,SmallTruck
9872,SmallTruck65483,N2_LRP135a,0,SmallTruck
9873,MediumTruck65489,N1_LRP417b,0,MediumTruck
9874,MediumTruck65489,N1_LRP416e,0,MediumTruck
9875,MediumTruck65489,N1_LRP416d,0,MediumTruck
9876,SmallTruck65490,N2_LRP048a,0,SmallTruck
9877,HeavyTruck65491,N2_LRP239a,0,HeavyTruck
9878,HeavyTruck65491,N2_LRP238c,0,HeavyTruck
9879,MediumTruck65493,N102_LRP034b,0,MediumTruck
9880,MediumTruck65497,N2_LRP024b,0,MediumTruck
9881,MiniBus65500,N2_LRP097a,0,MiniBus
9882,LargeBus65505,N1_LRP417b,0,LargeBus
9883,LargeBus65505,N1_LRP416e,0,LargeBus
9884,LargeBus65505,N1_LRP416d,0,LargeBus
9885,HeavyTruck65506,N2_LRP043d,0,HeavyTruck
9886,HeavyTruck65506,N2_LRP044a,0,HeavyTruck
9887,LargeBus65507,N2_LRP239a,0,LargeBus
9888,LargeBus65507,N2_LRP238c,0,LargeBus
9889,LargeBus65509,N102_LRP033c,0,LargeBus
9890,SmallTruck65517,N2_LRP152c,0,SmallTruck
9891,SmallTruck65517,N2_LRP152b,0,SmallTruck
9892,SmallTruck65517,N2_LRP152a,0,SmallTruck
9893,SmallTruck65517,N2_LRP151b,0,SmallTruck
9894,SmallTruck65519,N2_LRP186c,0,SmallTruck
9895,MediumTruck65521,N1_LRP423d,0,MediumTruck
9896,MediumTruck65521,N1_LRP423c,0,MediumTruck
9897,MediumTruck65521,N1_LRP423b,0.6350369335192773,MediumTruck
9898,SmallTruck65522,N2_LRP040b,0,SmallTruck
9899,LargeBus65525,N102_LRP038b,0,LargeBus
9900,LargeBus65525,N102_LRP037d,0,LargeBus
9901,MediumTruck65533,N2_LRP156a,0,MediumTruck
9902,MediumTruck65537,N1_LRP425c,0.2682414895078537,MediumTruck
9903,MediumTruck65545,N2_LRP012c,0,MediumTruck
9904,SmallTruck65553,N1_LRP429c,0,SmallTruck
9905,SmallTruck65553,N1_LRP429b,0,SmallTruck
9906,SmallTruck65553,N1_LRP429a,0,SmallTruck
9907,SmallTruck65559,N104_LRP017b,0,SmallTruck
9908,MediumTruck65560,N105_LRP032b,0,MediumTruck
9909,MediumTruck65560,N105_LRP032c,0,MediumTruck
9910,MediumTruck65569,N1_LRP432a,0,MediumTruck
9911,SmallTruck65577,N105_LRP020c,0,SmallTruck
9912,LargeBus65581,N2_LRP165d,0,LargeBus
9913,LargeBus65581,N2_LRP165c,0,LargeBus
9914,MiniBus65585,N1_LRP433c,0,MiniBus
9915,MiniBus65585,N1_LRP433b,0.7349541647907495,MiniBus
9916,MediumTruck65586,N2_LRP024b,0,MediumTruck
9917,MediumTruck65589,N102_LRP058a,0,MediumTruck
9918,MediumTruck65593,N105_LRP024c,0,MediumTruck
9919,SmallTruck65596,N2_LRP125a,0,SmallTruck
9920,SmallTruck65596,N2_LRP124c,0,SmallTruck
9921,SmallTruck65598,N208_LRP024d,0,SmallTruck
9922,MiniBus65599,N2_LRP206b,0,MiniBus
9923,MediumTruck65601,N1_LRP439a,0,MediumTruck
9924,MediumTruck65605,N102_LRP062c,0,MediumTruck
9925,MediumTruck65605,N102_LRP062b,0,MediumTruck
9926,LargeBus65617,N1_LRP441a,0,LargeBus
9927,SmallTruck65620,N1_LRP098a,0,SmallTruck
9928,LargeBus65621,N102_LRP065a,0,LargeBus
9929,MediumTruck65628,N2_LRP134c,0,MediumTruck
9930,MediumTruck65628,N2_LRP134b,0,MediumTruck
9931,MediumTruck65633,N1_LRP447c,0,MediumTruck
9932,MediumTruck65635,N2_LRP276a,0,MediumTruck
9933,MediumTruck65642,N2_LRP128b,0,MediumTruck
9934,MediumTruck65642,N2_LRP129a,0,MediumTruck
9935,MiniBus65647,N2_LRP216b,0,MiniBus
9936,LargeBus65649,N1_LRP450c,0,LargeBus
9937,LargeBus65660,N207_LRP008c,0,LargeBus
9938,MediumTruck65661,N2_LRP199d,0,MediumTruck
9939,SmallTruck65663,N2_LRP221b,0,SmallTruck
9940,MediumTruck65665,N1_LRP455a,0,MediumTruck
9941,MediumTruck65666,N1_LRP012a,0,MediumTruck
9942,MediumTruck65666,N1_LRP012b,0,MediumTruck
9943,SmallTruck65667,N2_LRP284b,0,SmallTruck
9944,LargeBus65676,N2_LRP151a,0,LargeBus
9945,LargeBus65677,N2_LRP187b,0,LargeBus
9946,SmallTruck65281,N1_LRP367a,0,SmallTruck
9947,MiniBus65295,N2_LRP129a,0,MiniBus
9948,MiniBus65295,N2_LRP128b,0,MiniBus
9949,LargeBus65296,N1_LRP109a,0,LargeBus
9950,MediumTruck65297,N1_LRP371c,0,MediumTruck
9951,MediumTruck65297,N1_LRP371a,0,MediumTruck
9952,LargeBus65298,N2_LRP103c,0,LargeBus
9953,LargeBus65299,N2_LRP183c,0,LargeBus
9954,LargeBus65308,N2_LRP045b,0,LargeBus
9955,MiniBus65311,N2_LRP132c,0,MiniBus
9956,MiniBus65311,N2_LRP132b,0,MiniBus
9957,MiniBus65311,N2_LRP132a,0,MiniBus
9958,LargeBus65313,N1_LRP370e,0,LargeBus
9959,MediumTruck65314,N2_LRP093a,0,MediumTruck
9960,SmallTruck65323,N2_LRP061a,0,SmallTruck
9961,LargeBus65328,N2_LRP084a,0,LargeBus
9962,SmallTruck65329,N1_LRP377d,0,SmallTruck
9963,SmallTruck65329,N1_LRP377c,0,SmallTruck
9964,SmallTruck65329,N1_LRP377a,0,SmallTruck
9965,MediumTruck65337,N2_LRP064b,0,MediumTruck
9966,MediumTruck65345,N1_LRP382a,0,MediumTruck
9967,MediumTruck65345,N1_LRP381c,0,MediumTruck
9968,MediumTruck65345,N1_LRP381b,0,MediumTruck
9969,SmallTruck65346,N2_LRP079d,0,SmallTruck
9970,MediumTruck65353,N2_LRP060c,0,MediumTruck
9971,MediumTruck65353,N2_LRP061a,0,MediumTruck
9972,SmallTruck65355,N2_LRP166d,0,SmallTruck
9973,SmallTruck65355,N2_LRP166e,0,SmallTruck
9974,MiniBus65361,N1_LRP382b,0,MiniBus
9975,MiniBus65361,N1_LRP382a,0,MiniBus
9976,MiniBus65361,N1_LRP381c,0,MiniBus
9977,LargeBus65363,N2_LRP200c,0,LargeBus
9978,HeavyTruck65364,N102_LRP082a,0,HeavyTruck
9979,MediumTruck65365,N102_LRPSc,0,MediumTruck
9980,MediumTruck65367,N1_LRP112a,0,MediumTruck
9981,SmallTruck65372,N2_LRP070a,0,SmallTruck
9982,SmallTruck65372,N2_LRP069e,0,SmallTruck
9983,SmallTruck65372,N2_LRP069c,0,SmallTruck
9984,SmallTruck65373,N2_LRP117b,0,SmallTruck
9985,SmallTruck65373,N2_LRP117a,0.216917412479324,SmallTruck
9986,MediumTruck65374,N2_LRP207b,0,MediumTruck
9987,MediumTruck65384,N2_LRP076a,0,MediumTruck
9988,LargeBus65388,N2_LRP224b,0,LargeBus
9989,MediumTruck65391,N2_LRP158a,0,MediumTruck
9990,MiniBus65393,N1_LRP390a,0,MiniBus
9991,LargeBus65394,N2_LRP079a,0,LargeBus
9992,MiniBus65405,N2_LRP120a,0,MiniBus
9993,MiniBus65405,N2_LRP119c,0,MiniBus
9994,LargeBus65407,N2_LRP155a,0,LargeBus
9995,LargeBus65408,N1_LRP077a,0,LargeBus
9996,LargeBus65411,N2_LRP214b,0.05686506870335554,LargeBus
9997,MiniBus65418,N2_LRP044c,0,MiniBus
9998,MiniBus65418,N2_LRP044a,0,MiniBus
9999,LargeBus65419,N2_LRP078a,0,LargeBus
10000,MediumTruck65421,N2_LRP130c,0,MediumTruck
10001,MediumTruck65421,N2_LRP130b,0,MediumTruck
10002,MediumTruck65425,N1_LRP400a,0,MediumTruck
10003,SmallTruck65427,N2_LRP224b,0,SmallTruck
10004,SmallTruck65428,N102_LRP065a,0,SmallTruck
10005,MediumTruck65429,N102_LRP017a,0,MediumTruck
10006,LargeBus65431,N1_LRP171a,0.16065602870537615,LargeBus
10007,LargeBus65434,N2_LRP047c,0,LargeBus
10008,LargeBus65434,N2_LRP047a,0,LargeBus
10009,LargeBus65434,N2_LRP046c,0,LargeBus
10010,LargeBus65437,N2_LRP130c,0,LargeBus
10011,LargeBus65437,N2_LRP130b,0,LargeBus
10012,MiniBus65442,N2_LRP066a,0,MiniBus
10013,SmallTruck65443,N2_LRP226d,0,SmallTruck
10014,SmallTruck65443,N2_LRP226c,0,SmallTruck
10015,SmallTruck65459,N2_LRP230c,0,SmallTruck
10016,MiniBus65470,N2_LRP224b,0,MiniBus
10017,MediumTruck65473,N1_LRP412d,0,MediumTruck
10018,MediumTruck65473,N1_LRP412b,0,MediumTruck
10019,MediumTruck65474,N2_LRP052a,0,MediumTruck
10020,SmallTruck65483,N2_LRP135b,0,SmallTruck
10021,MediumTruck65489,N1_LRP415c,1.2802542991835468,MediumTruck
10022,SmallTruck65490,N2_LRP048b,0,SmallTruck
10023,MediumTruck65492,N1_LRP131b,0,MediumTruck
10024,MediumTruck65493,N102_LRP033c,0,MediumTruck
10025,MediumTruck65497,N2_LRP025a,0,MediumTruck
10026,MediumTruck65497,N2_LRP025b,0,MediumTruck
10027,MiniBus65500,N2_LRP096c,0,MiniBus
10028,MiniBus65500,N2_LRP096a,0,MiniBus
10029,LargeBus65505,N1_LRP415c,3.6097602506906914,LargeBus
10030,HeavyTruck65506,N2_LRP044c,0,HeavyTruck
10031,SmallTruck65508,N102_LRP045a,0,SmallTruck
10032,MediumTruck65513,N105_LRP003a,0,MediumTruck
10033,MiniBus65515,N2_LRP132a,0,MiniBus
10034,MiniBus65515,N2_LRP132b,0,MiniBus
10035,MiniBus65515,N2_LRP132c,0,MiniBus
10036,SmallTruck65517,N2_LRP151a,0,SmallTruck
10037,SmallTruck65519,N2_LRP186b,1.5199254561165167,SmallTruck
10038,SmallTruck65522,N2_LRP041b,0,SmallTruck
10039,SmallTruck65522,N2_LRP042a,0,SmallTruck
10040,MediumTruck65523,N2_LRP246c,0,MediumTruck
10041,MiniBus65524,N102_LRP045a,0,MiniBus
10042,LargeBus65525,N102_LRP037c,0,LargeBus
10043,MiniBus65526,N104_LRP044d,0,MiniBus
10044,SmallTruck65532,N2_LRP108a,0,SmallTruck
10045,MediumTruck65537,N1_LRP425b,0,MediumTruck
10046,MediumTruck65537,N1_LRP425a,0,MediumTruck
10047,MediumTruck65541,N102_LRP045a,0,MediumTruck
10048,LargeBus65542,N1_LRP107a,0,LargeBus
10049,MediumTruck65545,N2_LRP012f,0,MediumTruck
10050,SmallTruck65552,N2_LRP024b,0,SmallTruck
10051,SmallTruck65553,N1_LRP428d,0,SmallTruck
10052,SmallTruck65553,N1_LRP428c,0,SmallTruck
10053,SmallTruck65553,N1_LRP428b,0,SmallTruck
10054,SmallTruck65553,N1_LRP428a,0,SmallTruck
10055,MediumTruck65569,N1_LRP431d,0.10318943086223963,MediumTruck
10056,MediumTruck65571,N2_LRP258a,0,MediumTruck
10057,SmallTruck65572,N102_LRP028c,0,SmallTruck
10058,LargeBus65575,N104_LRP017b,0,LargeBus
10059,MediumTruck65578,N2_LRP090a,0,MediumTruck
10060,LargeBus65581,N2_LRP164d,0,LargeBus
10061,LargeBus65581,N2_LRP164b,0,LargeBus
10062,LargeBus65581,N2_LRP164a,0,LargeBus
10063,MiniBus65582,N208_LRP031d,0,MiniBus
10064,MediumTruck65583,N208_LRP029c,0,MediumTruck
10065,MiniBus65585,N1_LRP432b,0,MiniBus
10066,MediumTruck65586,N2_LRP025a,0,MediumTruck
10067,MediumTruck65586,N2_LRP025b,0,MediumTruck
10068,MediumTruck65590,N1_LRP123a,0,MediumTruck
10069,SmallTruck65596,N2_LRP123e,0,SmallTruck
10070,SmallTruck65596,N2_LRP123d,0,SmallTruck
10071,MiniBus65600,N1_LRP023a,0,MiniBus
10072,MediumTruck65602,N2_LRP021a,0,MediumTruck
10073,MiniBus65603,N2_LRP264a,0,MiniBus
10074,LargeBus65604,N102_LRP022a,0,LargeBus
10075,MediumTruck65606,N1_LRP127a,0,MediumTruck
10076,MediumTruck65608,N105_LRP020c,0,MediumTruck
10077,MediumTruck65612,N2_LRP166d,0,MediumTruck
10078,MediumTruck65612,N2_LRP166e,0,MediumTruck
10079,MediumTruck65612,N2_LRP167b,0,MediumTruck
10080,LargeBus65618,N2_LRP018a,0,LargeBus
10081,MediumTruck65624,N2_LRP016a,0,MediumTruck
10082,MediumTruck65625,N105_LRP032c,0,MediumTruck
10083,MediumTruck65625,N105_LRP032b,0,MediumTruck
10084,MediumTruck65628,N2_LRP133a,0,MediumTruck
10085,SmallTruck65631,N2_LRP214b,1.0568650687033556,SmallTruck
10086,MediumTruck65633,N1_LRP447b,0,MediumTruck
10087,MediumTruck65633,N1_LRP447a,0,MediumTruck
10088,MediumTruck65633,N1_LRP446d,0,MediumTruck
10089,MediumTruck65633,N1_LRP446b,0,MediumTruck
10090,LargeBus65636,N1_LRP068a,0,LargeBus
10091,MediumTruck65638,N1_LRP136a,0,MediumTruck
10092,MediumTruck65642,N2_LRP129b,0,MediumTruck
10093,MediumTruck65642,N2_LRP129c,0,MediumTruck
10094,MediumTruck65642,N2_LRP130a,0,MediumTruck
10095,MiniBus65647,N2_LRP216a,0,MiniBus
10096,LargeBus65649,N1_LRP450a,0,LargeBus
10097,MediumTruck65657,N105_LRP041c,0,MediumTruck
10098,MediumTruck65661,N2_LRP200c,0,MediumTruck
10099,SmallTruck65667,N2_LRP283b,0,SmallTruck
10100,LargeBus65676,N2_LRP151b,0,LargeBus
10101,LargeBus65676,N2_LRP152a,0,LargeBus
10102,LargeBus65677,N2_LRP186d,0,LargeBus
10103,MiniBus65678,N208_LRP004c,0,MiniBus
10104,MediumTruck65686,N104_LRPSa,0,MediumTruck
10105,MediumTruck65688,N1_LRP011a,0,MediumTruck
10106,MiniBus65295,N2_LRP128a,0,MiniBus
10107,MiniBus65295,N2_LRP127c,0,MiniBus
10108,MediumTruck65297,N1_LRP370e,0,MediumTruck
10109,LargeBus65298,N2_LRP104a,0,LargeBus
10110,LargeBus65299,N2_LRP183a,0,LargeBus
10111,LargeBus65299,N2_LRP182d,0,LargeBus
10112,LargeBus65300,N105_LRP039b,0,LargeBus
10113,SmallTruck65303,N1_LRP094a,0,SmallTruck
10114,SmallTruck65304,N1_LRP111a,0,SmallTruck
10115,LargeBus65308,N2_LRP044c,0,LargeBus
10116,LargeBus65308,N2_LRP044a,0,LargeBus
10117,LargeBus65313,N1_LRP370c,0,LargeBus
10118,LargeBus65313,N1_LRP370a,0,LargeBus
10119,LargeBus65313,N1_LRP369c,0,LargeBus
10120,MediumTruck65321,N2_LRP069c,0,MediumTruck
10121,MediumTruck65321,N2_LRP069e,0,MediumTruck
10122,MediumTruck65321,N2_LRP070a,0,MediumTruck
10123,SmallTruck65323,N2_LRP060c,0,SmallTruck
10124,MediumTruck65325,N2_LRP104a,0,MediumTruck
10125,SmallTruck65329,N1_LRP376a,0,SmallTruck
10126,SmallTruck65331,N2_LRP200c,0,SmallTruck
10127,MediumTruck65336,N2_LRP086a,0,MediumTruck
10128,SmallTruck65346,N2_LRP081a,0,SmallTruck
10129,MediumTruck65351,N1_LRP107a,0,MediumTruck
10130,SmallTruck65355,N2_LRP167b,0,SmallTruck
10131,MediumTruck65356,N2_LRP064b,0,MediumTruck
10132,MediumTruck65356,N2_LRP064a,0,MediumTruck
10133,MediumTruck65360,N1_LRP083a,0,MediumTruck
10134,MediumTruck65360,N1_LRP083b,0,MediumTruck
10135,MiniBus65361,N1_LRP381b,0,MiniBus
10136,LargeBus65363,N2_LRP199d,0,LargeBus
10137,MediumTruck65367,N1_LRP111a,0,MediumTruck
10138,MediumTruck65377,N1_LRP390a,0,MediumTruck
10139,MediumTruck65377,N1_LRP389d,0,MediumTruck
10140,MediumTruck65384,N2_LRP076b,0,MediumTruck
10141,MediumTruck65387,N2_LRP076b,0,MediumTruck
10142,LargeBus65388,N2_LRP225c,0.11548732401535922,LargeBus
10143,MediumTruck65391,N2_LRP157b,0,MediumTruck
10144,MiniBus65393,N1_LRP389d,0,MiniBus
10145,LargeBus65394,N2_LRP079b,4.050805104114783,LargeBus
10146,LargeBus65395,N2_LRP207b,0,LargeBus
10147,MediumTruck65402,N2_LRP045b,0,MediumTruck
10148,MiniBus65405,N2_LRP118g,0,MiniBus
10149,MiniBus65405,N2_LRP118e,0,MiniBus
10150,LargeBus65407,N2_LRP154c,0,LargeBus
10151,MediumTruck65410,N2_LRP069c,0,MediumTruck
10152,MediumTruck65410,N2_LRP069e,0,MediumTruck
10153,MediumTruck65410,N2_LRP070a,0,MediumTruck
10154,MiniBus65418,N2_LRP043d,0,MiniBus
10155,LargeBus65419,N2_LRP076b,0,LargeBus
10156,MediumTruck65421,N2_LRP130a,0,MediumTruck
10157,MediumTruck65421,N2_LRP129c,0,MediumTruck
10158,LargeBus65422,N2_LRP211c,0,LargeBus
10159,LargeBus65422,N2_LRP211b,0,LargeBus
10160,MediumTruck65425,N1_LRP398d,0.38128481262936564,MediumTruck
10161,SmallTruck65430,N1_LRP207a,0,SmallTruck
10162,LargeBus65431,N1_LRP171b,0,LargeBus
10163,MediumTruck65436,N2_LRP084a,0,MediumTruck
10164,LargeBus65437,N2_LRP130a,0,LargeBus
10165,LargeBus65437,N2_LRP129c,0,LargeBus
10166,LargeBus65437,N2_LRP129b,0,LargeBus
10167,MediumTruck65441,N1_LRP403a,0,MediumTruck
10168,MiniBus65442,N2_LRP067c,0,MiniBus
10169,HeavyTruck65444,N1_LRP020a,0,HeavyTruck
10170,MediumTruck65457,N1_LRP408a,0,MediumTruck
10171,SmallTruck65459,N2_LRP229c,0,SmallTruck
10172,MediumTruck65473,N1_LRP412a,0,MediumTruck
10173,MediumTruck65473,N1_LRP411b,0,MediumTruck
10174,MediumTruck65474,N2_LRP053a,0,MediumTruck
10175,SmallTruck65477,N102_LRP028c,0,SmallTruck
10176,MiniBus65500,N2_LRP095a,0,MiniBus
10177,HeavyTruck65506,N2_LRP045b,0,HeavyTruck
10178,LargeBus65507,N2_LRP236c,0,LargeBus
10179,MiniBus65515,N2_LRP133a,0,MiniBus
10180,MediumTruck65518,N208_LRP046b,0,MediumTruck
10181,MediumTruck65521,N1_LRP422b,0,MediumTruck
10182,MediumTruck65521,N1_LRP421f,0,MediumTruck
10183,LargeBus65525,N102_LRP036d,0,LargeBus
10184,LargeBus65525,N102_LRP036b,0,LargeBus
10185,MediumTruck65533,N2_LRP155a,0,MediumTruck
10186,MediumTruck65535,N2_LRP188a,0,MediumTruck
10187,MediumTruck65536,N2_LRP029b,0,MediumTruck
10188,MediumTruck65537,N1_LRP424e,0,MediumTruck
10189,MediumTruck65537,N1_LRP424c,0,MediumTruck
10190,MediumTruck65537,N1_LRP424b,0,MediumTruck
10191,MediumTruck65537,N1_LRP424a,0.3094576223364937,MediumTruck
10192,MediumTruck65538,N2_LRP038c,0,MediumTruck
10193,SmallTruck65539,N2_LRP249a,0,SmallTruck
10194,SmallTruck65552,N2_LRP025a,0,SmallTruck
10195,SmallTruck65552,N2_LRP025b,0,SmallTruck
10196,SmallTruck65553,N1_LRP427e,0,SmallTruck
10197,SmallTruck65553,N1_LRP427d,0,SmallTruck
10198,SmallTruck65553,N1_LRP427b,0,SmallTruck
10199,LargeBus65557,N102_LRP045a,0,LargeBus
10200,MediumTruck65566,N208_LRP034c,0,MediumTruck
10201,MediumTruck65566,N208_LRP034d,0,MediumTruck
10202,MiniBus65567,N2_LRP264a,0,MiniBus
10203,MediumTruck65568,N1_LRP030a,0,MediumTruck
10204,SmallTruck65572,N102_LRP029d,0,SmallTruck
10205,LargeBus65581,N2_LRP163d,0,LargeBus
10206,LargeBus65581,N2_LRP163c,0,LargeBus
10207,LargeBus65581,N2_LRP163b,0,LargeBus
10208,MediumTruck65583,N208_LRP028d,0,MediumTruck
10209,MiniBus65585,N1_LRP432a,0,MiniBus
10210,MiniBus65585,N1_LRP431d,0.13428524368735395,MiniBus
10211,MediumTruck65587,N2_LRP262a,0,MediumTruck
10212,MediumTruck65587,N2_LRP261b,0,MediumTruck
10213,MediumTruck65590,N1_LRP122a,0,MediumTruck
10214,SmallTruck65592,N2_LRP024b,0,SmallTruck
10215,SmallTruck65592,N2_LRP025a,0,SmallTruck
10216,MediumTruck65593,N105_LRP023c,0,MediumTruck
10217,SmallTruck65596,N2_LRP123c,0,SmallTruck
10218,MediumTruck65601,N1_LRP438c,0,MediumTruck
10219,MediumTruck65601,N1_LRP438b,0,MediumTruck
10220,MediumTruck65601,N1_LRP438a,0,MediumTruck
10221,MediumTruck65602,N2_LRP021b,0,MediumTruck
10222,MediumTruck65608,N105_LRP021d,0,MediumTruck
10223,MediumTruck65609,N105_LRP027c,0,MediumTruck
10224,SmallTruck65610,N2_LRP138a,0,SmallTruck
10225,SmallTruck65610,N2_LRP138b,0,SmallTruck
10226,MediumTruck65612,N2_LRP167c,0,MediumTruck
10227,MiniBus65614,N208_LRP024d,0,MiniBus
10228,LargeBus65617,N1_LRP440a,0,LargeBus
10229,MediumTruck65622,N104_LRP017b,0,MediumTruck
10230,MediumTruck65626,N204_LRP020b,0,MediumTruck
10231,MediumTruck65627,N204_LRP020b,0,MediumTruck
10232,MediumTruck65628,N2_LRP132c,0,MediumTruck
10233,MediumTruck65635,N2_LRP274e,0,MediumTruck
10234,MediumTruck65642,N2_LRP130b,0,MediumTruck
10235,MediumTruck65642,N2_LRP130c,0,MediumTruck
10236,MiniBus65647,N2_LRP214b,0.14396893529932148,MiniBus
10237,LargeBus65649,N1_LRP449d,0,LargeBus
10238,LargeBus65649,N1_LRP449c,0,LargeBus
10239,MediumTruck65657,N105_LRP040c,0,MediumTruck
10240,MediumTruck65658,N2_LRP108a,0,MediumTruck
10241,SmallTruck65663,N2_LRP219a,0,SmallTruck
10242,MediumTruck65664,N1_LRP004b,0,MediumTruck
10243,MediumTruck65666,N1_LRP014a,0,MediumTruck
10244,MediumTruck65668,N1_LRP077a,0,MediumTruck
10245,SmallTruck65671,N104_LRP044d,0,SmallTruck
10246,LargeBus65676,N2_LRP152b,0,LargeBus
10247,LargeBus65676,N2_LRP152c,0,LargeBus
10248,LargeBus65676,N2_LRP152d,0,LargeBus
10249,LargeBus65677,N2_LRP186c,0,LargeBus
10250,LargeBus65677,N2_LRP186b,0.5588376136799647,LargeBus
10251,SmallTruck65684,N102_LRPSc,0,SmallTruck
10252,MediumTruck65685,N102_LRP082a,0,MediumTruck
10253,MediumTruck65688,N1_LRP010c,0,MediumTruck
10254,MediumTruck65688,N1_LRP010b,0,MediumTruck
10255,MediumTruck65692,N2_LRP146a,0,MediumTruck
10256,MiniBus65295,N2_LRP127b,0,MiniBus
10257,MiniBus65295,N2_LRP126d,0,MiniBus
10258,MiniBus65295,N2_LRP126c,0,MiniBus
10259,MiniBus65295,N2_LRP126b,0,MiniBus
10260,MediumTruck65297,N1_LRP370c,0,MediumTruck
10261,MediumTruck65297,N1_LRP370a,0,MediumTruck
10262,MediumTruck65297,N1_LRP369c,0,MediumTruck
10263,LargeBus65299,N2_LRP182b,0,LargeBus
10264,LargeBus65299,N2_LRP182a,0,LargeBus
10265,LargeBus65300,N105_LRP040c,0,LargeBus
10266,SmallTruck65304,N1_LRP112a,0,SmallTruck
10267,LargeBus65308,N2_LRP043d,0,LargeBus
10268,MiniBus65311,N2_LRP130c,0,MiniBus
10269,MiniBus65311,N2_LRP130b,0,MiniBus
10270,MediumTruck65312,N2_LRP084a,0,MediumTruck
10271,LargeBus65313,N1_LRP369b,0,LargeBus
10272,LargeBus65313,N1_LRP369a,0,LargeBus
10273,SmallTruck65316,N2_LRP024b,0,SmallTruck
10274,SmallTruck65316,N2_LRP025a,0,SmallTruck
10275,MediumTruck65321,N2_LRP070c,0,MediumTruck
10276,LargeBus65328,N2_LRP086a,0,LargeBus
10277,SmallTruck65329,N1_LRP375c,0,SmallTruck
10278,SmallTruck65331,N2_LRP199d,0,SmallTruck
10279,MediumTruck65336,N2_LRP087a,0,MediumTruck
10280,MediumTruck65337,N2_LRP066a,0,MediumTruck
10281,MediumTruck65341,N2_LRP108a,0,MediumTruck
10282,MediumTruck65345,N1_LRP380c,0,MediumTruck
10283,MediumTruck65345,N1_LRP380a,0,MediumTruck
10284,SmallTruck65346,N2_LRP081b,0,SmallTruck
10285,HeavyTruck65352,N102_LRP017a,0,HeavyTruck
10286,SmallTruck65355,N2_LRP167c,0,SmallTruck
10287,SmallTruck65355,N2_LRP168a,0,SmallTruck
10288,MiniBus65361,N1_LRP380c,0,MiniBus
10289,MiniBus65361,N1_LRP380a,0,MiniBus
10290,SmallTruck65372,N2_LRP067c,0,SmallTruck
10291,MediumTruck65377,N1_LRP389b,0.12041527868185752,MediumTruck
10292,MediumTruck65382,N1_LRP068a,0,MediumTruck
10293,MediumTruck65387,N2_LRP076a,0,MediumTruck
10294,MediumTruck65391,N2_LRP157a,0,MediumTruck
10295,MiniBus65393,N1_LRP389b,1.1204152786818575,MiniBus
10296,LargeBus65395,N2_LRP206b,0,LargeBus
10297,MediumTruck65402,N2_LRP044c,0,MediumTruck
10298,MediumTruck65404,N2_LRP079a,0,MediumTruck
10299,MiniBus65405,N2_LRP118b,0,MiniBus
10300,MiniBus65405,N2_LRP118a,0,MiniBus
10301,LargeBus65407,N2_LRP153b,0,LargeBus
10302,MediumTruck65410,N2_LRP070c,0,MediumTruck
10303,SmallTruck65416,N2_LRP069c,0,SmallTruck
10304,SmallTruck65416,N2_LRP069e,0,SmallTruck
10305,SmallTruck65416,N2_LRP070a,0,SmallTruck
10306,MiniBus65418,N2_LRP043a,0.0351394959730563,MiniBus
10307,LargeBus65419,N2_LRP076a,0,LargeBus
10308,MediumTruck65421,N2_LRP129b,0,MediumTruck
10309,MediumTruck65421,N2_LRP129a,0,MediumTruck
10310,MediumTruck65421,N2_LRP128b,0,MediumTruck
10311,MediumTruck65425,N1_LRP398a,0,MediumTruck
10312,MediumTruck65429,N102_LRP015a,0,MediumTruck
10313,LargeBus65431,N1_LRP171c,0,LargeBus
10314,LargeBus65434,N2_LRP045b,0,LargeBus
10315,LargeBus65437,N2_LRP129a,0,LargeBus
10316,LargeBus65437,N2_LRP128b,0,LargeBus
10317,MediumTruck65441,N1_LRP402b,0,MediumTruck
10318,SmallTruck65443,N2_LRP225c,0.007747297164213444,SmallTruck
10319,MediumTruck65445,N102_LRP019b,0,MediumTruck
10320,MediumTruck65445,N102_LRP019a,0,MediumTruck
10321,SmallTruck65449,N1_LRP026a,0,SmallTruck
10322,SmallTruck65449,N1_LRP026b,0,SmallTruck
10323,SmallTruck65459,N2_LRP229a,0.9899666381084018,SmallTruck
10324,HeavyTruck65460,N1_LRP023a,0,HeavyTruck
10325,MediumTruck65469,N207_LRP008c,0,MediumTruck
10326,MediumTruck65473,N1_LRP411a,0,MediumTruck
10327,MediumTruck65474,N2_LRP054a,0,MediumTruck
10328,MediumTruck65476,N102_LRP055c,0,MediumTruck
10329,SmallTruck65485,N2_LRP141b,0,SmallTruck
10330,SmallTruck65485,N2_LRP141a,0,SmallTruck
10331,SmallTruck65486,N208_LRP055a,0,SmallTruck
10332,MediumTruck65488,N1_LRP051a,0,MediumTruck
10333,SmallTruck65490,N2_LRP050a,0,SmallTruck
10334,HeavyTruck65491,N2_LRP236c,0,HeavyTruck
10335,MediumTruck65492,N1_LRP134a,0,MediumTruck
10336,MiniBus65502,N208_LRP055a,0,MiniBus
10337,LargeBus65507,N2_LRP236a,0,LargeBus
10338,MiniBus65515,N2_LRP134b,0,MiniBus
10339,MediumTruck65521,N1_LRP421d,0,MediumTruck
10340,SmallTruck65522,N2_LRP043a,0.13778506272505964,SmallTruck
10341,MediumTruck65529,N105_LRP006a,0,MediumTruck
10342,MediumTruck65529,N105_LRP005c,0,MediumTruck
10343,SmallTruck65532,N2_LRP106b,0,SmallTruck
10344,SmallTruck65532,N2_LRP106a,0,SmallTruck
10345,MediumTruck65533,N2_LRP154c,0,MediumTruck
10346,MediumTruck65535,N2_LRP187b,0,MediumTruck
10347,MediumTruck65538,N2_LRP039a,0,MediumTruck
10348,LargeBus65542,N1_LRP105a,0,LargeBus
10349,MediumTruck65544,N105_LRP039b,0,MediumTruck
10350,SmallTruck65553,N1_LRP426e,0,SmallTruck
10351,SmallTruck65553,N1_LRP426d,0,SmallTruck
10352,MediumTruck65560,N105_LRP035d,0,MediumTruck
10353,SmallTruck65563,N2_LRP117b,0,SmallTruck
10354,SmallTruck65563,N2_LRP117a,0.024744532550538222,SmallTruck
10355,MediumTruck65569,N1_LRP431b,0,MediumTruck
10356,MediumTruck65569,N1_LRP431a,0,MediumTruck
10357,MediumTruck65569,N1_LRP430c,0,MediumTruck
10358,LargeBus65581,N2_LRP163a,0,LargeBus
10359,LargeBus65581,N2_LRP162e,0,LargeBus
10360,LargeBus65581,N2_LRP162d,0,LargeBus
10361,LargeBus65581,N2_LRP162c,0,LargeBus
10362,MediumTruck65583,N208_LRP027f,0,MediumTruck
10363,MediumTruck65583,N208_LRP027d,0,MediumTruck
10364,MediumTruck65584,N1_LRP026a,0,MediumTruck
10365,MediumTruck65584,N1_LRP026b,0,MediumTruck
10366,MediumTruck65587,N2_LRP261a,0,MediumTruck
10367,SmallTruck65592,N2_LRP025b,0,SmallTruck
10368,MediumTruck65593,N105_LRP022c,0,MediumTruck
10369,SmallTruck65596,N2_LRP122b,0,SmallTruck
10370,SmallTruck65598,N208_LRP027b,0,SmallTruck
10371,SmallTruck65598,N208_LRP027d,0,SmallTruck
10372,MediumTruck65601,N1_LRP437b,0,MediumTruck
10373,MediumTruck65601,N1_LRP437a,0,MediumTruck
10374,MediumTruck65608,N105_LRP022c,0,MediumTruck
10375,SmallTruck65610,N2_LRP139a,0,SmallTruck
10376,SmallTruck65610,N2_LRP139b,0,SmallTruck
10377,MediumTruck65612,N2_LRP168a,0,MediumTruck
10378,MediumTruck65612,N2_LRP168c,0,MediumTruck
10379,LargeBus65617,N1_LRP439a,0,LargeBus
10380,LargeBus65618,N2_LRP021a,0,LargeBus
10381,LargeBus65621,N102_LRP062c,0,LargeBus
10382,LargeBus65621,N102_LRP062b,0,LargeBus
10383,MediumTruck65625,N105_LRP030c,0,MediumTruck
10384,MediumTruck65628,N2_LRP132b,0,MediumTruck
10385,MediumTruck65628,N2_LRP132a,0,MediumTruck
10386,MediumTruck65633,N1_LRP445d,0,MediumTruck
10387,MediumTruck65633,N1_LRP445b,0,MediumTruck
10388,SmallTruck65634,N1_LRP023a,0,SmallTruck
10389,MediumTruck65638,N1_LRP134a,0,MediumTruck
10390,MediumTruck65641,N105_LRP035d,0,MediumTruck
10391,LargeBus65649,N1_LRP448a,0,LargeBus
10392,LargeBus65650,N2_LRP012c,0,LargeBus
10393,MediumTruck65657,N105_LRP039b,0,MediumTruck
10394,MediumTruck65665,N1_LRP452e,0,MediumTruck
10395,MediumTruck65665,N1_LRP452d,0,MediumTruck
10396,LargeBus65676,N2_LRP153a,0,LargeBus
10397,LargeBus65676,N2_LRP153b,0,LargeBus
10398,MediumTruck65680,N1_LRP001a,0,MediumTruck
10399,LargeBus65681,N1_LRP456c,0,LargeBus
10400,LargeBus65683,N2_LRP285c,0,LargeBus
10401,LargeBus65683,N2_LRP285a,0,LargeBus
10402,SmallTruck65684,N102_LRP002a,0,SmallTruck
10403,SmallTruck65281,N1_LRP364d,0,SmallTruck
10404,MediumTruck65289,N1_LRP068a,0,MediumTruck
10405,MiniBus65295,N2_LRP126a,0,MiniBus
10406,MiniBus65295,N2_LRP125d,0,MiniBus
10407,LargeBus65296,N1_LRP111a,0,LargeBus
10408,MediumTruck65297,N1_LRP369b,0,MediumTruck
10409,MediumTruck65297,N1_LRP369a,0,MediumTruck
10410,LargeBus65298,N2_LRP106a,0,LargeBus
10411,LargeBus65299,N2_LRP181c,0,LargeBus
10412,LargeBus65300,N105_LRP041c,0,LargeBus
10413,SmallTruck65301,N1_LRP064c,0,SmallTruck
10414,LargeBus65308,N2_LRP043a,1.1377850627250596,LargeBus
10415,MiniBus65311,N2_LRP130a,0,MiniBus
10416,MiniBus65311,N2_LRP129c,0,MiniBus
10417,MiniBus65311,N2_LRP129b,0,MiniBus
10418,LargeBus65313,N1_LRP368a,0.03012816870713751,LargeBus
10419,SmallTruck65316,N2_LRP025b,0,SmallTruck
10420,SmallTruck65323,N2_LRP059a,0,SmallTruck
10421,SmallTruck65323,N2_LRP058c,0,SmallTruck
10422,MediumTruck65325,N2_LRP103c,0,MediumTruck
10423,LargeBus65328,N2_LRP087a,0,LargeBus
10424,SmallTruck65329,N1_LRP374e,0,SmallTruck
10425,MediumTruck65337,N2_LRP067c,0,MediumTruck
10426,MediumTruck65351,N1_LRP105a,0,MediumTruck
10427,SmallTruck65355,N2_LRP168c,0,SmallTruck
10428,MediumTruck65358,N2_LRP200c,0,MediumTruck
10429,MediumTruck65362,N2_LRP079d,0,MediumTruck
10430,MediumTruck65374,N2_LRP206b,0,MediumTruck
10431,LargeBus65376,N1_LRP088a,0,LargeBus
10432,MediumTruck65377,N1_LRP389a,0,MediumTruck
10433,SmallTruck65381,N102_LRP002c,0,SmallTruck
10434,SmallTruck65381,N102_LRP002b,0,SmallTruck
10435,SmallTruck65381,N102_LRP002a,0,SmallTruck
10436,MediumTruck65384,N2_LRP078a,0,MediumTruck
10437,LargeBus65388,N2_LRP226c,0,LargeBus
10438,LargeBus65388,N2_LRP226d,0,LargeBus
10439,MiniBus65390,N2_LRP200c,0,MiniBus
10440,MediumTruck65391,N2_LRP156a,0,MediumTruck
10441,MediumTruck65402,N2_LRP044a,0,MediumTruck
10442,MediumTruck65402,N2_LRP043d,0,MediumTruck
10443,MediumTruck65404,N2_LRP078a,0,MediumTruck
10444,MiniBus65405,N2_LRP117b,0,MiniBus
10445,MiniBus65405,N2_LRP117a,0.06347455399551896,MiniBus
10446,LargeBus65407,N2_LRP153a,0,LargeBus
10447,LargeBus65407,N2_LRP152d,0,LargeBus
10448,LargeBus65407,N2_LRP152c,0,LargeBus
10449,SmallTruck65416,N2_LRP070c,0,SmallTruck
10450,MediumTruck65421,N2_LRP128a,0,MediumTruck
10451,MediumTruck65421,N2_LRP127c,0,MediumTruck
10452,MediumTruck65426,N1_LRP077a,0,MediumTruck
10453,SmallTruck65427,N2_LRP221b,0,SmallTruck
10454,SmallTruck65430,N1_LRP208d,0,SmallTruck
10455,SmallTruck65430,N1_LRP209a,0,SmallTruck
10456,LargeBus65431,N1_LRP172a,0,LargeBus
10457,LargeBus65431,N1_LRP172b,0,LargeBus
10458,LargeBus65434,N2_LRP044c,0,LargeBus
10459,LargeBus65434,N2_LRP044a,0,LargeBus
10460,LargeBus65437,N2_LRP128a,0,LargeBus
10461,LargeBus65437,N2_LRP127c,0,LargeBus
10462,MediumTruck65440,N1_LRP064c,0,MediumTruck
10463,MediumTruck65446,N1_LRP083b,0,MediumTruck
10464,SmallTruck65449,N1_LRP027a,0,SmallTruck
10465,MediumTruck65461,N102_LRP022a,0,MediumTruck
10466,MediumTruck65462,N1_LRP088a,0,MediumTruck
10467,MediumTruck65465,N2_LRP035b,0,MediumTruck
10468,MediumTruck65473,N1_LRP410c,0.07167034662792825,MediumTruck
10469,MediumTruck65474,N2_LRP054b,0,MediumTruck
10470,SmallTruck65475,N2_LRP231d,0,SmallTruck
10471,SmallTruck65475,N2_LRP231c,0,SmallTruck
10472,SmallTruck65483,N2_LRP138a,0,SmallTruck
10473,SmallTruck65483,N2_LRP138b,0,SmallTruck
10474,SmallTruck65485,N2_LRP140c,0.05943737150457963,SmallTruck
10475,MediumTruck65489,N1_LRP414a,0,MediumTruck
10476,HeavyTruck65491,N2_LRP236a,0,HeavyTruck
10477,HeavyTruck65491,N2_LRP235a,0,HeavyTruck
10478,LargeBus65495,N1_LRP137a,0,LargeBus
10479,HeavyTruck65506,N2_LRP046c,0,HeavyTruck
10480,HeavyTruck65506,N2_LRP047a,0,HeavyTruck
10481,HeavyTruck65506,N2_LRP047c,0,HeavyTruck
10482,LargeBus65507,N2_LRP235a,0,LargeBus
10483,MiniBus65515,N2_LRP134c,0,MiniBus
10484,MiniBus65515,N2_LRP135a,0,MiniBus
10485,MediumTruck65521,N1_LRP420e,0,MediumTruck
10486,MediumTruck65521,N1_LRP420d,0,MediumTruck
10487,MediumTruck65523,N2_LRP243b,0,MediumTruck
10488,LargeBus65525,N102_LRP034b,0,LargeBus
10489,MediumTruck65533,N2_LRP153b,0,MediumTruck
10490,MediumTruck65533,N2_LRP153a,0,MediumTruck
10491,MediumTruck65535,N2_LRP186d,0,MediumTruck
10492,MediumTruck65537,N1_LRP423d,0,MediumTruck
10493,MediumTruck65537,N1_LRP423c,0,MediumTruck
10494,MediumTruck65537,N1_LRP423b,0.3111373060326222,MediumTruck
10495,MediumTruck65538,N2_LRP039c,0,MediumTruck
10496,MediumTruck65538,N2_LRP040a,0,MediumTruck
10497,SmallTruck65539,N2_LRP248a,0,SmallTruck
10498,MediumTruck65544,N105_LRP040c,0,MediumTruck
10499,SmallTruck65553,N1_LRP426c,0,SmallTruck
10500,SmallTruck65553,N1_LRP426b,0,SmallTruck
10501,SmallTruck65553,N1_LRP426a,0,SmallTruck
10502,SmallTruck65553,N1_LRP425e,0,SmallTruck
10503,MediumTruck65569,N1_LRP430b,0,MediumTruck
10504,MediumTruck65569,N1_LRP430a,0,MediumTruck
10505,MediumTruck65569,N1_LRP429f,0,MediumTruck
10506,SmallTruck65577,N105_LRP017c,0,SmallTruck
10507,MediumTruck65578,N2_LRP087a,0,MediumTruck
10508,SmallTruck65579,N204_LRP003b,0,SmallTruck
10509,LargeBus65581,N2_LRP162a,0.7587036192598237,LargeBus
10510,MiniBus65582,N208_LRP034c,0,MiniBus
10511,MiniBus65582,N208_LRP034d,0,MiniBus
10512,MediumTruck65583,N208_LRP027b,0,MediumTruck
10513,MediumTruck65584,N1_LRP027a,0,MediumTruck
10514,MiniBus65585,N1_LRP431b,0,MiniBus
10515,MiniBus65585,N1_LRP431a,0,MiniBus
10516,MiniBus65585,N1_LRP430c,0,MiniBus
10517,MediumTruck65589,N102_LRP055c,0,MediumTruck
10518,MediumTruck65590,N1_LRP120b,0,MediumTruck
10519,MediumTruck65593,N105_LRP021d,0,MediumTruck
10520,SmallTruck65596,N2_LRP121c,0,SmallTruck
10521,SmallTruck65598,N208_LRP027f,0,SmallTruck
10522,MediumTruck65601,N1_LRP436a,0,MediumTruck
10523,MiniBus65603,N2_LRP262a,0,MiniBus
10524,MiniBus65603,N2_LRP261b,0,MiniBus
10525,MediumTruck65608,N105_LRP023c,0,MediumTruck
10526,SmallTruck65610,N2_LRP140a,0.09720442098418146,SmallTruck
10527,MediumTruck65612,N2_LRP169b,0,MediumTruck
10528,MediumTruck65612,N2_LRP169c,0,MediumTruck
10529,MediumTruck65612,N2_LRP169d,0,MediumTruck
10530,LargeBus65617,N1_LRP438c,0,LargeBus
10531,LargeBus65617,N1_LRP438b,0,LargeBus
10532,LargeBus65618,N2_LRP021b,0,LargeBus
10533,MediumTruck65624,N2_LRP018a,0,MediumTruck
10534,MediumTruck65633,N1_LRP444e,0,MediumTruck
10535,MediumTruck65633,N1_LRP444d,0,MediumTruck
10536,MediumTruck65633,N1_LRP444c,0,MediumTruck
10537,MediumTruck65633,N1_LRP444b,0,MediumTruck
10538,MediumTruck65633,N1_LRP444a,0,MediumTruck
10539,MediumTruck65642,N2_LRP132a,0,MediumTruck
10540,MediumTruck65642,N2_LRP132b,0,MediumTruck
10541,MediumTruck65645,N2_LRP206b,0,MediumTruck
10542,MediumTruck65648,N1_LRP010b,0,MediumTruck
10543,MediumTruck65648,N1_LRP010c,0,MediumTruck
10544,MediumTruck65648,N1_LRP011a,0,MediumTruck
10545,LargeBus65649,N1_LRP447c,0,LargeBus
10546,LargeBus65649,N1_LRP447b,0,LargeBus
10547,LargeBus65649,N1_LRP447a,0,LargeBus
10548,LargeBus65650,N2_LRP012f,0,LargeBus
10549,LargeBus65651,N2_LRP276a,0,LargeBus
10550,SmallTruck65654,N1_LRP137a,0,SmallTruck
10551,MediumTruck65658,N2_LRP106b,0,MediumTruck
10552,MediumTruck65658,N2_LRP106a,0,MediumTruck
10553,MiniBus65662,N208_LRP011b,0,MiniBus
10554,MediumTruck65665,N1_LRP452c,0,MediumTruck
10555,MediumTruck65665,N1_LRP452a,0,MediumTruck
10556,MediumTruck65665,N1_LRP451e,0,MediumTruck
10557,SmallTruck65673,N105_LRP042b,0,SmallTruck
10558,LargeBus65676,N2_LRP154c,0,LargeBus
10559,LargeBus65681,N1_LRP456a,0,LargeBus
10560,LargeBus65683,N2_LRP284c,0,LargeBus
10561,LargeBus65683,N2_LRP284b,0,LargeBus
10562,SmallTruck65684,N102_LRP002b,0,SmallTruck
10563,SmallTruck65684,N102_LRP002c,0,SmallTruck
10564,MediumTruck65686,N1_LRP145a,0,MediumTruck
10565,MediumTruck65690,N204_LRP003b,0,MediumTruck
10566,SmallTruck65695,N208_LRP055a,0,SmallTruck
10567,SmallTruck65281,N1_LRP364c,0,SmallTruck
10568,SmallTruck65281,N1_LRP364a,0,SmallTruck
10569,MediumTruck65282,N2_LRP102a,0,MediumTruck
10570,MiniBus65295,N2_LRP125c,0,MiniBus
10571,MiniBus65295,N2_LRP125b,0,MiniBus
10572,MiniBus65295,N2_LRP125a,0,MiniBus
10573,LargeBus65296,N1_LRP112a,0,LargeBus
10574,MediumTruck65297,N1_LRP368a,0.07007005056926688,MediumTruck
10575,LargeBus65298,N2_LRP106b,0,LargeBus
10576,LargeBus65299,N2_LRP180c,0,LargeBus
10577,LargeBus65299,N2_LRP180a,0,LargeBus
10578,LargeBus65300,N105_LRP042b,0,LargeBus
10579,MiniBus65311,N2_LRP129a,0,MiniBus
10580,MiniBus65311,N2_LRP128b,0,MiniBus
10581,MediumTruck65312,N2_LRP086a,0,MediumTruck
10582,MediumTruck65314,N2_LRP095a,0,MediumTruck
10583,MediumTruck65314,N2_LRP096a,0,MediumTruck
10584,MediumTruck65321,N2_LRP072a,0,MediumTruck
10585,MediumTruck65325,N2_LRP102a,0,MediumTruck
10586,SmallTruck65329,N1_LRP374c,0,SmallTruck
10587,SmallTruck65329,N1_LRP374a,0,SmallTruck
10588,SmallTruck65329,N1_LRP373b,0,SmallTruck
10589,MediumTruck65341,N2_LRP106b,0,MediumTruck
10590,MediumTruck65341,N2_LRP106a,0,MediumTruck
10591,HeavyTruck65352,N102_LRP019a,0,HeavyTruck
10592,MediumTruck65353,N2_LRP064a,0,MediumTruck
10593,SmallTruck65355,N2_LRP169b,0,SmallTruck
10594,SmallTruck65355,N2_LRP169c,0,SmallTruck
10595,SmallTruck65355,N2_LRP169d,0,SmallTruck
10596,SmallTruck65355,N2_LRP169e,0,SmallTruck
10597,SmallTruck65355,N2_LRP169f,0,SmallTruck
10598,SmallTruck65355,N2_LRP170a,0,SmallTruck
10599,MediumTruck65358,N2_LRP199d,0,MediumTruck
10600,MediumTruck65362,N2_LRP081a,0,MediumTruck
10601,MediumTruck65367,N1_LRP109a,0,MediumTruck
10602,SmallTruck65372,N2_LRP066a,0,SmallTruck
10603,MediumTruck65377,N1_LRP388a,0,MediumTruck
10604,MediumTruck65384,N2_LRP079a,0,MediumTruck
10605,MediumTruck65387,N2_LRP074a,0,MediumTruck
10606,MediumTruck65387,N2_LRP073g,0,MediumTruck
10607,MiniBus65390,N2_LRP199d,0,MiniBus
10608,MediumTruck65391,N2_LRP155a,0,MediumTruck
10609,MediumTruck65392,N1_LRP077a,0,MediumTruck
10610,MiniBus65393,N1_LRP389a,0,MiniBus
10611,MediumTruck65402,N2_LRP043a,1.1377850627250596,MediumTruck
10612,LargeBus65407,N2_LRP152b,0,LargeBus
10613,LargeBus65407,N2_LRP152a,0,LargeBus
10614,LargeBus65407,N2_LRP151b,0,LargeBus
10615,MediumTruck65410,N2_LRP072a,0,MediumTruck
10616,LargeBus65411,N2_LRP211c,0,LargeBus
10617,LargeBus65411,N2_LRP211b,0,LargeBus
10618,MediumTruck65413,N102_LRP009a,0,MediumTruck
10619,MiniBus65418,N2_LRP042a,0,MiniBus
10620,LargeBus65419,N2_LRP074a,0,LargeBus
10621,MediumTruck65421,N2_LRP127b,0,MediumTruck
10622,SmallTruck65430,N1_LRP210a,0,SmallTruck
10623,LargeBus65431,N1_LRP173a,0.056548899137685675,LargeBus
10624,LargeBus65434,N2_LRP043d,0,LargeBus
10625,LargeBus65437,N2_LRP127b,0,LargeBus
10626,LargeBus65437,N2_LRP126d,0,LargeBus
10627,LargeBus65437,N2_LRP126c,0,LargeBus
10628,LargeBus65437,N2_LRP126b,0,LargeBus
10629,MiniBus65442,N2_LRP069c,0,MiniBus
10630,MiniBus65442,N2_LRP069e,0,MiniBus
10631,MiniBus65442,N2_LRP070a,0,MiniBus
10632,MiniBus65442,N2_LRP070c,0,MiniBus
10633,MediumTruck65446,N1_LRP083a,0,MediumTruck
10634,SmallTruck65468,N207_LRP061d,0,SmallTruck
10635,MiniBus65470,N2_LRP221b,0,MiniBus
10636,MediumTruck65473,N1_LRP410b,0,MediumTruck
10637,MediumTruck65474,N2_LRP055b,0,MediumTruck
10638,MediumTruck65474,N2_LRP056a,0,MediumTruck
10639,SmallTruck65475,N2_LRP230e,0,SmallTruck
10640,MediumTruck65481,N1_LRP020a,0,MediumTruck
10641,SmallTruck65483,N2_LRP139a,0,SmallTruck
10642,SmallTruck65483,N2_LRP139b,0,SmallTruck
10643,MediumTruck65493,N102_LRP029d,0,MediumTruck
10644,LargeBus65495,N1_LRP136a,0,LargeBus
10645,MiniBus65500,N2_LRP093a,0,MiniBus
10646,MiniBus65502,N2_LRP228b,0,MiniBus
10647,HeavyTruck65506,N2_LRP048a,0,HeavyTruck
10648,LargeBus65509,N102_LRP029d,0,LargeBus
10649,SmallTruck65511,N1_LRP145a,0,SmallTruck
10650,MiniBus65515,N2_LRP135b,0,MiniBus
10651,SmallTruck65517,N2_LRP148b,0,SmallTruck
10652,SmallTruck65519,N2_LRP184c,0,SmallTruck
10653,MediumTruck65521,N1_LRP420c,0,MediumTruck
10654,MediumTruck65521,N1_LRP420a,0,MediumTruck
10655,SmallTruck65522,N2_LRP043d,0,SmallTruck
10656,SmallTruck65522,N2_LRP044a,0,SmallTruck
10657,MediumTruck65523,N2_LRP243a,0,MediumTruck
10658,LargeBus65525,N102_LRP033c,0,LargeBus
10659,SmallTruck65532,N2_LRP104a,0,SmallTruck
10660,MediumTruck65533,N2_LRP152d,0,MediumTruck
10661,MediumTruck65533,N2_LRP152c,0,MediumTruck
10662,MediumTruck65533,N2_LRP152b,0,MediumTruck
10663,MediumTruck65533,N2_LRP152a,0,MediumTruck
10664,MediumTruck65535,N2_LRP186c,0,MediumTruck
10665,MediumTruck65538,N2_LRP040b,0,MediumTruck
10666,MediumTruck65544,N105_LRP041c,0,MediumTruck
10667,MediumTruck65545,N2_LRP016a,0,MediumTruck
10668,SmallTruck65553,N1_LRP425c,0.06615272365051152,SmallTruck
10669,MediumTruck65569,N1_LRP429c,0,MediumTruck
10670,MediumTruck65569,N1_LRP429b,0,MediumTruck
10671,MediumTruck65569,N1_LRP429a,0,MediumTruck
10672,LargeBus65570,N2_LRP035b,0,LargeBus
10673,LargeBus65574,N1_LRP112a,0,LargeBus
10674,MediumTruck65578,N2_LRP086a,0,MediumTruck
10675,LargeBus65581,N2_LRP161c,0,LargeBus
10676,LargeBus65581,N2_LRP161b,0,LargeBus
10677,MiniBus65585,N1_LRP430b,0,MiniBus
10678,MiniBus65585,N1_LRP430a,0,MiniBus
10679,MiniBus65585,N1_LRP429f,0,MiniBus
10680,MediumTruck65593,N105_LRP020c,0,MediumTruck
10681,SmallTruck65596,N2_LRP121a,0,SmallTruck
10682,SmallTruck65598,N208_LRP028d,0,SmallTruck
10683,MiniBus65600,N1_LRP026a,0,MiniBus
10684,MiniBus65600,N1_LRP026b,0,MiniBus
10685,MediumTruck65601,N1_LRP435c,0,MediumTruck
10686,MediumTruck65602,N2_LRP024b,0,MediumTruck
10687,MiniBus65603,N2_LRP261a,0,MiniBus
10688,MediumTruck65605,N102_LRP058a,0,MediumTruck
10689,MediumTruck65609,N105_LRP024c,0,MediumTruck
10690,MediumTruck65612,N2_LRP169e,0,MediumTruck
10691,MediumTruck65612,N2_LRP169f,0,MediumTruck
10692,MediumTruck65612,N2_LRP170a,0,MediumTruck
10693,MediumTruck65612,N2_LRP170b,0,MediumTruck
10694,MediumTruck65612,N2_LRP170c,0,MediumTruck
10695,MiniBus65614,N208_LRP027b,0,MiniBus
10696,MiniBus65614,N208_LRP027d,0,MiniBus
10697,MediumTruck65615,N208_LRP034d,0,MediumTruck
10698,MediumTruck65615,N208_LRP034c,0,MediumTruck
10699,MediumTruck65616,N2_LRP012c,0,MediumTruck
10700,LargeBus65617,N1_LRP438a,0,LargeBus
10701,MediumTruck65628,N2_LRP130c,0,MediumTruck
10702,MediumTruck65628,N2_LRP130b,0,MediumTruck
10703,MediumTruck65633,N1_LRP443d,0,MediumTruck
10704,MediumTruck65633,N1_LRP443c,0,MediumTruck
10705,LargeBus65637,N102_LRP065a,0,LargeBus
10706,MediumTruck65642,N2_LRP132c,0,MediumTruck
10707,MediumTruck65645,N2_LRP207b,0,MediumTruck
10708,LargeBus65649,N1_LRP446d,0,LargeBus
10709,LargeBus65649,N1_LRP446b,0,LargeBus
10710,LargeBus65651,N2_LRP274e,0,LargeBus
10711,MediumTruck65665,N1_LRP451b,0,MediumTruck
10712,MediumTruck65665,N1_LRP450e,0.2927607161501664,MediumTruck
10713,LargeBus65676,N2_LRP155a,0,LargeBus
10714,LargeBus65677,N2_LRP184c,0,LargeBus
10715,LargeBus65681,N1_LRP455a,0,LargeBus
10716,LargeBus65683,N2_LRP283b,0,LargeBus
10717,SmallTruck65281,N1_LRP363b,0,SmallTruck
10718,MediumTruck65282,N2_LRP103c,0,MediumTruck
10719,MiniBus65295,N2_LRP124c,0,MiniBus
10720,MiniBus65295,N2_LRP123e,0,MiniBus
10721,LargeBus65299,N2_LRP179a,0,LargeBus
10722,MiniBus65311,N2_LRP128a,0,MiniBus
10723,MiniBus65311,N2_LRP127c,0,MiniBus
10724,MediumTruck65312,N2_LRP087a,0,MediumTruck
10725,LargeBus65313,N1_LRP367a,0,LargeBus
10726,MediumTruck65314,N2_LRP096c,0,MediumTruck
10727,SmallTruck65323,N2_LRP057b,0,SmallTruck
10728,SmallTruck65323,N2_LRP057a,0,SmallTruck
10729,SmallTruck65329,N1_LRP373a,0,SmallTruck
10730,MediumTruck65336,N2_LRP090a,0,MediumTruck
10731,MediumTruck65345,N1_LRP377f,0,MediumTruck
10732,HeavyTruck65352,N102_LRP019b,0,HeavyTruck
10733,MediumTruck65353,N2_LRP064b,0,MediumTruck
10734,SmallTruck65355,N2_LRP170b,0,SmallTruck
10735,SmallTruck65355,N2_LRP170c,0,SmallTruck
10736,SmallTruck65355,N2_LRP170e,0,SmallTruck
10737,SmallTruck65355,N2_LRP170f,0.07921296188905824,SmallTruck
10738,MediumTruck65356,N2_LRP061a,0,MediumTruck
10739,MiniBus65361,N1_LRP377f,0,MiniBus
10740,MiniBus65361,N1_LRP377d,0,MiniBus
10741,MediumTruck65362,N2_LRP081b,0,MediumTruck
10742,MediumTruck65377,N1_LRP387f,0,MediumTruck
10743,MediumTruck65377,N1_LRP387e,0,MediumTruck
10744,SmallTruck65381,N102_LRPSc,0,SmallTruck
10745,MediumTruck65384,N2_LRP079b,2.050805104114783,MediumTruck
10746,MediumTruck65387,N2_LRP073c,0,MediumTruck
10747,MediumTruck65387,N2_LRP073b,0,MediumTruck
10748,LargeBus65388,N2_LRP228b,0,LargeBus
10749,MediumTruck65391,N2_LRP154c,0,MediumTruck
10750,MiniBus65393,N1_LRP388a,0,MiniBus
10751,MiniBus65393,N1_LRP387f,0,MiniBus
10752,MediumTruck65403,N2_LRP079a,0,MediumTruck
10753,MediumTruck65404,N2_LRP076b,0,MediumTruck
10754,LargeBus65407,N2_LRP151a,0,LargeBus
10755,SmallTruck65416,N2_LRP072a,0,SmallTruck
10756,MiniBus65418,N2_LRP041b,0,MiniBus
10757,LargeBus65419,N2_LRP073g,0,LargeBus
10758,LargeBus65419,N2_LRP073c,0,LargeBus
10759,LargeBus65419,N2_LRP073b,0,LargeBus
10760,MediumTruck65421,N2_LRP126d,0,MediumTruck
10761,MediumTruck65421,N2_LRP126c,0,MediumTruck
10762,MediumTruck65421,N2_LRP126b,0,MediumTruck
10763,SmallTruck65427,N2_LRP219a,0,SmallTruck
10764,SmallTruck65430,N1_LRP210b,0,SmallTruck
10765,SmallTruck65430,N1_LRP210d,0,SmallTruck
10766,LargeBus65431,N1_LRP173b,0,LargeBus
10767,LargeBus65434,N2_LRP043a,1.1377850627250596,LargeBus
10768,MediumTruck65436,N2_LRP081b,0,MediumTruck
10769,MediumTruck65436,N2_LRP081a,0,MediumTruck
10770,LargeBus65437,N2_LRP126a,0,LargeBus
10771,LargeBus65437,N2_LRP125d,0,LargeBus
10772,MediumTruck65441,N1_LRP400a,0,MediumTruck
10773,SmallTruck65443,N2_LRP224b,0,SmallTruck
10774,MediumTruck65445,N102_LRP017a,0,MediumTruck
10775,MediumTruck65452,N207_LRP066b,0,MediumTruck
10776,MediumTruck65473,N1_LRP410a,0,MediumTruck
10777,MediumTruck65474,N2_LRP057a,0,MediumTruck
10778,SmallTruck65475,N2_LRP230c,0,SmallTruck
10779,SmallTruck65483,N2_LRP140a,0.01275855322674339,SmallTruck
10780,SmallTruck65485,N2_LRP140a,1.0127585532267434,SmallTruck
10781,MediumTruck65489,N1_LRP412d,0,MediumTruck
10782,MediumTruck65489,N1_LRP412b,0,MediumTruck
10783,SmallTruck65490,N2_LRP052a,0,SmallTruck
10784,MediumTruck65492,N1_LRP136a,0,MediumTruck
10785,MediumTruck65497,N2_LRP029b,0,MediumTruck
10786,MiniBus65500,N2_LRP092b,0,MiniBus
10787,MiniBus65500,N2_LRP092a,0,MiniBus
10788,LargeBus65505,N1_LRP414a,0,LargeBus
10789,HeavyTruck65506,N2_LRP048b,0,HeavyTruck
10790,LargeBus65509,N102_LRP028c,0,LargeBus
10791,MediumTruck65513,N1_LRP012a,0,MediumTruck
10792,MediumTruck65513,N1_LRP012b,0,MediumTruck
10793,SmallTruck65517,N2_LRP147d,0,SmallTruck
10794,SmallTruck65517,N2_LRP147b,0,SmallTruck
10795,SmallTruck65517,N2_LRP147a,0,SmallTruck
10796,SmallTruck65519,N2_LRP183d,0.5539581871981871,SmallTruck
10797,MediumTruck65521,N1_LRP418b,0,MediumTruck
10798,SmallTruck65522,N2_LRP044c,0,SmallTruck
10799,MediumTruck65523,N2_LRP242a,0,MediumTruck
10800,MediumTruck65529,N105_LRP003a,0,MediumTruck
10801,MediumTruck65533,N2_LRP151b,0,MediumTruck
10802,MediumTruck65535,N2_LRP186b,0.24037554786704166,MediumTruck
10803,MediumTruck65537,N1_LRP422b,0,MediumTruck
10804,MediumTruck65537,N1_LRP421f,0,MediumTruck
10805,MediumTruck65538,N2_LRP041b,0,MediumTruck
10806,MediumTruck65538,N2_LRP042a,0,MediumTruck
10807,SmallTruck65539,N2_LRP246c,0,SmallTruck
10808,SmallTruck65553,N1_LRP425b,0,SmallTruck
10809,SmallTruck65553,N1_LRP425a,0,SmallTruck
10810,MediumTruck65568,N1_LRP033a,0,MediumTruck
10811,MediumTruck65568,N1_LRP033b,0,MediumTruck
10812,MediumTruck65569,N1_LRP428d,0,MediumTruck
10813,MediumTruck65569,N1_LRP428c,0,MediumTruck
10814,MediumTruck65569,N1_LRP428b,0,MediumTruck
10815,MediumTruck65569,N1_LRP428a,0,MediumTruck
10816,LargeBus65581,N2_LRP161a,0,LargeBus
10817,MiniBus65585,N1_LRP429c,0,MiniBus
10818,MiniBus65585,N1_LRP429b,0,MiniBus
10819,MiniBus65585,N1_LRP429a,0,MiniBus
10820,MiniBus65585,N1_LRP428d,0,MiniBus
10821,MiniBus65585,N1_LRP428c,0,MiniBus
10822,MediumTruck65586,N2_LRP029b,0,MediumTruck
10823,MediumTruck65587,N2_LRP258a,0,MediumTruck
10824,MediumTruck65588,N102_LRP028c,0,MediumTruck
10825,MediumTruck65590,N1_LRP119a,0,MediumTruck
10826,SmallTruck65596,N2_LRP120a,0,SmallTruck
10827,SmallTruck65596,N2_LRP119c,0,SmallTruck
10828,SmallTruck65598,N208_LRP029c,0,SmallTruck
10829,MiniBus65600,N1_LRP027a,0,MiniBus
10830,MediumTruck65602,N2_LRP025a,0,MediumTruck
10831,MediumTruck65602,N2_LRP025b,0,MediumTruck
10832,MediumTruck65606,N1_LRP123a,0,MediumTruck
10833,MediumTruck65608,N105_LRP024c,0,MediumTruck
10834,SmallTruck65610,N2_LRP140c,0.028321254664671867,SmallTruck
10835,MediumTruck65612,N2_LRP170e,0,MediumTruck
10836,MediumTruck65612,N2_LRP170f,1.0792129618890582,MediumTruck
10837,MiniBus65614,N208_LRP027f,0,MiniBus
10838,MediumTruck65616,N2_LRP012f,0,MediumTruck
10839,LargeBus65617,N1_LRP437b,0,LargeBus
10840,LargeBus65617,N1_LRP437a,0,LargeBus
10841,MediumTruck65623,N104_LRP028a,0,MediumTruck
10842,MediumTruck65628,N2_LRP130a,0,MediumTruck
10843,MediumTruck65628,N2_LRP129c,0,MediumTruck
10844,SmallTruck65631,N2_LRP211c,0,SmallTruck
10845,LargeBus65636,N1_LRP064c,0,LargeBus
10846,MediumTruck65638,N1_LRP131b,0,MediumTruck
10847,MediumTruck65641,N105_LRP032c,0,MediumTruck
10848,MediumTruck65641,N105_LRP032b,0,MediumTruck
10849,MediumTruck65642,N2_LRP133a,0,MediumTruck
10850,MiniBus65647,N2_LRP211c,0,MiniBus
10851,MiniBus65647,N2_LRP211b,0,MiniBus
10852,MediumTruck65648,N1_LRP012a,0,MediumTruck
10853,MediumTruck65648,N1_LRP012b,0,MediumTruck
10854,LargeBus65649,N1_LRP445d,0,LargeBus
10855,LargeBus65649,N1_LRP445b,0,LargeBus
10856,SmallTruck65654,N1_LRP136a,0,SmallTruck
10857,MediumTruck65656,N2_LRP012c,0,MediumTruck
10858,MediumTruck65658,N2_LRP104a,0,MediumTruck
10859,SmallTruck65663,N2_LRP216b,0,SmallTruck
10860,MediumTruck65665,N1_LRP450c,0,MediumTruck
10861,SmallTruck65673,N105_LRP041c,0,SmallTruck
10862,MiniBus65674,N2_LRP108a,0,MiniBus
10863,LargeBus65676,N2_LRP156a,0,LargeBus
10864,LargeBus65677,N2_LRP183d,1.5539581871981871,LargeBus
10865,MediumTruck65686,N1_LRP143a,0,MediumTruck
10866,LargeBus65687,N104_LRP044d,0,LargeBus
10867,MediumTruck65694,N208_LRP004c,0,MediumTruck
10868,MiniBus65702,N104_LRPSa,0,MiniBus
10869,MiniBus65280,N1_LRP118d,0,MiniBus
10870,MediumTruck65282,N2_LRP104a,0,MediumTruck
10871,MiniBus65295,N2_LRP123d,0,MiniBus
10872,MiniBus65295,N2_LRP123c,0,MiniBus
10873,MediumTruck65297,N1_LRP367a,0,MediumTruck
10874,LargeBus65298,N2_LRP108a,0,LargeBus
10875,LargeBus65299,N2_LRP178b,0,LargeBus
10876,LargeBus65299,N2_LRP178a,0,LargeBus
10877,LargeBus65308,N2_LRP042a,0,LargeBus
10878,MiniBus65311,N2_LRP127b,0,MiniBus
10879,MiniBus65311,N2_LRP126d,0,MiniBus
10880,MiniBus65311,N2_LRP126c,0,MiniBus
10881,MiniBus65311,N2_LRP126b,0,MiniBus
10882,MediumTruck65314,N2_LRP097a,0,MediumTruck
10883,MediumTruck65321,N2_LRP073b,0,MediumTruck
10884,MediumTruck65321,N2_LRP073c,0,MediumTruck
10885,LargeBus65328,N2_LRP090a,0,LargeBus
10886,SmallTruck65329,N1_LRP372c,0,SmallTruck
10887,SmallTruck65329,N1_LRP372a,0,SmallTruck
10888,MediumTruck65337,N2_LRP069c,0,MediumTruck
10889,MediumTruck65337,N2_LRP069e,0,MediumTruck
10890,MediumTruck65337,N2_LRP070a,0,MediumTruck
10891,MediumTruck65341,N2_LRP104a,0,MediumTruck
10892,MediumTruck65345,N1_LRP377d,0,MediumTruck
10893,MediumTruck65345,N1_LRP377c,0,MediumTruck
10894,MediumTruck65345,N1_LRP377a,0,MediumTruck
10895,SmallTruck65346,N2_LRP084a,0,SmallTruck
10896,SmallTruck65347,N2_LRP200c,0,SmallTruck
10897,SmallTruck65355,N2_LRP170g,0,SmallTruck
10898,SmallTruck65355,N2_LRP170h,0,SmallTruck
10899,SmallTruck65355,N2_LRP170i,0,SmallTruck
10900,SmallTruck65355,N2_LRP170j,0,SmallTruck
10901,MediumTruck65356,N2_LRP060c,0,MediumTruck
10902,MiniBus65361,N1_LRP377c,0,MiniBus
10903,MiniBus65361,N1_LRP377a,0,MiniBus
10904,MediumTruck65367,N1_LRP107a,0,MediumTruck
10905,SmallTruck65372,N2_LRP064b,0,SmallTruck
10906,SmallTruck65372,N2_LRP064a,0,SmallTruck
10907,MediumTruck65377,N1_LRP387b,0,MediumTruck
10908,MediumTruck65377,N1_LRP387a,0,MediumTruck
10909,MediumTruck65377,N1_LRP386f,0,MediumTruck
10910,MediumTruck65377,N1_LRP386e,0,MediumTruck
10911,MediumTruck65380,N2_LRP012c,0,MediumTruck
10912,MediumTruck65391,N2_LRP153b,0,MediumTruck
10913,MiniBus65393,N1_LRP387e,0,MiniBus
10914,MiniBus65393,N1_LRP387b,0,MiniBus
10915,MiniBus65393,N1_LRP387a,0,MiniBus
10916,LargeBus65394,N2_LRP079d,0,LargeBus
10917,MediumTruck65403,N2_LRP078a,0,MediumTruck
10918,MediumTruck65404,N2_LRP076a,0,MediumTruck
10919,MediumTruck65410,N2_LRP073b,0,MediumTruck
10920,MediumTruck65410,N2_LRP073c,0,MediumTruck
10921,MiniBus65418,N2_LRP040b,0,MiniBus
10922,MiniBus65418,N2_LRP040a,0,MiniBus
10923,MediumTruck65421,N2_LRP126a,0,MediumTruck
10924,MediumTruck65421,N2_LRP125d,0,MediumTruck
10925,MediumTruck65421,N2_LRP125c,0,MediumTruck
10926,MediumTruck65421,N2_LRP125b,0,MediumTruck
10927,LargeBus65422,N2_LRP207b,0,LargeBus
10928,SmallTruck65430,N1_LRP211a,0,SmallTruck
10929,LargeBus65431,N1_LRP174a,0.044082921734912524,LargeBus
10930,MediumTruck65436,N2_LRP079d,0,MediumTruck
10931,MediumTruck65436,N2_LRP079b,1.1954044258076144,MediumTruck
10932,LargeBus65437,N2_LRP125c,0,LargeBus
10933,LargeBus65437,N2_LRP125b,0,LargeBus
10934,LargeBus65437,N2_LRP125a,0,LargeBus
10935,MediumTruck65441,N1_LRP398d,0.38379681230415125,MediumTruck
10936,MiniBus65442,N2_LRP072a,0,MiniBus
10937,SmallTruck65459,N208_LRP055a,0,SmallTruck
10938,HeavyTruck65460,N1_LRP020a,0,HeavyTruck
10939,MediumTruck65465,N2_LRP038c,0,MediumTruck
10940,MiniBus65470,N2_LRP219a,0,MiniBus
10941,MediumTruck65474,N2_LRP057b,0,MediumTruck
10942,SmallTruck65475,N2_LRP229c,0,SmallTruck
10943,MediumTruck65476,N102_LRP058a,0,MediumTruck
10944,MediumTruck65489,N1_LRP412a,0,MediumTruck
10945,MediumTruck65489,N1_LRP411b,0,MediumTruck
10946,SmallTruck65490,N2_LRP053a,0,SmallTruck
10947,MediumTruck65492,N1_LRP137a,0,MediumTruck
10948,MediumTruck65493,N102_LRP028c,0,MediumTruck
10949,LargeBus65495,N1_LRP134a,0,LargeBus
10950,MiniBus65500,N2_LRP091b,0,MiniBus
10951,MiniBus65502,N2_LRP226d,0,MiniBus
10952,SmallTruck65510,N1_LRP098a,0,SmallTruck
10953,SmallTruck65511,N1_LRP143a,0,SmallTruck
10954,MediumTruck65513,N1_LRP014a,0,MediumTruck
10955,SmallTruck65517,N2_LRP146a,0,SmallTruck
10956,SmallTruck65519,N2_LRP183c,0,SmallTruck
10957,SmallTruck65522,N2_LRP045b,0,SmallTruck
10958,MediumTruck65523,N2_LRP241c,0,MediumTruck
10959,SmallTruck65532,N2_LRP103c,0,SmallTruck
10960,MediumTruck65533,N2_LRP151a,0,MediumTruck
10961,SmallTruck65534,N208_LRP046b,0,SmallTruck
10962,MediumTruck65537,N1_LRP421d,0,MediumTruck
10963,MediumTruck65544,N105_LRP042b,0,MediumTruck
10964,MediumTruck65551,N2_LRP188a,0,MediumTruck
10965,SmallTruck65552,N2_LRP029b,0,SmallTruck
10966,SmallTruck65553,N1_LRP424e,0,SmallTruck
10967,SmallTruck65553,N1_LRP424c,0,SmallTruck
10968,SmallTruck65553,N1_LRP424b,0,SmallTruck
10969,SmallTruck65553,N1_LRP424a,0.37409998607337946,SmallTruck
10970,MediumTruck65555,N2_LRP249a,0,MediumTruck
10971,MediumTruck65568,N1_LRP034a,0,MediumTruck
10972,MediumTruck65569,N1_LRP427e,0,MediumTruck
10973,MediumTruck65569,N1_LRP427d,0,MediumTruck
10974,MediumTruck65569,N1_LRP427b,0,MediumTruck
10975,SmallTruck65572,N102_LRP033c,0,SmallTruck
10976,LargeBus65574,N1_LRP111a,0,LargeBus
10977,LargeBus65581,N2_LRP160a,0,LargeBus
10978,LargeBus65581,N2_LRP159d,0,LargeBus
10979,MediumTruck65583,N208_LRP024d,0,MediumTruck
10980,MediumTruck65584,N1_LRP030a,0,MediumTruck
10981,MiniBus65585,N1_LRP428b,0,MiniBus
10982,MiniBus65585,N1_LRP428a,0,MiniBus
10983,MiniBus65585,N1_LRP427e,0,MiniBus
10984,MediumTruck65588,N102_LRP029d,0,MediumTruck
10985,MediumTruck65590,N1_LRP118d,0,MediumTruck
10986,SmallTruck65596,N2_LRP118g,0,SmallTruck
10987,MiniBus65599,N2_LRP200c,0,MiniBus
10988,LargeBus65604,N102_LRP028c,0,LargeBus
10989,MediumTruck65606,N1_LRP122a,0,MediumTruck
10990,MediumTruck65609,N105_LRP023c,0,MediumTruck
10991,MiniBus65614,N208_LRP028d,0,MiniBus
10992,LargeBus65617,N1_LRP436a,0,LargeBus
10993,LargeBus65617,N1_LRP435c,0,LargeBus
10994,LargeBus65621,N102_LRP058a,0,LargeBus
10995,MediumTruck65624,N2_LRP021a,0,MediumTruck
10996,MediumTruck65625,N105_LRP027c,0,MediumTruck
10997,MediumTruck65628,N2_LRP129b,0,MediumTruck
10998,MediumTruck65628,N2_LRP129a,0,MediumTruck
10999,MediumTruck65628,N2_LRP128b,0,MediumTruck
11000,SmallTruck65631,N2_LRP211b,0,SmallTruck
11001,MediumTruck65633,N1_LRP441a,0,MediumTruck
11002,SmallTruck65634,N1_LRP026a,0,SmallTruck
11003,MediumTruck65640,N105_LRP017c,0,MediumTruck
11004,MediumTruck65642,N2_LRP134b,0,MediumTruck
11005,MediumTruck65642,N2_LRP134c,0,MediumTruck
11006,MediumTruck65643,N204_LRP020b,0,MediumTruck
11007,MediumTruck65648,N1_LRP014a,0,MediumTruck
11008,LargeBus65649,N1_LRP444e,0,LargeBus
11009,LargeBus65649,N1_LRP444d,0,LargeBus
11010,LargeBus65649,N1_LRP444c,0,LargeBus
11011,MediumTruck65656,N2_LRP012f,0,MediumTruck
11012,SmallTruck65663,N2_LRP216a,0,SmallTruck
11013,MediumTruck65665,N1_LRP450a,0,MediumTruck
11014,SmallTruck65673,N105_LRP040c,0,SmallTruck
11015,LargeBus65676,N2_LRP157a,0,LargeBus
11016,MediumTruck65680,N1_LRP004b,0,MediumTruck
11017,MediumTruck65692,N2_LRP141b,0,MediumTruck
11018,MediumTruck65692,N2_LRP141a,0,MediumTruck
11019,HeavyTruck65700,N102_LRPSc,0,HeavyTruck
11020,SmallTruck65701,N102_LRP082a,0,SmallTruck
11021,MediumTruck65708,N2_LRP146a,0,MediumTruck
11022,MiniBus65280,N1_LRP119a,0,MiniBus
11023,MiniBus65295,N2_LRP122b,0,MiniBus
11024,LargeBus65308,N2_LRP041b,0,LargeBus
11025,MiniBus65311,N2_LRP126a,0,MiniBus
11026,MiniBus65311,N2_LRP125d,0,MiniBus
11027,MediumTruck65314,N2_LRP098b,0.27724756662206385,MediumTruck
11028,SmallTruck65316,N2_LRP029b,0,SmallTruck
11029,MediumTruck65321,N2_LRP073g,0,MediumTruck
11030,SmallTruck65323,N2_LRP056a,0,SmallTruck
11031,SmallTruck65323,N2_LRP055b,0,SmallTruck
11032,SmallTruck65329,N1_LRP371c,0,SmallTruck
11033,SmallTruck65329,N1_LRP371a,0,SmallTruck
11034,MediumTruck65335,N1_LRP098a,0,MediumTruck
11035,MediumTruck65336,N2_LRP091b,0,MediumTruck
11036,MediumTruck65337,N2_LRP070c,0,MediumTruck
11037,MediumTruck65345,N1_LRP376a,0,MediumTruck
11038,SmallTruck65347,N2_LRP199d,0,SmallTruck
11039,MediumTruck65353,N2_LRP066a,0,MediumTruck
11040,SmallTruck65355,N2_LRP171d,0,SmallTruck
11041,SmallTruck65355,N2_LRP171e,0,SmallTruck
11042,SmallTruck65355,N2_LRP171f,0.005907477638606027,SmallTruck
11043,MediumTruck65360,N1_LRP088a,0,MediumTruck
11044,MiniBus65361,N1_LRP376a,0,MiniBus
11045,MiniBus65361,N1_LRP375c,0,MiniBus
11046,MediumTruck65365,N1_LRP077a,0,MediumTruck
11047,MediumTruck65377,N1_LRP386c,0,MediumTruck
11048,MediumTruck65377,N1_LRP386a,0,MediumTruck
11049,MediumTruck65377,N1_LRP385g,0,MediumTruck
11050,MediumTruck65380,N2_LRP012f,0,MediumTruck
11051,MediumTruck65382,N1_LRP064c,0,MediumTruck
11052,MediumTruck65387,N2_LRP072a,0,MediumTruck
11053,MediumTruck65391,N2_LRP153a,0,MediumTruck
11054,MediumTruck65391,N2_LRP152d,0,MediumTruck
11055,MiniBus65393,N1_LRP386f,0,MiniBus
11056,MiniBus65393,N1_LRP386e,0,MiniBus
11057,MiniBus65393,N1_LRP386c,0,MiniBus
11058,LargeBus65394,N2_LRP081a,0,LargeBus
11059,MediumTruck65402,N2_LRP042a,0,MediumTruck
11060,LargeBus65408,N1_LRP083a,0,LargeBus
11061,LargeBus65408,N1_LRP083b,0,LargeBus
11062,MediumTruck65409,N1_LRP391a,0,MediumTruck
11063,MediumTruck65410,N2_LRP073g,0,MediumTruck
11064,SmallTruck65416,N2_LRP073b,0,SmallTruck
11065,SmallTruck65416,N2_LRP073c,0,SmallTruck
11066,MiniBus65418,N2_LRP039c,0,MiniBus
11067,LargeBus65419,N2_LRP072a,0,LargeBus
11068,MediumTruck65421,N2_LRP125a,0,MediumTruck
11069,MediumTruck65421,N2_LRP124c,0,MediumTruck
11070,LargeBus65422,N2_LRP206b,0,LargeBus
11071,LargeBus65431,N1_LRP174b,0,LargeBus
11072,LargeBus65431,N1_LRP174c,0,LargeBus
11073,LargeBus65437,N2_LRP124c,0,LargeBus
11074,LargeBus65437,N2_LRP123e,0,LargeBus
11075,MediumTruck65441,N1_LRP398a,0,MediumTruck
11076,MediumTruck65445,N102_LRP015a,0,MediumTruck
11077,SmallTruck65449,N1_LRP030a,0,SmallTruck
11078,MediumTruck65457,N1_LRP403a,0,MediumTruck
11079,MediumTruck65461,N102_LRP019b,0,MediumTruck
11080,MediumTruck65461,N102_LRP019a,0,MediumTruck
11081,MediumTruck65465,N2_LRP039a,0,MediumTruck
11082,MediumTruck65473,N1_LRP408a,0,MediumTruck
11083,SmallTruck65475,N2_LRP229a,0.6169057936157647,SmallTruck
11084,MediumTruck65481,N1_LRP023a,0,MediumTruck
11085,SmallTruck65483,N2_LRP140c,0.17267523707743718,SmallTruck
11086,MediumTruck65489,N1_LRP411a,0,MediumTruck
11087,SmallTruck65490,N2_LRP054a,0,SmallTruck
11088,MiniBus65500,N2_LRP090a,0,MiniBus
11089,MiniBus65502,N2_LRP226c,0,MiniBus
11090,LargeBus65505,N1_LRP412d,0,LargeBus
11091,LargeBus65505,N1_LRP412b,0,LargeBus
11092,HeavyTruck65506,N2_LRP050a,0,HeavyTruck
11093,LargeBus65507,N2_LRP231d,0,LargeBus
11094,LargeBus65507,N2_LRP231c,0,LargeBus
11095,MiniBus65515,N2_LRP138a,0,MiniBus
11096,MiniBus65515,N2_LRP138b,0,MiniBus
11097,SmallTruck65519,N2_LRP183a,0,SmallTruck
11098,SmallTruck65519,N2_LRP182d,0,SmallTruck
11099,MediumTruck65521,N1_LRP417d,0.04263756994138397,MediumTruck
11100,SmallTruck65532,N2_LRP102a,0,SmallTruck
11101,MediumTruck65537,N1_LRP420e,0,MediumTruck
11102,MediumTruck65537,N1_LRP420d,0,MediumTruck
11103,MediumTruck65538,N2_LRP043a,0.07148479959620739,MediumTruck
11104,MediumTruck65545,N2_LRP018a,0,MediumTruck
11105,MiniBus65550,N208_LRP046b,0,MiniBus
11106,MediumTruck65551,N2_LRP187b,0,MediumTruck
11107,MediumTruck65560,N105_LRP039b,0,MediumTruck
11108,MediumTruck65569,N1_LRP426e,0,MediumTruck
11109,MediumTruck65569,N1_LRP426d,0,MediumTruck
11110,LargeBus65570,N2_LRP038c,0,LargeBus
11111,LargeBus65570,N2_LRP039a,0,LargeBus
11112,SmallTruck65572,N102_LRP034b,0,SmallTruck
11113,MediumTruck65578,N2_LRP084a,0,MediumTruck
11114,LargeBus65581,N2_LRP159c,0,LargeBus
11115,LargeBus65581,N2_LRP159b,0,LargeBus
11116,MiniBus65585,N1_LRP427d,0,MiniBus
11117,MiniBus65585,N1_LRP427b,0,MiniBus
11118,SmallTruck65592,N2_LRP029b,0,SmallTruck
11119,SmallTruck65596,N2_LRP118e,0,SmallTruck
11120,SmallTruck65596,N2_LRP118b,0,SmallTruck
11121,SmallTruck65596,N2_LRP118a,0,SmallTruck
11122,SmallTruck65598,N208_LRP031b,0,SmallTruck
11123,SmallTruck65598,N208_LRP031d,0,SmallTruck
11124,MiniBus65599,N2_LRP199d,0,MiniBus
11125,MediumTruck65601,N1_LRP433c,0,MediumTruck
11126,MediumTruck65601,N1_LRP433b,0.17898270633244823,MediumTruck
11127,MiniBus65603,N2_LRP258a,0,MiniBus
11128,MediumTruck65609,N105_LRP022c,0,MediumTruck
11129,SmallTruck65610,N2_LRP141a,0,SmallTruck
11130,SmallTruck65610,N2_LRP141b,0,SmallTruck
11131,MediumTruck65612,N2_LRP170g,0,MediumTruck
11132,MediumTruck65612,N2_LRP170h,0,MediumTruck
11133,MediumTruck65612,N2_LRP170i,0,MediumTruck
11134,MediumTruck65612,N2_LRP170j,0,MediumTruck
11135,MiniBus65614,N208_LRP029c,0,MiniBus
11136,MediumTruck65615,N208_LRP031d,0,MediumTruck
11137,LargeBus65618,N2_LRP024b,0,LargeBus
11138,LargeBus65618,N2_LRP025a,0,LargeBus
11139,MediumTruck65624,N2_LRP021b,0,MediumTruck
11140,MediumTruck65628,N2_LRP128a,0,MediumTruck
11141,MediumTruck65628,N2_LRP127c,0,MediumTruck
11142,LargeBus65632,N2_LRP012c,0,LargeBus
11143,SmallTruck65634,N1_LRP026b,0,SmallTruck
11144,SmallTruck65634,N1_LRP027a,0,SmallTruck
11145,LargeBus65637,N102_LRP062c,0,LargeBus
11146,LargeBus65637,N102_LRP062b,0,LargeBus
11147,MediumTruck65641,N105_LRP030c,0,MediumTruck
11148,MediumTruck65642,N2_LRP135a,0,MediumTruck
11149,LargeBus65649,N1_LRP444b,0,LargeBus
11150,LargeBus65649,N1_LRP444a,0,LargeBus
11151,LargeBus65649,N1_LRP443d,0,LargeBus
11152,LargeBus65650,N2_LRP016a,0,LargeBus
11153,MediumTruck65652,N1_LRP068a,0,MediumTruck
11154,SmallTruck65654,N1_LRP134a,0,SmallTruck
11155,MediumTruck65657,N105_LRP035d,0,MediumTruck
11156,MediumTruck65658,N2_LRP103c,0,MediumTruck
11157,MediumTruck65665,N1_LRP449d,0,MediumTruck
11158,MediumTruck65665,N1_LRP449c,0,MediumTruck
11159,SmallTruck65670,N104_LRP010a,0,SmallTruck
11160,SmallTruck65673,N105_LRP039b,0,SmallTruck
11161,MiniBus65674,N2_LRP106b,0,MiniBus
11162,MiniBus65674,N2_LRP106a,0,MiniBus
11163,LargeBus65676,N2_LRP157b,0,LargeBus
11164,LargeBus65677,N2_LRP183c,0,LargeBus
11165,LargeBus65681,N1_LRP452e,0,LargeBus
11166,LargeBus65681,N1_LRP452d,0,LargeBus
11167,LargeBus65681,N1_LRP452c,0,LargeBus
11168,LargeBus65681,N1_LRP452a,0,LargeBus
11169,MediumTruck65686,N1_LRP142a,0,MediumTruck
11170,MediumTruck65692,N2_LRP140c,1.1726752370774371,MediumTruck
11171,MediumTruck65696,N1_LRP001a,0,MediumTruck
11172,SmallTruck65697,N1_LRP456c,0,SmallTruck
11173,MediumTruck65699,N2_LRP285c,0,MediumTruck
11174,HeavyTruck65700,N102_LRP002a,0,HeavyTruck
11175,MiniBus65702,N1_LRP145a,0,MiniBus
11176,MiniBus65280,N1_LRP120b,0,MiniBus
11177,SmallTruck65281,N1_LRP360c,0,SmallTruck
11178,SmallTruck65281,N1_LRP360a,0,SmallTruck
11179,MediumTruck65282,N2_LRP106a,0,MediumTruck
11180,MiniBus65295,N2_LRP121c,0,MiniBus
11181,LargeBus65299,N2_LRP177a,0,LargeBus
11182,LargeBus65299,N2_LRP176e,0,LargeBus
11183,LargeBus65299,N2_LRP176d,0,LargeBus
11184,LargeBus65299,N2_LRP176c,0,LargeBus
11185,LargeBus65299,N2_LRP176b,0,LargeBus
11186,LargeBus65308,N2_LRP040b,0,LargeBus
11187,LargeBus65308,N2_LRP040a,0,LargeBus
11188,MiniBus65311,N2_LRP125c,0,MiniBus
11189,MiniBus65311,N2_LRP125b,0,MiniBus
11190,MiniBus65311,N2_LRP125a,0,MiniBus
11191,MediumTruck65312,N2_LRP090a,0,MediumTruck
11192,LargeBus65313,N1_LRP364d,0,LargeBus
11193,MediumTruck65321,N2_LRP074a,0,MediumTruck
11194,SmallTruck65323,N2_LRP054b,0,SmallTruck
11195,MediumTruck65326,N2_LRP188a,0,MediumTruck
11196,LargeBus65328,N2_LRP091b,0,LargeBus
11197,LargeBus65328,N2_LRP092a,0,LargeBus
11198,LargeBus65328,N2_LRP092b,0,LargeBus
11199,SmallTruck65329,N1_LRP370e,0,SmallTruck
11200,MediumTruck65334,N1_LRP051a,0,MediumTruck
11201,MediumTruck65336,N2_LRP092a,0,MediumTruck
11202,MediumTruck65336,N2_LRP092b,0,MediumTruck
11203,MediumTruck65341,N2_LRP103c,0,MediumTruck
11204,MediumTruck65345,N1_LRP375c,0,MediumTruck
11205,SmallTruck65346,N2_LRP086a,0,SmallTruck
11206,MediumTruck65353,N2_LRP067c,0,MediumTruck
11207,MediumTruck65356,N2_LRP059a,0,MediumTruck
11208,MediumTruck65356,N2_LRP058c,0,MediumTruck
11209,LargeBus65366,N1_LRP051a,0,LargeBus
11210,MediumTruck65367,N1_LRP105a,0,MediumTruck
11211,MediumTruck65384,N2_LRP079d,0,MediumTruck
11212,LargeBus65388,N208_LRP055a,0,LargeBus
11213,MediumTruck65391,N2_LRP152c,0,MediumTruck
11214,MediumTruck65391,N2_LRP152b,0,MediumTruck
11215,MediumTruck65391,N2_LRP152a,0,MediumTruck
11216,MediumTruck65391,N2_LRP151b,0,MediumTruck
11217,MiniBus65393,N1_LRP386a,0,MiniBus
11218,MiniBus65393,N1_LRP385g,0,MiniBus
11219,LargeBus65394,N2_LRP081b,0,LargeBus
11220,MediumTruck65397,N102_LRP002c,0,MediumTruck
11221,MediumTruck65397,N102_LRP002b,0,MediumTruck
11222,MediumTruck65397,N102_LRP002a,0,MediumTruck
11223,MediumTruck65402,N2_LRP041b,0,MediumTruck
11224,MediumTruck65403,N2_LRP076b,0,MediumTruck
11225,MediumTruck65404,N2_LRP074a,0,MediumTruck
11226,MediumTruck65404,N2_LRP073g,0,MediumTruck
11227,LargeBus65407,N2_LRP148b,0,LargeBus
11228,MediumTruck65409,N1_LRP390a,0,MediumTruck
11229,MediumTruck65410,N2_LRP074a,0,MediumTruck
11230,SmallTruck65416,N2_LRP073g,0,SmallTruck
11231,MiniBus65418,N2_LRP039a,0,MiniBus
11232,MiniBus65418,N2_LRP038c,0,MiniBus
11233,MediumTruck65421,N2_LRP123e,0,MediumTruck
11234,MediumTruck65421,N2_LRP123d,0,MediumTruck
11235,SmallTruck65430,N1_LRP213a,0,SmallTruck
11236,SmallTruck65430,N1_LRP213b,0,SmallTruck
11237,LargeBus65431,N1_LRP175a,0,LargeBus
11238,LargeBus65434,N2_LRP042a,0,LargeBus
11239,MediumTruck65436,N2_LRP079a,0,MediumTruck
11240,LargeBus65437,N2_LRP123d,0,LargeBus
11241,LargeBus65437,N2_LRP123c,0,LargeBus
11242,MediumTruck65440,N1_LRP068a,0,MediumTruck
11243,MiniBus65442,N2_LRP073b,0,MiniBus
11244,MiniBus65442,N2_LRP073c,0,MiniBus
11245,SmallTruck65443,N2_LRP221b,0,SmallTruck
11246,HeavyTruck65444,N1_LRP014a,0,HeavyTruck
11247,MediumTruck65456,N1_LRP064c,0,MediumTruck
11248,MediumTruck65457,N1_LRP402b,0,MediumTruck
11249,MediumTruck65462,N1_LRP083b,0,MediumTruck
11250,MediumTruck65465,N2_LRP039c,0,MediumTruck
11251,MediumTruck65465,N2_LRP040a,0,MediumTruck
11252,MediumTruck65474,N2_LRP058c,0,MediumTruck
11253,MediumTruck65474,N2_LRP059a,0,MediumTruck
11254,SmallTruck65475,N2_LRP228b,0,SmallTruck
11255,SmallTruck65477,N102_LRP022a,0,SmallTruck
11256,SmallTruck65485,N2_LRP139b,0,SmallTruck
11257,SmallTruck65485,N2_LRP139a,0,SmallTruck
11258,MediumTruck65489,N1_LRP410c,0.09973188310099217,MediumTruck
11259,SmallTruck65490,N2_LRP054b,0,SmallTruck
11260,HeavyTruck65491,N2_LRP231d,0,HeavyTruck
11261,HeavyTruck65491,N2_LRP231c,0,HeavyTruck
11262,MiniBus65502,N2_LRP225c,0.08042572224452924,MiniBus
11263,LargeBus65505,N1_LRP412a,0,LargeBus
11264,LargeBus65505,N1_LRP411b,0,LargeBus
11265,LargeBus65505,N1_LRP411a,0,LargeBus
11266,LargeBus65507,N2_LRP230e,0,LargeBus
11267,SmallTruck65511,N1_LRP142a,0,SmallTruck
11268,MiniBus65515,N2_LRP139a,0,MiniBus
11269,MiniBus65515,N2_LRP139b,0,MiniBus
11270,SmallTruck65519,N2_LRP182b,0,SmallTruck
11271,SmallTruck65519,N2_LRP182a,0,SmallTruck
11272,SmallTruck65522,N2_LRP046c,0,SmallTruck
11273,SmallTruck65522,N2_LRP047a,0,SmallTruck
11274,SmallTruck65522,N2_LRP047c,0,SmallTruck
11275,MediumTruck65523,N2_LRP240a,0,MediumTruck
11276,MediumTruck65535,N2_LRP184c,0,MediumTruck
11277,MediumTruck65536,N2_LRP035b,0,MediumTruck
11278,MediumTruck65537,N1_LRP420c,0,MediumTruck
11279,MediumTruck65537,N1_LRP420a,0,MediumTruck
11280,SmallTruck65539,N2_LRP243b,0,SmallTruck
11281,MediumTruck65541,N102_LRP038d,0,MediumTruck
11282,MediumTruck65551,N2_LRP186d,0,MediumTruck
11283,SmallTruck65553,N1_LRP423d,0,SmallTruck
11284,SmallTruck65553,N1_LRP423c,0,SmallTruck
11285,SmallTruck65553,N1_LRP423b,0.16159463065591972,SmallTruck
11286,MediumTruck65555,N2_LRP248a,0,MediumTruck
11287,LargeBus65557,N102_LRP038d,0,LargeBus
11288,SmallTruck65559,N104_LRP010a,0,SmallTruck
11289,MediumTruck65560,N105_LRP040c,0,MediumTruck
11290,MediumTruck65568,N1_LRP035a,0,MediumTruck
11291,MediumTruck65569,N1_LRP426c,0,MediumTruck
11292,MediumTruck65569,N1_LRP426b,0,MediumTruck
11293,MediumTruck65569,N1_LRP426a,0,MediumTruck
11294,MediumTruck65569,N1_LRP425e,0,MediumTruck
11295,LargeBus65570,N2_LRP039c,0,LargeBus
11296,LargeBus65574,N1_LRP109a,0,LargeBus
11297,LargeBus65575,N104_LRP010a,0,LargeBus
11298,SmallTruck65579,N2_LRP118a,0,SmallTruck
11299,SmallTruck65579,N2_LRP118b,0,SmallTruck
11300,LargeBus65581,N2_LRP158a,0,LargeBus
11301,MiniBus65585,N1_LRP426e,0,MiniBus
11302,MiniBus65585,N1_LRP426d,0,MiniBus
11303,MiniBus65585,N1_LRP426c,0,MiniBus
11304,MiniBus65585,N1_LRP426b,0,MiniBus
11305,MiniBus65585,N1_LRP426a,0,MiniBus
11306,MediumTruck65593,N105_LRP017c,0,MediumTruck
11307,MediumTruck65595,N204_LRP003b,0,MediumTruck
11308,MiniBus65600,N1_LRP030a,0,MiniBus
11309,MediumTruck65601,N1_LRP432b,0,MediumTruck
11310,LargeBus65604,N102_LRP029d,0,LargeBus
11311,MediumTruck65605,N102_LRP055c,0,MediumTruck
11312,MediumTruck65606,N1_LRP120b,0,MediumTruck
11313,MediumTruck65608,N105_LRP027c,0,MediumTruck
11314,MediumTruck65609,N105_LRP021d,0,MediumTruck
11315,MediumTruck65612,N2_LRP171d,0,MediumTruck
11316,MediumTruck65612,N2_LRP171e,0,MediumTruck
11317,MediumTruck65612,N2_LRP171f,0.10825658890647613,MediumTruck
11318,MiniBus65614,N208_LRP031b,0,MiniBus
11319,MediumTruck65615,N208_LRP031b,0,MediumTruck
11320,LargeBus65618,N2_LRP025b,0,LargeBus
11321,SmallTruck65619,N2_LRP264a,0,SmallTruck
11322,SmallTruck65620,N1_LRP105a,0,SmallTruck
11323,MediumTruck65628,N2_LRP127b,0,MediumTruck
11324,LargeBus65632,N2_LRP012f,0,LargeBus
11325,MediumTruck65633,N1_LRP440a,0,MediumTruck
11326,MiniBus65639,N104_LRP028a,0,MiniBus
11327,MediumTruck65642,N2_LRP135b,0,MediumTruck
11328,LargeBus65649,N1_LRP443c,0,LargeBus
11329,MediumTruck65658,N2_LRP102a,0,MediumTruck
11330,MediumTruck65661,N2_LRP206b,0,MediumTruck
11331,SmallTruck65663,N2_LRP214b,0.05453547622296441,SmallTruck
11332,MediumTruck65664,N1_LRP010b,0,MediumTruck
11333,MediumTruck65664,N1_LRP010c,0,MediumTruck
11334,MediumTruck65664,N1_LRP011a,0,MediumTruck
11335,MediumTruck65665,N1_LRP448a,0,MediumTruck
11336,MediumTruck65666,N1_LRP020a,0,MediumTruck
11337,LargeBus65676,N2_LRP158a,0,LargeBus
11338,LargeBus65677,N2_LRP183a,0,LargeBus
11339,LargeBus65677,N2_LRP182d,0,LargeBus
11340,MiniBus65678,N208_LRP011b,0,MiniBus
11341,LargeBus65681,N1_LRP451e,0,LargeBus
11342,LargeBus65681,N1_LRP451b,0,LargeBus
11343,LargeBus65681,N1_LRP450e,0.33732180137421736,LargeBus
11344,MediumTruck65689,N105_LRP042b,0,MediumTruck
11345,SmallTruck65697,N1_LRP456a,0,SmallTruck
11346,MediumTruck65699,N2_LRP285a,0,MediumTruck
11347,MediumTruck65699,N2_LRP284c,0,MediumTruck
11348,HeavyTruck65700,N102_LRP002b,0,HeavyTruck
11349,HeavyTruck65700,N102_LRP002c,0,HeavyTruck
11350,MediumTruck65706,N204_LRP003b,0,MediumTruck
11351,MediumTruck65711,N208_LRP055a,0,MediumTruck
11352,MediumTruck65282,N2_LRP106b,0,MediumTruck
11353,MiniBus65295,N2_LRP121a,0,MiniBus
11354,MediumTruck65297,N1_LRP364d,0,MediumTruck
11355,LargeBus65299,N2_LRP175f,0,LargeBus
11356,LargeBus65299,N2_LRP175e,0,LargeBus
11357,LargeBus65299,N2_LRP175d,0,LargeBus
11358,LargeBus65299,N2_LRP175c,0,LargeBus
11359,SmallTruck65303,N1_LRP088a,0,SmallTruck
11360,LargeBus65308,N2_LRP039c,0,LargeBus
11361,MiniBus65311,N2_LRP124c,0,MiniBus
11362,MiniBus65311,N2_LRP123e,0,MiniBus
11363,LargeBus65313,N1_LRP364c,0,LargeBus
11364,LargeBus65313,N1_LRP364a,0,LargeBus
11365,LargeBus65313,N1_LRP363b,0,LargeBus
11366,MediumTruck65321,N2_LRP076a,0,MediumTruck
11367,SmallTruck65323,N2_LRP054a,0,SmallTruck
11368,MediumTruck65326,N2_LRP187b,0,MediumTruck
11369,LargeBus65328,N2_LRP093a,0,LargeBus
11370,SmallTruck65329,N1_LRP370c,0,SmallTruck
11371,SmallTruck65329,N1_LRP370a,0,SmallTruck
11372,SmallTruck65329,N1_LRP369c,0,SmallTruck
11373,MediumTruck65336,N2_LRP093a,0,MediumTruck
11374,MediumTruck65337,N2_LRP072a,0,MediumTruck
11375,MediumTruck65341,N2_LRP102a,0,MediumTruck
11376,MediumTruck65345,N1_LRP374e,0,MediumTruck
11377,SmallTruck65346,N2_LRP087a,0,SmallTruck
11378,HeavyTruck65352,N102_LRP022a,0,HeavyTruck
11379,SmallTruck65355,N2_LRP172c,0,SmallTruck
11380,SmallTruck65355,N2_LRP172d,0,SmallTruck
11381,MiniBus65361,N1_LRP374e,0,MiniBus
11382,MiniBus65361,N1_LRP374c,0,MiniBus
11383,MiniBus65361,N1_LRP374a,0,MiniBus
11384,MediumTruck65362,N2_LRP084a,0,MediumTruck
11385,LargeBus65376,N1_LRP094a,0,LargeBus
11386,MediumTruck65377,N1_LRP384a,0,MediumTruck
11387,MediumTruck65384,N2_LRP081a,0,MediumTruck
11388,MediumTruck65387,N2_LRP070c,0,MediumTruck
11389,MediumTruck65389,N2_LRP274e,0,MediumTruck
11390,MediumTruck65391,N2_LRP151a,0,MediumTruck
11391,MiniBus65393,N1_LRP384a,0,MiniBus
11392,LargeBus65395,N2_LRP200c,0,LargeBus
11393,MediumTruck65402,N2_LRP040b,0,MediumTruck
11394,MediumTruck65403,N2_LRP076a,0,MediumTruck
11395,MediumTruck65404,N2_LRP073c,0,MediumTruck
11396,MediumTruck65404,N2_LRP073b,0,MediumTruck
11397,LargeBus65407,N2_LRP147d,0,LargeBus
11398,LargeBus65407,N2_LRP147b,0,LargeBus
11399,MediumTruck65409,N1_LRP389d,0,MediumTruck
11400,MediumTruck65410,N2_LRP076a,0,MediumTruck
11401,LargeBus65411,N2_LRP207b,0,LargeBus
11402,SmallTruck65416,N2_LRP074a,0,SmallTruck
11403,LargeBus65419,N2_LRP070c,0,LargeBus
11404,MediumTruck65421,N2_LRP123c,0,MediumTruck
11405,SmallTruck65427,N2_LRP216b,0,SmallTruck
11406,MediumTruck65429,N102_LRP009a,0,MediumTruck
11407,SmallTruck65430,N1_LRP214a,0,SmallTruck
11408,LargeBus65431,N1_LRP175b,0,LargeBus
11409,LargeBus65431,N1_LRP176a,0,LargeBus
11410,LargeBus65434,N2_LRP041b,0,LargeBus
11411,LargeBus65437,N2_LRP122b,0,LargeBus
11412,MiniBus65442,N2_LRP073g,0,MiniBus
11413,MediumTruck65462,N1_LRP083a,0,MediumTruck
11414,MediumTruck65465,N2_LRP040b,0,MediumTruck
11415,MiniBus65470,N2_LRP216b,0,MiniBus
11416,SmallTruck65483,N2_LRP141a,0,SmallTruck
11417,SmallTruck65483,N2_LRP141b,0,SmallTruck
11418,MediumTruck65484,N207_LRP061d,0,MediumTruck
11419,SmallTruck65485,N2_LRP138b,0,SmallTruck
11420,MediumTruck65489,N1_LRP410b,0,MediumTruck
11421,SmallTruck65490,N2_LRP055b,0,SmallTruck
11422,SmallTruck65490,N2_LRP056a,0,SmallTruck
11423,HeavyTruck65491,N2_LRP230e,0,HeavyTruck
11424,LargeBus65495,N1_LRP131b,0,LargeBus
11425,LargeBus65505,N1_LRP410c,0.12704349275974008,LargeBus
11426,LargeBus65507,N2_LRP230c,0,LargeBus
11427,MiniBus65515,N2_LRP140a,0.3233747937901205,MiniBus
11428,SmallTruck65519,N2_LRP181c,0,SmallTruck
11429,MediumTruck65521,N1_LRP417b,0,MediumTruck
11430,MediumTruck65521,N1_LRP416e,0,MediumTruck
11431,MediumTruck65521,N1_LRP416d,0,MediumTruck
11432,SmallTruck65522,N2_LRP048a,0,SmallTruck
11433,MediumTruck65523,N2_LRP239a,0,MediumTruck
11434,MediumTruck65523,N2_LRP238c,0,MediumTruck
11435,LargeBus65525,N102_LRP029d,0,LargeBus
11436,MediumTruck65533,N2_LRP148b,0,MediumTruck
11437,MediumTruck65535,N2_LRP183d,0.24116273497074592,MediumTruck
11438,MediumTruck65537,N1_LRP418b,0,MediumTruck
11439,MediumTruck65538,N2_LRP043d,0,MediumTruck
11440,MediumTruck65538,N2_LRP044a,0,MediumTruck
11441,SmallTruck65539,N2_LRP243a,0,SmallTruck
11442,MediumTruck65541,N102_LRP038b,0,MediumTruck
11443,MediumTruck65541,N102_LRP037d,0,MediumTruck
11444,LargeBus65543,N104_LRPSa,0,LargeBus
11445,MediumTruck65551,N2_LRP186c,0,MediumTruck
11446,LargeBus65557,N102_LRP038b,0,LargeBus
11447,LargeBus65557,N102_LRP037d,0,LargeBus
11448,MediumTruck65560,N105_LRP041c,0,MediumTruck
11449,MediumTruck65568,N1_LRP036c,0,MediumTruck
11450,MediumTruck65569,N1_LRP425c,0.09961942100905888,MediumTruck
11451,LargeBus65570,N2_LRP040a,0,LargeBus
11452,LargeBus65570,N2_LRP040b,0,LargeBus
11453,SmallTruck65579,N2_LRP118e,0,SmallTruck
11454,SmallTruck65579,N2_LRP118g,0,SmallTruck
11455,LargeBus65581,N2_LRP157b,0,LargeBus
11456,LargeBus65581,N2_LRP157a,0,LargeBus
11457,MiniBus65585,N1_LRP425e,0,MiniBus
11458,MiniBus65585,N1_LRP425c,0.16029493641242712,MiniBus
11459,MediumTruck65591,N104_LRP017b,0,MediumTruck
11460,MediumTruck65601,N1_LRP432a,0,MediumTruck
11461,MediumTruck65609,N105_LRP020c,0,MediumTruck
11462,LargeBus65617,N1_LRP433c,0,LargeBus
11463,LargeBus65617,N1_LRP433b,0.4393933495735127,LargeBus
11464,MediumTruck65625,N105_LRP024c,0,MediumTruck
11465,MediumTruck65628,N2_LRP126d,0,MediumTruck
11466,MediumTruck65628,N2_LRP126c,0,MediumTruck
11467,MediumTruck65628,N2_LRP126b,0,MediumTruck
11468,MediumTruck65630,N208_LRP024d,0,MediumTruck
11469,MediumTruck65633,N1_LRP439a,0,MediumTruck
11470,MediumTruck65645,N2_LRP211b,0,MediumTruck
11471,MediumTruck65645,N2_LRP211c,0,MediumTruck
11472,LargeBus65649,N1_LRP441a,0,LargeBus
11473,MediumTruck65661,N2_LRP207b,0,MediumTruck
11474,MediumTruck65665,N1_LRP447c,0,MediumTruck
11475,SmallTruck65667,N2_LRP276a,0,SmallTruck
11476,MiniBus65674,N2_LRP104a,0,MiniBus
11477,LargeBus65676,N2_LRP159b,0,LargeBus
11478,LargeBus65676,N2_LRP159c,0,LargeBus
11479,LargeBus65676,N2_LRP159d,0,LargeBus
11480,LargeBus65677,N2_LRP182b,0,LargeBus
11481,LargeBus65677,N2_LRP182a,0,LargeBus
11482,MediumTruck65679,N208_LRP046b,0,MediumTruck
11483,LargeBus65681,N1_LRP450c,0,LargeBus
11484,LargeBus65693,N2_LRP199d,0,LargeBus
11485,LargeBus65693,N2_LRP200c,0,LargeBus
11486,SmallTruck65697,N1_LRP455a,0,SmallTruck
11487,MediumTruck65699,N2_LRP284b,0,MediumTruck
11488,SmallTruck65704,N105_LRP003a,0,SmallTruck
11489,SmallTruck65709,N2_LRP188a,0,SmallTruck
11490,SmallTruck65709,N2_LRP187b,0,SmallTruck
11491,MiniBus65280,N1_LRP122a,0,MiniBus
11492,SmallTruck65281,N1_LRP359b,0,SmallTruck
11493,SmallTruck65281,N1_LRP359a,0,SmallTruck
11494,MiniBus65295,N2_LRP120a,0,MiniBus
11495,MiniBus65295,N2_LRP119c,0,MiniBus
11496,MediumTruck65297,N1_LRP364c,0,MediumTruck
11497,MediumTruck65297,N1_LRP364a,0,MediumTruck
11498,SmallTruck65304,N1_LRP118d,0,SmallTruck
11499,SmallTruck65304,N1_LRP119a,0,SmallTruck
11500,LargeBus65308,N2_LRP039a,0,LargeBus
11501,LargeBus65308,N2_LRP038c,0,LargeBus
11502,MiniBus65311,N2_LRP123d,0,MiniBus
11503,MiniBus65311,N2_LRP123c,0,MiniBus
11504,MediumTruck65312,N2_LRP091b,0,MediumTruck
11505,MediumTruck65321,N2_LRP076b,0,MediumTruck
11506,SmallTruck65323,N2_LRP053a,0,SmallTruck
11507,MediumTruck65325,N2_LRP098b,0.10583411205673739,MediumTruck
11508,MediumTruck65326,N2_LRP186d,0,MediumTruck
11509,SmallTruck65329,N1_LRP369b,0,SmallTruck
11510,SmallTruck65329,N1_LRP369a,0,SmallTruck
11511,MediumTruck65345,N1_LRP374c,0,MediumTruck
11512,MediumTruck65345,N1_LRP374a,0,MediumTruck
11513,MediumTruck65345,N1_LRP373b,0,MediumTruck
11514,MediumTruck65356,N2_LRP057b,0,MediumTruck
11515,MediumTruck65356,N2_LRP057a,0,MediumTruck
11516,MiniBus65361,N1_LRP373b,0,MiniBus
11517,MiniBus65361,N1_LRP373a,0,MiniBus
11518,SmallTruck65372,N2_LRP061a,0,SmallTruck
11519,MediumTruck65374,N2_LRP200c,0,MediumTruck
11520,MediumTruck65377,N1_LRP383b,0,MediumTruck
11521,MediumTruck65384,N2_LRP081b,0,MediumTruck
11522,MediumTruck65387,N2_LRP070a,0,MediumTruck
11523,MediumTruck65387,N2_LRP069e,0,MediumTruck
11524,MediumTruck65387,N2_LRP069c,0,MediumTruck
11525,MediumTruck65389,N2_LRP276a,0,MediumTruck
11526,MiniBus65393,N1_LRP383b,0,MiniBus
11527,LargeBus65395,N2_LRP199d,0,LargeBus
11528,MediumTruck65397,N102_LRPSc,0,MediumTruck
11529,MediumTruck65402,N2_LRP040a,0,MediumTruck
11530,MediumTruck65402,N2_LRP039c,0,MediumTruck
11531,LargeBus65407,N2_LRP147a,0,LargeBus
11532,MediumTruck65409,N1_LRP389b,0.20184276544635305,MediumTruck
11533,MediumTruck65410,N2_LRP076b,0,MediumTruck
11534,LargeBus65411,N2_LRP206b,0,LargeBus
11535,SmallTruck65416,N2_LRP076a,0,SmallTruck
11536,LargeBus65419,N2_LRP070a,0,LargeBus
11537,LargeBus65419,N2_LRP069e,0,LargeBus
11538,LargeBus65419,N2_LRP069c,0,LargeBus
11539,MediumTruck65421,N2_LRP122b,0,MediumTruck
11540,MediumTruck65426,N1_LRP083a,0,MediumTruck
11541,SmallTruck65427,N2_LRP216a,0,SmallTruck
11542,SmallTruck65430,N1_LRP215a,0,SmallTruck
11543,LargeBus65434,N2_LRP040b,0,LargeBus
11544,LargeBus65434,N2_LRP040a,0,LargeBus
11545,MediumTruck65436,N2_LRP078a,0,MediumTruck
11546,LargeBus65437,N2_LRP121c,0,LargeBus
11547,MiniBus65442,N2_LRP074a,0,MiniBus
11548,SmallTruck65443,N2_LRP219a,0,SmallTruck
11549,HeavyTruck65444,N1_LRP012b,0,HeavyTruck
11550,HeavyTruck65444,N1_LRP012a,0,HeavyTruck
11551,SmallTruck65449,N1_LRP033a,0,SmallTruck
11552,SmallTruck65449,N1_LRP033b,0,SmallTruck
11553,MediumTruck65461,N102_LRP017a,0,MediumTruck
11554,MediumTruck65465,N2_LRP041b,0,MediumTruck
11555,MediumTruck65465,N2_LRP042a,0,MediumTruck
11556,SmallTruck65468,N207_LRP066b,0,SmallTruck
11557,MiniBus65470,N2_LRP216a,0,MiniBus
11558,MediumTruck65474,N2_LRP060c,0,MediumTruck
11559,MediumTruck65474,N2_LRP061a,0,MediumTruck
11560,SmallTruck65475,N2_LRP226d,0,SmallTruck
11561,SmallTruck65475,N2_LRP226c,0,SmallTruck
11562,SmallTruck65485,N2_LRP138a,0,SmallTruck
11563,MediumTruck65489,N1_LRP410a,0,MediumTruck
11564,SmallTruck65490,N2_LRP057a,0,SmallTruck
11565,HeavyTruck65491,N2_LRP230c,0,HeavyTruck
11566,MiniBus65500,N2_LRP087a,0,MiniBus
11567,MiniBus65502,N2_LRP224b,0,MiniBus
11568,LargeBus65505,N1_LRP410b,0,LargeBus
11569,LargeBus65505,N1_LRP410a,0,LargeBus
11570,HeavyTruck65506,N2_LRP052a,0,HeavyTruck
11571,LargeBus65507,N2_LRP229c,0,LargeBus
11572,LargeBus65507,N2_LRP229a,0.0018443626430424559,LargeBus
11573,SmallTruck65510,N1_LRP094a,0,SmallTruck
11574,SmallTruck65519,N2_LRP180c,0,SmallTruck
11575,MediumTruck65521,N1_LRP415c,1.0798144794395128,MediumTruck
11576,SmallTruck65522,N2_LRP048b,0,SmallTruck
11577,LargeBus65525,N102_LRP028c,0,LargeBus
11578,SmallTruck65527,N104_LRPSa,0,SmallTruck
11579,MediumTruck65533,N2_LRP147d,0,MediumTruck
11580,MediumTruck65533,N2_LRP147b,0,MediumTruck
11581,MediumTruck65535,N2_LRP183c,0,MediumTruck
11582,MediumTruck65538,N2_LRP044c,0,MediumTruck
11583,SmallTruck65539,N2_LRP242a,0,SmallTruck
11584,MediumTruck65541,N102_LRP037c,0,MediumTruck
11585,MediumTruck65545,N2_LRP021a,0,MediumTruck
11586,MediumTruck65551,N2_LRP186b,0.8344021998826027,MediumTruck
11587,SmallTruck65553,N1_LRP422b,0,SmallTruck
11588,SmallTruck65553,N1_LRP421f,0,SmallTruck
11589,MediumTruck65555,N2_LRP246c,0,MediumTruck
11590,LargeBus65557,N102_LRP037c,0,LargeBus
11591,MiniBus65558,N104_LRP044d,0,MiniBus
11592,MediumTruck65569,N1_LRP425b,0,MediumTruck
11593,LargeBus65570,N2_LRP041b,0,LargeBus
11594,SmallTruck65572,N102_LRP036b,0,SmallTruck
11595,SmallTruck65572,N102_LRP036d,0,SmallTruck
11596,SmallTruck65573,N102_LRP045a,0,SmallTruck
11597,LargeBus65574,N1_LRP107a,0,LargeBus
11598,SmallTruck65579,N2_LRP119c,0,SmallTruck
11599,SmallTruck65579,N2_LRP120a,0,SmallTruck
11600,LargeBus65581,N2_LRP156a,0,LargeBus
11601,MediumTruck65584,N1_LRP033a,0,MediumTruck
11602,MediumTruck65584,N1_LRP033b,0,MediumTruck
11603,MiniBus65585,N1_LRP425b,0,MiniBus
11604,MiniBus65585,N1_LRP425a,0,MiniBus
11605,MediumTruck65601,N1_LRP431d,0.4249140847983698,MediumTruck
11606,MediumTruck65602,N2_LRP029b,0,MediumTruck
11607,MediumTruck65606,N1_LRP119a,0,MediumTruck
11608,MiniBus65607,N104_LRP017b,0,MiniBus
11609,MediumTruck65612,N2_LRP172c,0,MediumTruck
11610,MediumTruck65612,N2_LRP172d,0,MediumTruck
11611,MiniBus65614,N208_LRP031d,0,MiniBus
11612,MediumTruck65615,N208_LRP029c,0,MediumTruck
11613,MediumTruck65616,N2_LRP016a,0,MediumTruck
11614,LargeBus65617,N1_LRP432b,0,LargeBus
11615,SmallTruck65620,N1_LRP107a,0,SmallTruck
11616,LargeBus65621,N102_LRP055c,0,LargeBus
11617,MediumTruck65628,N2_LRP126a,0,MediumTruck
11618,MediumTruck65628,N2_LRP125d,0,MediumTruck
11619,MediumTruck65628,N2_LRP125c,0,MediumTruck
11620,MediumTruck65628,N2_LRP125b,0,MediumTruck
11621,SmallTruck65631,N2_LRP207b,0,SmallTruck
11622,MediumTruck65638,N1_LRP127a,0,MediumTruck
11623,MediumTruck65640,N105_LRP020c,0,MediumTruck
11624,MiniBus65647,N2_LRP207b,0,MiniBus
11625,LargeBus65650,N2_LRP018a,0,LargeBus
11626,SmallTruck65653,N102_LRP065a,0,SmallTruck
11627,SmallTruck65654,N1_LRP131b,0,SmallTruck
11628,MediumTruck65656,N2_LRP016a,0,MediumTruck
11629,MediumTruck65657,N105_LRP032c,0,MediumTruck
11630,MediumTruck65657,N105_LRP032b,0,MediumTruck
11631,MediumTruck65664,N1_LRP012a,0,MediumTruck
11632,MediumTruck65664,N1_LRP012b,0,MediumTruck
11633,MediumTruck65665,N1_LRP447b,0,MediumTruck
11634,MediumTruck65665,N1_LRP447a,0,MediumTruck
11635,MediumTruck65665,N1_LRP446d,0,MediumTruck
11636,MediumTruck65665,N1_LRP446b,0,MediumTruck
11637,MiniBus65674,N2_LRP103c,0,MiniBus
11638,LargeBus65676,N2_LRP160a,0,LargeBus
11639,LargeBus65677,N2_LRP181c,0,LargeBus
11640,LargeBus65681,N1_LRP450a,0,LargeBus
11641,MediumTruck65689,N105_LRP041c,0,MediumTruck
11642,MediumTruck65692,N2_LRP140a,0.12112987175923914,MediumTruck
11643,MediumTruck65699,N2_LRP283b,0,MediumTruck
11644,MiniBus65702,N1_LRP143a,0,MiniBus
11645,MiniBus65710,N208_LRP004c,0,MiniBus
11646,MediumTruck65718,N104_LRPSa,0,MediumTruck
11647,SmallTruck65727,N2_LRP228b,0,SmallTruck
11648,SmallTruck65281,N1_LRP358b,0,SmallTruck
11649,SmallTruck65281,N1_LRP358a,0,SmallTruck
11650,MediumTruck65282,N2_LRP108a,0,MediumTruck
11651,MiniBus65295,N2_LRP118g,0,MiniBus
11652,MiniBus65295,N2_LRP118e,0,MiniBus
11653,LargeBus65296,N1_LRP118d,0,LargeBus
11654,MediumTruck65297,N1_LRP363b,0,MediumTruck
11655,MiniBus65311,N2_LRP122b,0,MiniBus
11656,MediumTruck65312,N2_LRP092a,0,MediumTruck
11657,MediumTruck65312,N2_LRP092b,0,MediumTruck
11658,SmallTruck65323,N2_LRP052a,0,SmallTruck
11659,MediumTruck65326,N2_LRP186c,0,MediumTruck
11660,SmallTruck65329,N1_LRP368a,0.06928249220075273,SmallTruck
11661,MediumTruck65335,N1_LRP094a,0,MediumTruck
11662,MediumTruck65337,N2_LRP073b,0,MediumTruck
11663,MediumTruck65337,N2_LRP073c,0,MediumTruck
11664,MediumTruck65345,N1_LRP373a,0,MediumTruck
11665,MediumTruck65353,N2_LRP069c,0,MediumTruck
11666,MediumTruck65353,N2_LRP069e,0,MediumTruck
11667,MediumTruck65353,N2_LRP070a,0,MediumTruck
11668,MiniBus65361,N1_LRP372c,0,MiniBus
11669,MediumTruck65362,N2_LRP086a,0,MediumTruck
11670,SmallTruck65372,N2_LRP060c,0,SmallTruck
11671,SmallTruck65373,N2_LRP108a,0,SmallTruck
11672,MediumTruck65374,N2_LRP199d,0,MediumTruck
11673,MediumTruck65377,N1_LRP383a,0,MediumTruck
11674,MediumTruck65377,N1_LRP382b,0,MediumTruck
11675,MediumTruck65380,N2_LRP016a,0,MediumTruck
11676,MediumTruck65392,N1_LRP083a,0,MediumTruck
11677,MediumTruck65392,N1_LRP083b,0,MediumTruck
11678,MiniBus65393,N1_LRP383a,0,MiniBus
11679,LargeBus65394,N2_LRP084a,0,LargeBus
11680,MediumTruck65402,N2_LRP039a,0,MediumTruck
11681,MediumTruck65403,N2_LRP074a,0,MediumTruck
11682,MediumTruck65403,N2_LRP073g,0,MediumTruck
11683,MediumTruck65404,N2_LRP072a,0,MediumTruck
11684,LargeBus65407,N2_LRP146a,0,LargeBus
11685,MediumTruck65409,N1_LRP389a,0,MediumTruck
11686,SmallTruck65416,N2_LRP076b,0,SmallTruck
11687,MiniBus65418,N2_LRP035b,0,MiniBus
11688,MediumTruck65421,N2_LRP121c,0,MediumTruck
11689,MediumTruck65425,N1_LRP391a,0,MediumTruck
11690,MediumTruck65426,N1_LRP083b,0,MediumTruck
11691,LargeBus65434,N2_LRP039c,0,LargeBus
11692,MediumTruck65436,N2_LRP076b,0,MediumTruck
11693,LargeBus65437,N2_LRP121a,0,LargeBus
11694,MiniBus65442,N2_LRP076a,0,MiniBus
11695,HeavyTruck65444,N1_LRP011a,0,HeavyTruck
11696,MediumTruck65446,N1_LRP077a,0,MediumTruck
11697,SmallTruck65449,N1_LRP034a,0,SmallTruck
11698,MediumTruck65457,N1_LRP400a,0,MediumTruck
11699,MiniBus65470,N2_LRP214b,0.15523441900025303,MiniBus
11700,MediumTruck65476,N102_LRP062b,0,MediumTruck
11701,SmallTruck65490,N2_LRP057b,0,SmallTruck
11702,HeavyTruck65491,N2_LRP229c,0,HeavyTruck
11703,MiniBus65500,N2_LRP086a,0,MiniBus
11704,HeavyTruck65506,N2_LRP053a,0,HeavyTruck
11705,LargeBus65507,N2_LRP228b,0,LargeBus
11706,MiniBus65515,N2_LRP140c,0.009279771936859893,MiniBus
11707,SmallTruck65519,N2_LRP180a,0,SmallTruck
11708,MiniBus65524,N102_LRP055c,0,MiniBus
11709,MediumTruck65533,N2_LRP147a,0,MediumTruck
11710,MediumTruck65535,N2_LRP183a,0,MediumTruck
11711,MediumTruck65535,N2_LRP182d,0,MediumTruck
11712,MediumTruck65537,N1_LRP417d,0.15166421597813534,MediumTruck
11713,MediumTruck65538,N2_LRP045b,0,MediumTruck
11714,SmallTruck65539,N2_LRP241c,0,SmallTruck
11715,SmallTruck65540,N1_LRP036c,0,SmallTruck
11716,MediumTruck65541,N102_LRP036d,0,MediumTruck
11717,MediumTruck65541,N102_LRP036b,0,MediumTruck
11718,LargeBus65542,N1_LRP098a,0,LargeBus
11719,MediumTruck65545,N2_LRP021b,0,MediumTruck
11720,SmallTruck65553,N1_LRP421d,0,SmallTruck
11721,MediumTruck65554,N1_LRP051a,0,MediumTruck
11722,LargeBus65556,N1_LRP036c,0,LargeBus
11723,LargeBus65557,N102_LRP036d,0,LargeBus
11724,LargeBus65557,N102_LRP036b,0,LargeBus
11725,MediumTruck65560,N105_LRP042b,0,MediumTruck
11726,MediumTruck65569,N1_LRP425a,0,MediumTruck
11727,MediumTruck65569,N1_LRP424e,0,MediumTruck
11728,LargeBus65570,N2_LRP042a,0,LargeBus
11729,MediumTruck65571,N2_LRP249a,0,MediumTruck
11730,SmallTruck65572,N102_LRP037c,0,SmallTruck
11731,SmallTruck65572,N102_LRP037d,0,SmallTruck
11732,MediumTruck65578,N2_LRP081b,0,MediumTruck
11733,MediumTruck65578,N2_LRP081a,0,MediumTruck
11734,LargeBus65581,N2_LRP155a,0,LargeBus
11735,MediumTruck65584,N1_LRP034a,0,MediumTruck
11736,MiniBus65585,N1_LRP424e,0,MiniBus
11737,MiniBus65585,N1_LRP424c,0,MiniBus
11738,MiniBus65585,N1_LRP424b,0,MiniBus
11739,MiniBus65585,N1_LRP424a,0.4104144476919329,MiniBus
11740,MediumTruck65588,N102_LRP033c,0,MediumTruck
11741,SmallTruck65598,N208_LRP034c,0,SmallTruck
11742,SmallTruck65598,N208_LRP034d,0,SmallTruck
11743,MiniBus65600,N1_LRP033a,0,MiniBus
11744,MediumTruck65606,N1_LRP118d,0,MediumTruck
11745,MediumTruck65615,N208_LRP028d,0,MediumTruck
11746,LargeBus65617,N1_LRP432a,0,LargeBus
11747,LargeBus65617,N1_LRP431d,1.0026016349194726,LargeBus
11748,SmallTruck65619,N2_LRP262a,0,SmallTruck
11749,SmallTruck65619,N2_LRP261b,0,SmallTruck
11750,MediumTruck65624,N2_LRP024b,0,MediumTruck
11751,MediumTruck65624,N2_LRP025a,0,MediumTruck
11752,MediumTruck65625,N105_LRP023c,0,MediumTruck
11753,MediumTruck65628,N2_LRP125a,0,MediumTruck
11754,MediumTruck65628,N2_LRP124c,0,MediumTruck
11755,MediumTruck65633,N1_LRP438c,0,MediumTruck
11756,MediumTruck65633,N1_LRP438b,0,MediumTruck
11757,MediumTruck65633,N1_LRP438a,0,MediumTruck
11758,SmallTruck65634,N1_LRP030a,0,SmallTruck
11759,LargeBus65637,N102_LRP058a,0,LargeBus
11760,MediumTruck65640,N105_LRP021d,0,MediumTruck
11761,MediumTruck65641,N105_LRP027c,0,MediumTruck
11762,MediumTruck65642,N2_LRP138a,0,MediumTruck
11763,MediumTruck65642,N2_LRP138b,0,MediumTruck
11764,MiniBus65646,N208_LRP024d,0,MiniBus
11765,MiniBus65647,N2_LRP206b,0,MiniBus
11766,LargeBus65649,N1_LRP440a,0,LargeBus
11767,MediumTruck65659,N204_LRP020b,0,MediumTruck
11768,MediumTruck65664,N1_LRP014a,0,MediumTruck
11769,SmallTruck65667,N2_LRP274e,0,SmallTruck
11770,MiniBus65674,N2_LRP102a,0,MiniBus
11771,LargeBus65676,N2_LRP161a,0,LargeBus
11772,LargeBus65676,N2_LRP161b,0,LargeBus
11773,LargeBus65676,N2_LRP161c,0,LargeBus
11774,LargeBus65677,N2_LRP180c,0,LargeBus
11775,LargeBus65677,N2_LRP180a,0,LargeBus
11776,LargeBus65681,N1_LRP449d,0,LargeBus
11777,LargeBus65681,N1_LRP449c,0,LargeBus
11778,SmallTruck65684,N102_LRP009a,0,SmallTruck
11779,MediumTruck65689,N105_LRP040c,0,MediumTruck
11780,MediumTruck65696,N1_LRP004b,0,MediumTruck
11781,MiniBus65702,N1_LRP142a,0,MiniBus
11782,SmallTruck65703,N104_LRP044d,0,SmallTruck
11783,MediumTruck65708,N2_LRP141b,0,MediumTruck
11784,MediumTruck65708,N2_LRP141a,0,MediumTruck
11785,SmallTruck65709,N2_LRP186d,0,SmallTruck
11786,SmallTruck65709,N2_LRP186c,0,SmallTruck
11787,MediumTruck65716,N102_LRPSc,0,MediumTruck
11788,HeavyTruck65717,N102_LRP082a,0,HeavyTruck
11789,MediumTruck65722,N2_LRP118a,0,MediumTruck
11790,MediumTruck65722,N2_LRP118b,0,MediumTruck
11791,MediumTruck65722,N2_LRP118e,0,MediumTruck
11792,SmallTruck65724,N2_LRP146a,0,SmallTruck
11793,MiniBus65280,N1_LRP123a,0,MiniBus
11794,SmallTruck65281,N1_LRP357f,0,SmallTruck
11795,SmallTruck65281,N1_LRP357d,0,SmallTruck
11796,MiniBus65295,N2_LRP118b,0,MiniBus
11797,MiniBus65295,N2_LRP118a,0,MiniBus
11798,LargeBus65296,N1_LRP119a,0,LargeBus
11799,SmallTruck65304,N1_LRP120b,0,SmallTruck
11800,MiniBus65311,N2_LRP121c,0,MiniBus
11801,MediumTruck65312,N2_LRP093a,0,MediumTruck
11802,LargeBus65313,N1_LRP360c,0,LargeBus
11803,MediumTruck65321,N2_LRP078a,0,MediumTruck
11804,MediumTruck65325,N2_LRP097a,0,MediumTruck
11805,MediumTruck65326,N2_LRP186b,0.3694446048165314,MediumTruck
11806,MediumTruck65336,N2_LRP095a,0,MediumTruck
11807,MediumTruck65337,N2_LRP073g,0,MediumTruck
11808,MediumTruck65342,N2_LRP188a,0,MediumTruck
11809,MediumTruck65345,N1_LRP372c,0,MediumTruck
11810,MediumTruck65345,N1_LRP372a,0,MediumTruck
11811,SmallTruck65346,N2_LRP090a,0,SmallTruck
11812,MediumTruck65351,N1_LRP098a,0,MediumTruck
11813,MediumTruck65353,N2_LRP070c,0,MediumTruck
11814,MediumTruck65356,N2_LRP056a,0,MediumTruck
11815,MediumTruck65356,N2_LRP055b,0,MediumTruck
11816,MiniBus65361,N1_LRP372a,0,MiniBus
11817,MiniBus65361,N1_LRP371c,0,MiniBus
11818,MiniBus65361,N1_LRP371a,0,MiniBus
11819,MediumTruck65362,N2_LRP087a,0,MediumTruck
11820,MediumTruck65377,N1_LRP382a,0,MediumTruck
11821,MediumTruck65377,N1_LRP381c,0,MediumTruck
11822,MediumTruck65377,N1_LRP381b,0,MediumTruck
11823,MiniBus65393,N1_LRP382b,0,MiniBus
11824,MiniBus65393,N1_LRP382a,0,MiniBus
11825,MiniBus65393,N1_LRP381c,0,MiniBus
11826,MediumTruck65402,N2_LRP038c,0,MediumTruck
11827,MediumTruck65403,N2_LRP073c,0,MediumTruck
11828,MediumTruck65403,N2_LRP073b,0,MediumTruck
11829,MediumTruck65409,N1_LRP388a,0,MediumTruck
11830,MediumTruck65410,N2_LRP078a,0,MediumTruck
11831,LargeBus65419,N2_LRP067c,0,LargeBus
11832,MediumTruck65421,N2_LRP121a,0,MediumTruck
11833,MediumTruck65425,N1_LRP390a,0,MediumTruck
11834,SmallTruck65427,N2_LRP214b,0.20842734810562996,SmallTruck
11835,LargeBus65434,N2_LRP039a,0,LargeBus
11836,LargeBus65434,N2_LRP038c,0,LargeBus
11837,MediumTruck65436,N2_LRP076a,0,MediumTruck
11838,LargeBus65437,N2_LRP120a,0,LargeBus
11839,LargeBus65437,N2_LRP119c,0,LargeBus
11840,MiniBus65442,N2_LRP076b,0,MiniBus
11841,HeavyTruck65444,N1_LRP010c,0,HeavyTruck
11842,HeavyTruck65444,N1_LRP010b,0,HeavyTruck
11843,MediumTruck65457,N1_LRP398d,1.210011357390726,MediumTruck
11844,MediumTruck65461,N102_LRP015a,0,MediumTruck
11845,MediumTruck65465,N2_LRP043a,0.01912581915316385,MediumTruck
11846,SmallTruck65475,N2_LRP225c,0.3829710730713632,SmallTruck
11847,MediumTruck65476,N102_LRP062c,0,MediumTruck
11848,SmallTruck65477,N102_LRP019b,0,SmallTruck
11849,SmallTruck65477,N102_LRP019a,0,SmallTruck
11850,MediumTruck65481,N1_LRP026a,0,MediumTruck
11851,MediumTruck65481,N1_LRP026b,0,MediumTruck
11852,SmallTruck65485,N2_LRP135b,0,SmallTruck
11853,MediumTruck65489,N1_LRP408a,0,MediumTruck
11854,HeavyTruck65491,N2_LRP229a,0.07909527982804514,HeavyTruck
11855,HeavyTruck65506,N2_LRP054a,0,HeavyTruck
11856,SmallTruck65508,N102_LRP055c,0,SmallTruck
11857,LargeBus65509,N102_LRP022a,0,LargeBus
11858,SmallTruck65517,N2_LRP141b,0,SmallTruck
11859,SmallTruck65517,N2_LRP141a,0,SmallTruck
11860,MediumTruck65518,N208_LRP055a,0,MediumTruck
11861,SmallTruck65519,N2_LRP179a,0,SmallTruck
11862,SmallTruck65519,N2_LRP178b,0,SmallTruck
11863,SmallTruck65522,N2_LRP050a,0,SmallTruck
11864,MediumTruck65523,N2_LRP236c,0,MediumTruck
11865,MediumTruck65533,N2_LRP146a,0,MediumTruck
11866,MediumTruck65535,N2_LRP182b,0,MediumTruck
11867,MediumTruck65535,N2_LRP182a,0,MediumTruck
11868,MediumTruck65536,N2_LRP038c,0,MediumTruck
11869,MediumTruck65536,N2_LRP039a,0,MediumTruck
11870,SmallTruck65540,N1_LRP035a,0,SmallTruck
11871,SmallTruck65553,N1_LRP420e,0,SmallTruck
11872,SmallTruck65553,N1_LRP420d,0,SmallTruck
11873,LargeBus65556,N1_LRP035a,0,LargeBus
11874,MediumTruck65561,N105_LRP006a,0,MediumTruck
11875,MediumTruck65561,N105_LRP005c,0,MediumTruck
11876,MiniBus65567,N2_LRP274e,0,MiniBus
11877,MediumTruck65569,N1_LRP424c,0,MediumTruck
11878,MediumTruck65569,N1_LRP424b,0,MediumTruck
11879,MediumTruck65569,N1_LRP424a,0.8259289155371529,MediumTruck
11880,LargeBus65570,N2_LRP043a,0.022338035733068272,LargeBus
11881,SmallTruck65572,N102_LRP038b,0,SmallTruck
11882,SmallTruck65572,N102_LRP038d,0,SmallTruck
11883,LargeBus65574,N1_LRP105a,0,LargeBus
11884,MediumTruck65578,N2_LRP079d,0,MediumTruck
11885,MediumTruck65578,N2_LRP079b,1.5211480078095045,MediumTruck
11886,SmallTruck65579,N2_LRP121a,0,SmallTruck
11887,SmallTruck65579,N2_LRP121c,0,SmallTruck
11888,LargeBus65581,N2_LRP154c,0,LargeBus
11889,MediumTruck65588,N102_LRP034b,0,MediumTruck
11890,SmallTruck65596,N204_LRP003b,0,SmallTruck
11891,MiniBus65600,N1_LRP033b,0,MiniBus
11892,MiniBus65600,N1_LRP034a,0,MiniBus
11893,MediumTruck65601,N1_LRP431b,0,MediumTruck
11894,MediumTruck65601,N1_LRP431a,0,MediumTruck
11895,MediumTruck65601,N1_LRP430c,0,MediumTruck
11896,LargeBus65604,N102_LRP033c,0,LargeBus
11897,MediumTruck65608,N105_LRP030c,0,MediumTruck
11898,MediumTruck65615,N208_LRP027f,0,MediumTruck
11899,MediumTruck65615,N208_LRP027d,0,MediumTruck
11900,MediumTruck65616,N2_LRP018a,0,MediumTruck
11901,LargeBus65618,N2_LRP029b,0,LargeBus
11902,SmallTruck65619,N2_LRP261a,0,SmallTruck
11903,SmallTruck65620,N1_LRP109a,0,SmallTruck
11904,MediumTruck65624,N2_LRP025b,0,MediumTruck
11905,MediumTruck65625,N105_LRP022c,0,MediumTruck
11906,MediumTruck65628,N2_LRP123e,0,MediumTruck
11907,MediumTruck65628,N2_LRP123d,0,MediumTruck
11908,MediumTruck65630,N208_LRP027b,0,MediumTruck
11909,MediumTruck65630,N208_LRP027d,0,MediumTruck
11910,LargeBus65632,N2_LRP016a,0,LargeBus
11911,MediumTruck65633,N1_LRP437b,0,MediumTruck
11912,MediumTruck65633,N1_LRP437a,0,MediumTruck
11913,MediumTruck65640,N105_LRP022c,0,MediumTruck
11914,MediumTruck65642,N2_LRP139a,0,MediumTruck
11915,MediumTruck65642,N2_LRP139b,0,MediumTruck
11916,MediumTruck65645,N2_LRP214b,0.43330324429737743,MediumTruck
11917,LargeBus65649,N1_LRP439a,0,LargeBus
11918,LargeBus65650,N2_LRP021a,0,LargeBus
11919,MediumTruck65652,N1_LRP064c,0,MediumTruck
11920,MediumTruck65657,N105_LRP030c,0,MediumTruck
11921,SmallTruck65663,N2_LRP211c,0,SmallTruck
11922,MediumTruck65665,N1_LRP445d,0,MediumTruck
11923,MediumTruck65665,N1_LRP445b,0,MediumTruck
11924,MediumTruck65666,N1_LRP023a,0,MediumTruck
11925,MediumTruck65668,N1_LRP068a,0,MediumTruck
11926,SmallTruck65673,N105_LRP035d,0,SmallTruck
11927,LargeBus65676,N2_LRP162a,0.3251521877855223,LargeBus
11928,LargeBus65677,N2_LRP179a,0,LargeBus
11929,LargeBus65681,N1_LRP448a,0,LargeBus
11930,MediumTruck65689,N105_LRP039b,0,MediumTruck
11931,MediumTruck65692,N2_LRP139b,0,MediumTruck
11932,MediumTruck65692,N2_LRP139a,0,MediumTruck
11933,SmallTruck65697,N1_LRP452e,0,SmallTruck
11934,SmallTruck65697,N1_LRP452d,0,SmallTruck
11935,SmallTruck65704,N105_LRP005c,0,SmallTruck
11936,SmallTruck65704,N105_LRP006a,0,SmallTruck
11937,MediumTruck65708,N2_LRP140c,0.010171903096643863,MediumTruck
11938,SmallTruck65709,N2_LRP186b,0.3883602356056265,SmallTruck
11939,SmallTruck65712,N1_LRP001a,0,SmallTruck
11940,MediumTruck65713,N1_LRP456c,0,MediumTruck
11941,LargeBus65714,N1_LRP010b,0,LargeBus
11942,LargeBus65714,N1_LRP010c,0,LargeBus
11943,LargeBus65714,N1_LRP011a,0,LargeBus
11944,LargeBus65715,N2_LRP285c,0,LargeBus
11945,LargeBus65715,N2_LRP285a,0,LargeBus
11946,MediumTruck65716,N102_LRP002a,0,MediumTruck
11947,MediumTruck65722,N2_LRP118g,0,MediumTruck
11948,SmallTruck65727,N2_LRP226d,0,SmallTruck
11949,SmallTruck65727,N2_LRP226c,0,SmallTruck
11950,SmallTruck65281,N1_LRP357c,0,SmallTruck
11951,SmallTruck65281,N1_LRP357a,0,SmallTruck
11952,MiniBus65295,N2_LRP117b,0,MiniBus
11953,MiniBus65295,N2_LRP117a,0.1316466361988909,MiniBus
11954,LargeBus65296,N1_LRP120b,0,LargeBus
11955,LargeBus65299,N2_LRP172d,0,LargeBus
11956,LargeBus65299,N2_LRP172c,0,LargeBus
11957,LargeBus65308,N2_LRP035b,0,LargeBus
11958,MiniBus65311,N2_LRP121a,0,MiniBus
11959,LargeBus65313,N1_LRP360a,0,LargeBus
11960,MediumTruck65321,N2_LRP079a,0,MediumTruck
11961,MediumTruck65325,N2_LRP096c,0,MediumTruck
11962,LargeBus65328,N2_LRP095a,0,LargeBus
11963,LargeBus65328,N2_LRP096a,0,LargeBus
11964,SmallTruck65329,N1_LRP367a,0,SmallTruck
11965,MediumTruck65336,N2_LRP096a,0,MediumTruck
11966,MediumTruck65336,N2_LRP096c,0,MediumTruck
11967,MediumTruck65337,N2_LRP074a,0,MediumTruck
11968,MediumTruck65342,N2_LRP187b,0,MediumTruck
11969,MediumTruck65345,N1_LRP371c,0,MediumTruck
11970,MediumTruck65345,N1_LRP371a,0,MediumTruck
11971,SmallTruck65355,N2_LRP175c,0,SmallTruck
11972,SmallTruck65355,N2_LRP175d,0,SmallTruck
11973,SmallTruck65355,N2_LRP175e,0,SmallTruck
11974,SmallTruck65355,N2_LRP175f,0,SmallTruck
11975,MediumTruck65356,N2_LRP054b,0,MediumTruck
11976,MiniBus65361,N1_LRP370e,0,MiniBus
11977,LargeBus65363,N2_LRP188a,0,LargeBus
11978,SmallTruck65372,N2_LRP059a,0,SmallTruck
11979,SmallTruck65372,N2_LRP058c,0,SmallTruck
11980,SmallTruck65373,N2_LRP106b,0,SmallTruck
11981,SmallTruck65373,N2_LRP106a,0,SmallTruck
11982,LargeBus65376,N1_LRP098a,0,LargeBus
11983,MediumTruck65387,N2_LRP067c,0,MediumTruck
11984,MediumTruck65391,N2_LRP148b,0,MediumTruck
11985,MiniBus65393,N1_LRP381b,0,MiniBus
11986,LargeBus65394,N2_LRP086a,0,LargeBus
11987,MediumTruck65404,N2_LRP070c,0,MediumTruck
11988,MiniBus65405,N2_LRP108a,0,MiniBus
11989,LargeBus65408,N1_LRP088a,0,LargeBus
11990,MediumTruck65409,N1_LRP387f,0,MediumTruck
11991,MediumTruck65409,N1_LRP387e,0,MediumTruck
11992,MediumTruck65410,N2_LRP079a,0,MediumTruck
11993,MediumTruck65413,N102_LRP002c,0,MediumTruck
11994,MediumTruck65413,N102_LRP002b,0,MediumTruck
11995,MediumTruck65413,N102_LRP002a,0,MediumTruck
11996,SmallTruck65416,N2_LRP078a,0,SmallTruck
11997,LargeBus65419,N2_LRP066a,0,LargeBus
11998,MediumTruck65421,N2_LRP120a,0,MediumTruck
11999,MediumTruck65421,N2_LRP119c,0,MediumTruck
12000,MediumTruck65425,N1_LRP389d,0,MediumTruck
12001,LargeBus65437,N2_LRP118g,0,LargeBus
12002,LargeBus65437,N2_LRP118e,0,LargeBus
12003,SmallTruck65449,N1_LRP035a,0,SmallTruck
12004,MediumTruck65456,N1_LRP068a,0,MediumTruck
12005,HeavyTruck65460,N1_LRP014a,0,HeavyTruck
12006,MediumTruck65473,N1_LRP403a,0,MediumTruck
12007,MediumTruck65481,N1_LRP027a,0,MediumTruck
12008,SmallTruck65485,N2_LRP135a,0,SmallTruck
12009,SmallTruck65490,N2_LRP058c,0,SmallTruck
12010,SmallTruck65490,N2_LRP059a,0,SmallTruck
12011,HeavyTruck65491,N2_LRP228b,0,HeavyTruck
12012,MediumTruck65492,N1_LRP142a,0,MediumTruck
12013,MediumTruck65493,N102_LRP022a,0,MediumTruck
12014,MediumTruck65497,N2_LRP035b,0,MediumTruck
12015,MiniBus65500,N2_LRP084a,0,MiniBus
12016,LargeBus65505,N1_LRP408a,0,LargeBus
12017,HeavyTruck65506,N2_LRP054b,0,HeavyTruck
12018,LargeBus65507,N2_LRP226d,0,LargeBus
12019,LargeBus65507,N2_LRP226c,0,LargeBus
12020,MiniBus65515,N2_LRP141a,0,MiniBus
12021,MiniBus65515,N2_LRP141b,0,MiniBus
12022,SmallTruck65517,N2_LRP140c,0.047152938114401445,SmallTruck
12023,SmallTruck65519,N2_LRP178a,0,SmallTruck
12024,MediumTruck65521,N1_LRP414a,0,MediumTruck
12025,MediumTruck65523,N2_LRP236a,0,MediumTruck
12026,MediumTruck65523,N2_LRP235a,0,MediumTruck
12027,SmallTruck65532,N2_LRP098b,0.6608763974594302,SmallTruck
12028,MediumTruck65535,N2_LRP181c,0,MediumTruck
12029,MediumTruck65536,N2_LRP039c,0,MediumTruck
12030,MediumTruck65537,N1_LRP417b,0,MediumTruck
12031,MediumTruck65537,N1_LRP416e,0,MediumTruck
12032,MediumTruck65537,N1_LRP416d,0,MediumTruck
12033,MediumTruck65538,N2_LRP046c,0,MediumTruck
12034,MediumTruck65538,N2_LRP047a,0,MediumTruck
12035,MediumTruck65538,N2_LRP047c,0,MediumTruck
12036,SmallTruck65539,N2_LRP240a,0,SmallTruck
12037,MediumTruck65551,N2_LRP184c,0,MediumTruck
12038,SmallTruck65552,N2_LRP035b,0,SmallTruck
12039,SmallTruck65553,N1_LRP420c,0,SmallTruck
12040,SmallTruck65553,N1_LRP420a,0,SmallTruck
12041,MediumTruck65555,N2_LRP243b,0,MediumTruck
12042,LargeBus65556,N1_LRP034a,0,LargeBus
12043,LargeBus65557,N102_LRP034b,0,LargeBus
12044,SmallTruck65563,N2_LRP108a,0,SmallTruck
12045,MiniBus65567,N2_LRP276a,0,MiniBus
12046,MediumTruck65571,N2_LRP248a,0,MediumTruck
12047,SmallTruck65579,N2_LRP122b,0,SmallTruck
12048,LargeBus65581,N2_LRP153b,0,LargeBus
12049,MediumTruck65584,N1_LRP035a,0,MediumTruck
12050,MiniBus65585,N1_LRP423d,0,MiniBus
12051,MiniBus65585,N1_LRP423c,0,MiniBus
12052,MiniBus65585,N1_LRP423b,0.09809389819602052,MiniBus
12053,MediumTruck65586,N2_LRP035b,0,MediumTruck
12054,MediumTruck65590,N1_LRP112a,0,MediumTruck
12055,MediumTruck65601,N1_LRP430b,0,MediumTruck
12056,MediumTruck65601,N1_LRP430a,0,MediumTruck
12057,MediumTruck65601,N1_LRP429f,0,MediumTruck
12058,LargeBus65604,N102_LRP034b,0,LargeBus
12059,MediumTruck65609,N105_LRP017c,0,MediumTruck
12060,SmallTruck65610,N2_LRP146a,0,SmallTruck
12061,SmallTruck65611,N204_LRP003b,0,SmallTruck
12062,MiniBus65614,N208_LRP034c,0,MiniBus
12063,MiniBus65614,N208_LRP034d,0,MiniBus
12064,MediumTruck65615,N208_LRP027b,0,MediumTruck
12065,MediumTruck65625,N105_LRP021d,0,MediumTruck
12066,MediumTruck65628,N2_LRP123c,0,MediumTruck
12067,MediumTruck65630,N208_LRP027f,0,MediumTruck
12068,SmallTruck65631,N2_LRP206b,0,SmallTruck
12069,MediumTruck65633,N1_LRP436a,0,MediumTruck
12070,MediumTruck65635,N2_LRP264a,0,MediumTruck
12071,MediumTruck65640,N105_LRP023c,0,MediumTruck
12072,MediumTruck65642,N2_LRP140a,0.15936274254947227,MediumTruck
12073,LargeBus65649,N1_LRP438c,0,LargeBus
12074,LargeBus65649,N1_LRP438b,0,LargeBus
12075,LargeBus65650,N2_LRP021b,0,LargeBus
12076,MediumTruck65656,N2_LRP018a,0,MediumTruck
12077,SmallTruck65663,N2_LRP211b,0,SmallTruck
12078,MediumTruck65665,N1_LRP444e,0,MediumTruck
12079,MediumTruck65665,N1_LRP444d,0,MediumTruck
12080,MediumTruck65665,N1_LRP444c,0,MediumTruck
12081,MediumTruck65665,N1_LRP444b,0,MediumTruck
12082,MediumTruck65665,N1_LRP444a,0,MediumTruck
12083,LargeBus65676,N2_LRP162c,0,LargeBus
12084,LargeBus65676,N2_LRP162d,0,LargeBus
12085,LargeBus65676,N2_LRP162e,0,LargeBus
12086,LargeBus65677,N2_LRP178b,0,LargeBus
12087,LargeBus65677,N2_LRP178a,0,LargeBus
12088,MediumTruck65680,N1_LRP010b,0,MediumTruck
12089,MediumTruck65680,N1_LRP010c,0,MediumTruck
12090,MediumTruck65680,N1_LRP011a,0,MediumTruck
12091,LargeBus65681,N1_LRP447c,0,LargeBus
12092,LargeBus65681,N1_LRP447b,0,LargeBus
12093,LargeBus65681,N1_LRP447a,0,LargeBus
12094,LargeBus65683,N2_LRP276a,0,LargeBus
12095,MediumTruck65686,N1_LRP137a,0,MediumTruck
12096,MediumTruck65692,N2_LRP138b,0,MediumTruck
12097,SmallTruck65697,N1_LRP452c,0,SmallTruck
12098,SmallTruck65697,N1_LRP452a,0,SmallTruck
12099,SmallTruck65697,N1_LRP451e,0,SmallTruck
12100,MediumTruck65705,N105_LRP042b,0,MediumTruck
12101,MediumTruck65713,N1_LRP456a,0,MediumTruck
12102,LargeBus65715,N2_LRP284c,0,LargeBus
12103,LargeBus65715,N2_LRP284b,0,LargeBus
12104,MediumTruck65716,N102_LRP002b,0,MediumTruck
12105,MediumTruck65716,N102_LRP002c,0,MediumTruck
12106,MediumTruck65722,N2_LRP119c,0,MediumTruck
12107,MediumTruck65722,N2_LRP120a,0,MediumTruck
12108,SmallTruck65727,N2_LRP225c,0.0663044544237613,SmallTruck
12109,MediumTruck65285,N1_LRP051a,0,MediumTruck
12110,MediumTruck65289,N1_LRP077a,0,MediumTruck
12111,MediumTruck65297,N1_LRP360c,0,MediumTruck
12112,MediumTruck65297,N1_LRP360a,0,MediumTruck
12113,LargeBus65298,N2_LRP117a,0.16868277422320815,LargeBus
12114,LargeBus65299,N2_LRP171f,0.04624575924498545,LargeBus
12115,SmallTruck65303,N1_LRP083b,0,SmallTruck
12116,MiniBus65311,N2_LRP120a,0,MiniBus
12117,MiniBus65311,N2_LRP119c,0,MiniBus
12118,LargeBus65313,N1_LRP359b,0,LargeBus
12119,LargeBus65313,N1_LRP359a,0,LargeBus
12120,MediumTruck65314,N2_LRP102a,0,MediumTruck
12121,MediumTruck65321,N2_LRP079b,1.5211480078095045,MediumTruck
12122,SmallTruck65323,N2_LRP050a,0,SmallTruck
12123,MediumTruck65325,N2_LRP096a,0,MediumTruck
12124,MediumTruck65325,N2_LRP095a,0,MediumTruck
12125,LargeBus65328,N2_LRP096c,0,LargeBus
12126,LargeBus65328,N2_LRP097a,0,LargeBus
12127,MediumTruck65336,N2_LRP097a,0,MediumTruck
12128,MediumTruck65337,N2_LRP076a,0,MediumTruck
12129,MediumTruck65342,N2_LRP186d,0,MediumTruck
12130,MediumTruck65345,N1_LRP370e,0,MediumTruck
12131,SmallTruck65346,N2_LRP091b,0,SmallTruck
12132,MediumTruck65353,N2_LRP072a,0,MediumTruck
12133,SmallTruck65355,N2_LRP176b,0,SmallTruck
12134,SmallTruck65355,N2_LRP176c,0,SmallTruck
12135,SmallTruck65355,N2_LRP176d,0,SmallTruck
12136,SmallTruck65355,N2_LRP176e,0,SmallTruck
12137,MediumTruck65356,N2_LRP054a,0,MediumTruck
12138,MediumTruck65360,N1_LRP094a,0,MediumTruck
12139,MiniBus65361,N1_LRP370c,0,MiniBus
12140,MiniBus65361,N1_LRP370a,0,MiniBus
12141,MiniBus65361,N1_LRP369c,0,MiniBus
12142,LargeBus65363,N2_LRP187b,0,LargeBus
12143,MediumTruck65377,N1_LRP380c,0,MediumTruck
12144,MediumTruck65377,N1_LRP380a,0,MediumTruck
12145,MediumTruck65380,N2_LRP018a,0,MediumTruck
12146,MediumTruck65384,N2_LRP084a,0,MediumTruck
12147,MediumTruck65387,N2_LRP066a,0,MediumTruck
12148,MediumTruck65391,N2_LRP147d,0,MediumTruck
12149,MediumTruck65391,N2_LRP147b,0,MediumTruck
12150,MediumTruck65391,N2_LRP147a,0,MediumTruck
12151,MiniBus65393,N1_LRP380c,0,MiniBus
12152,MiniBus65393,N1_LRP380a,0,MiniBus
12153,LargeBus65394,N2_LRP087a,0,LargeBus
12154,MediumTruck65403,N2_LRP072a,0,MediumTruck
12155,MediumTruck65404,N2_LRP070a,0,MediumTruck
12156,MediumTruck65404,N2_LRP069e,0,MediumTruck
12157,MediumTruck65404,N2_LRP069c,0,MediumTruck
12158,MediumTruck65409,N1_LRP387b,0,MediumTruck
12159,MediumTruck65409,N1_LRP387a,0,MediumTruck
12160,MediumTruck65409,N1_LRP386f,0,MediumTruck
12161,MediumTruck65409,N1_LRP386e,0,MediumTruck
12162,MediumTruck65410,N2_LRP079b,2.5211480078095043,MediumTruck
12163,SmallTruck65416,N2_LRP079a,0,SmallTruck
12164,MediumTruck65421,N2_LRP118g,0,MediumTruck
12165,LargeBus65422,N2_LRP200c,0,LargeBus
12166,MediumTruck65425,N1_LRP389b,0.01068182750162793,MediumTruck
12167,SmallTruck65430,N1_LRP218a,0,SmallTruck
12168,LargeBus65431,N1_LRP181a,0,LargeBus
12169,MediumTruck65436,N2_LRP074a,0,MediumTruck
12170,LargeBus65437,N2_LRP118b,0,LargeBus
12171,LargeBus65437,N2_LRP118a,0,LargeBus
12172,MiniBus65442,N2_LRP078a,0,MiniBus
12173,SmallTruck65443,N2_LRP216b,0,SmallTruck
12174,MediumTruck65445,N102_LRP009a,0,MediumTruck
12175,SmallTruck65449,N1_LRP036c,0,SmallTruck
12176,MediumTruck65457,N1_LRP398a,0,MediumTruck
12177,MediumTruck65465,N2_LRP043d,0,MediumTruck
12178,MediumTruck65465,N2_LRP044a,0,MediumTruck
12179,MediumTruck65473,N1_LRP402b,0,MediumTruck
12180,MediumTruck65474,N2_LRP064a,0,MediumTruck
12181,SmallTruck65485,N2_LRP134c,0,SmallTruck
12182,SmallTruck65485,N2_LRP134b,0,SmallTruck
12183,MediumTruck65492,N1_LRP143a,0,MediumTruck
12184,LargeBus65495,N1_LRP127a,0,LargeBus
12185,MiniBus65502,N2_LRP221b,0,MiniBus
12186,HeavyTruck65506,N2_LRP055b,0,HeavyTruck
12187,HeavyTruck65506,N2_LRP056a,0,HeavyTruck
12188,LargeBus65507,N2_LRP225c,1.0663044544237612,LargeBus
12189,SmallTruck65511,N1_LRP137a,0,SmallTruck
12190,MediumTruck65513,N1_LRP020a,0,MediumTruck
12191,SmallTruck65519,N2_LRP177a,0,SmallTruck
12192,MediumTruck65535,N2_LRP180c,0,MediumTruck
12193,MediumTruck65536,N2_LRP040a,0,MediumTruck
12194,MediumTruck65536,N2_LRP040b,0,MediumTruck
12195,MediumTruck65537,N1_LRP415c,5.096608883005476,MediumTruck
12196,MediumTruck65538,N2_LRP048a,0,MediumTruck
12197,SmallTruck65539,N2_LRP239a,0,SmallTruck
12198,SmallTruck65539,N2_LRP238c,0,SmallTruck
12199,SmallTruck65540,N1_LRP034a,0,SmallTruck
12200,MediumTruck65541,N102_LRP034b,0,MediumTruck
12201,MediumTruck65545,N2_LRP024b,0,MediumTruck
12202,MediumTruck65551,N2_LRP183d,0.13124310290587196,MediumTruck
12203,SmallTruck65553,N1_LRP418b,0,SmallTruck
12204,MediumTruck65555,N2_LRP243a,0,MediumTruck
12205,LargeBus65556,N1_LRP033b,0,LargeBus
12206,LargeBus65556,N1_LRP033a,0,LargeBus
12207,LargeBus65557,N102_LRP033c,0,LargeBus
12208,MediumTruck65569,N1_LRP423d,0,MediumTruck
12209,MediumTruck65569,N1_LRP423c,0,MediumTruck
12210,MediumTruck65569,N1_LRP423b,0.5420655010986005,MediumTruck
12211,LargeBus65570,N2_LRP043d,0,LargeBus
12212,LargeBus65570,N2_LRP044a,0,LargeBus
12213,SmallTruck65579,N2_LRP123c,0,SmallTruck
12214,LargeBus65581,N2_LRP153a,0,LargeBus
12215,LargeBus65581,N2_LRP152d,0,LargeBus
12216,LargeBus65581,N2_LRP152c,0,LargeBus
12217,MediumTruck65584,N1_LRP036c,0,MediumTruck
12218,SmallTruck65592,N2_LRP035b,0,SmallTruck
12219,MediumTruck65593,N2_LRP012c,0,MediumTruck
12220,MiniBus65600,N1_LRP035a,0,MiniBus
12221,MediumTruck65601,N1_LRP429c,0,MediumTruck
12222,MediumTruck65601,N1_LRP429b,0,MediumTruck
12223,MediumTruck65601,N1_LRP429a,0,MediumTruck
12224,MediumTruck65608,N105_LRP032b,0,MediumTruck
12225,MediumTruck65608,N105_LRP032c,0,MediumTruck
12226,MediumTruck65612,N2_LRP175c,0,MediumTruck
12227,MediumTruck65612,N2_LRP175d,0,MediumTruck
12228,MediumTruck65612,N2_LRP175e,0,MediumTruck
12229,MediumTruck65612,N2_LRP175f,0,MediumTruck
12230,LargeBus65617,N1_LRP431b,0,LargeBus
12231,LargeBus65617,N1_LRP431a,0,LargeBus
12232,LargeBus65617,N1_LRP430c,0,LargeBus
12233,MediumTruck65622,N104_LRP028a,0,MediumTruck
12234,MediumTruck65625,N105_LRP020c,0,MediumTruck
12235,MediumTruck65628,N2_LRP122b,0,MediumTruck
12236,MediumTruck65630,N208_LRP028d,0,MediumTruck
12237,LargeBus65632,N2_LRP018a,0,LargeBus
12238,MediumTruck65633,N1_LRP435c,0,MediumTruck
12239,SmallTruck65634,N1_LRP033a,0,SmallTruck
12240,SmallTruck65634,N1_LRP033b,0,SmallTruck
12241,MediumTruck65641,N105_LRP024c,0,MediumTruck
12242,MiniBus65646,N208_LRP027b,0,MiniBus
12243,MiniBus65646,N208_LRP027d,0,MiniBus
12244,MediumTruck65648,N1_LRP020a,0,MediumTruck
12245,LargeBus65649,N1_LRP438a,0,LargeBus
12246,SmallTruck65653,N102_LRP062c,0,SmallTruck
12247,SmallTruck65653,N102_LRP062b,0,SmallTruck
12248,MediumTruck65658,N2_LRP098b,0.5926285168049432,MediumTruck
12249,MediumTruck65661,N2_LRP211b,0,MediumTruck
12250,MediumTruck65661,N2_LRP211c,0,MediumTruck
12251,MediumTruck65665,N1_LRP443d,0,MediumTruck
12252,MediumTruck65665,N1_LRP443c,0,MediumTruck
12253,LargeBus65675,N204_LRP020b,0,LargeBus
12254,LargeBus65676,N2_LRP163a,0,LargeBus
12255,LargeBus65676,N2_LRP163b,0,LargeBus
12256,LargeBus65676,N2_LRP163c,0,LargeBus
12257,LargeBus65681,N1_LRP446d,0,LargeBus
12258,LargeBus65681,N1_LRP446b,0,LargeBus
12259,MediumTruck65682,N2_LRP012c,0,MediumTruck
12260,LargeBus65683,N2_LRP274e,0,LargeBus
12261,MediumTruck65692,N2_LRP138a,0,MediumTruck
12262,MediumTruck65694,N208_LRP011b,0,MediumTruck
12263,SmallTruck65695,N208_LRP046b,0,SmallTruck
12264,SmallTruck65697,N1_LRP451b,0,SmallTruck
12265,SmallTruck65697,N1_LRP450e,0.3537637590515236,SmallTruck
12266,MediumTruck65708,N2_LRP140a,0.32819816526098566,MediumTruck
12267,MediumTruck65713,N1_LRP455a,0,MediumTruck
12268,LargeBus65714,N1_LRP012a,0,LargeBus
12269,LargeBus65714,N1_LRP012b,0,LargeBus
12270,LargeBus65715,N2_LRP283b,0,LargeBus
12271,MediumTruck65720,N105_LRP003a,0,MediumTruck
12272,MediumTruck65722,N2_LRP121a,0,MediumTruck
12273,SmallTruck65725,N2_LRP188a,0,SmallTruck
12274,SmallTruck65725,N2_LRP187b,0,SmallTruck
12275,LargeBus65296,N1_LRP122a,0,LargeBus
12276,LargeBus65298,N2_LRP117b,0,LargeBus
12277,LargeBus65299,N2_LRP171e,0,LargeBus
12278,SmallTruck65303,N1_LRP083a,0,SmallTruck
12279,SmallTruck65304,N1_LRP122a,0,SmallTruck
12280,MiniBus65311,N2_LRP118g,0,MiniBus
12281,MiniBus65311,N2_LRP118e,0,MiniBus
12282,MediumTruck65312,N2_LRP095a,0,MediumTruck
12283,LargeBus65313,N1_LRP358b,0,LargeBus
12284,LargeBus65313,N1_LRP358a,0,LargeBus
12285,MediumTruck65314,N2_LRP103c,0,MediumTruck
12286,SmallTruck65316,N2_LRP035b,0,SmallTruck
12287,MediumTruck65326,N2_LRP184c,0,MediumTruck
12288,LargeBus65328,N2_LRP098b,1.5926285168049432,LargeBus
12289,SmallTruck65331,N2_LRP188a,0,SmallTruck
12290,MediumTruck65336,N2_LRP098b,2.592628516804943,MediumTruck
12291,MediumTruck65337,N2_LRP076b,0,MediumTruck
12292,MediumTruck65341,N2_LRP098b,3.592628516804943,MediumTruck
12293,MediumTruck65342,N2_LRP186c,0,MediumTruck
12294,MediumTruck65345,N1_LRP370c,0,MediumTruck
12295,MediumTruck65345,N1_LRP370a,0,MediumTruck
12296,MediumTruck65345,N1_LRP369c,0,MediumTruck
12297,SmallTruck65346,N2_LRP092a,0,SmallTruck
12298,SmallTruck65346,N2_LRP092b,0,SmallTruck
12299,SmallTruck65355,N2_LRP177a,0,SmallTruck
12300,MediumTruck65356,N2_LRP053a,0,MediumTruck
12301,MiniBus65361,N1_LRP369b,0,MiniBus
12302,MiniBus65361,N1_LRP369a,0,MiniBus
12303,MediumTruck65362,N2_LRP090a,0,MediumTruck
12304,LargeBus65363,N2_LRP186d,0,LargeBus
12305,SmallTruck65372,N2_LRP057b,0,SmallTruck
12306,SmallTruck65372,N2_LRP057a,0,SmallTruck
12307,SmallTruck65373,N2_LRP104a,0,SmallTruck
12308,MediumTruck65402,N2_LRP035b,0,MediumTruck
12309,MiniBus65405,N2_LRP106b,0,MiniBus
12310,MiniBus65405,N2_LRP106a,0,MiniBus
12311,LargeBus65407,N2_LRP141b,0,LargeBus
12312,MediumTruck65409,N1_LRP386c,0,MediumTruck
12313,MediumTruck65409,N1_LRP386a,0,MediumTruck
12314,MediumTruck65409,N1_LRP385g,0,MediumTruck
12315,MediumTruck65412,N102_LRP082a,0,MediumTruck
12316,MediumTruck65413,N102_LRPSc,0,MediumTruck
12317,SmallTruck65416,N2_LRP079b,2.5211480078095043,SmallTruck
12318,MediumTruck65421,N2_LRP118e,0,MediumTruck
12319,MediumTruck65421,N2_LRP118b,0,MediumTruck
12320,MediumTruck65421,N2_LRP118a,0,MediumTruck
12321,LargeBus65422,N2_LRP199d,0,LargeBus
12322,MediumTruck65425,N1_LRP389a,0,MediumTruck
12323,SmallTruck65430,N1_LRP218b,0,SmallTruck
12324,LargeBus65434,N2_LRP035b,0,LargeBus
12325,MediumTruck65436,N2_LRP073g,0,MediumTruck
12326,MiniBus65442,N2_LRP079a,0,MiniBus
12327,SmallTruck65443,N2_LRP216a,0,SmallTruck
12328,HeavyTruck65460,N1_LRP012b,0,HeavyTruck
12329,HeavyTruck65460,N1_LRP012a,0,HeavyTruck
12330,MediumTruck65465,N2_LRP044c,0,MediumTruck
12331,MiniBus65470,N2_LRP211c,0,MiniBus
12332,MiniBus65470,N2_LRP211b,0,MiniBus
12333,MediumTruck65474,N2_LRP064b,0,MediumTruck
12334,SmallTruck65475,N2_LRP224b,0,SmallTruck
12335,MediumTruck65476,N102_LRP065a,0,MediumTruck
12336,SmallTruck65477,N102_LRP017a,0,SmallTruck
12337,SmallTruck65483,N2_LRP146a,0,SmallTruck
12338,MediumTruck65484,N207_LRP066b,0,MediumTruck
12339,SmallTruck65485,N2_LRP133a,0,SmallTruck
12340,SmallTruck65490,N2_LRP060c,0,SmallTruck
12341,SmallTruck65490,N2_LRP061a,0,SmallTruck
12342,HeavyTruck65491,N2_LRP226d,0,HeavyTruck
12343,HeavyTruck65491,N2_LRP226c,0,HeavyTruck
12344,HeavyTruck65506,N2_LRP057a,0,HeavyTruck
12345,LargeBus65509,N102_LRP019b,0,LargeBus
12346,LargeBus65509,N102_LRP019a,0,LargeBus
12347,SmallTruck65517,N2_LRP140a,1.3281981652609858,SmallTruck
12348,SmallTruck65519,N2_LRP176e,0,SmallTruck
12349,SmallTruck65519,N2_LRP176d,0,SmallTruck
12350,SmallTruck65519,N2_LRP176c,0,SmallTruck
12351,SmallTruck65519,N2_LRP176b,0,SmallTruck
12352,MediumTruck65521,N1_LRP412d,0,MediumTruck
12353,MediumTruck65521,N1_LRP412b,0,MediumTruck
12354,SmallTruck65522,N2_LRP052a,0,SmallTruck
12355,MiniBus65524,N102_LRP058a,0,MiniBus
12356,SmallTruck65532,N2_LRP097a,0,SmallTruck
12357,MediumTruck65535,N2_LRP180a,0,MediumTruck
12358,MediumTruck65536,N2_LRP041b,0,MediumTruck
12359,MediumTruck65538,N2_LRP048b,0,MediumTruck
12360,SmallTruck65540,N1_LRP033b,0,SmallTruck
12361,SmallTruck65540,N1_LRP033a,0,SmallTruck
12362,MediumTruck65541,N102_LRP033c,0,MediumTruck
12363,LargeBus65542,N1_LRP094a,0,LargeBus
12364,MediumTruck65545,N2_LRP025a,0,MediumTruck
12365,MediumTruck65545,N2_LRP025b,0,MediumTruck
12366,MediumTruck65551,N2_LRP183c,0,MediumTruck
12367,MediumTruck65555,N2_LRP242a,0,MediumTruck
12368,MediumTruck65561,N105_LRP003a,0,MediumTruck
12369,SmallTruck65563,N2_LRP106b,0,SmallTruck
12370,SmallTruck65563,N2_LRP106a,0,SmallTruck
12371,LargeBus65570,N2_LRP044c,0,LargeBus
12372,MediumTruck65571,N2_LRP246c,0,MediumTruck
12373,MediumTruck65578,N2_LRP079a,0,MediumTruck
12374,SmallTruck65579,N2_LRP123d,0,SmallTruck
12375,SmallTruck65579,N2_LRP123e,0,SmallTruck
12376,LargeBus65581,N2_LRP152b,0,LargeBus
12377,LargeBus65581,N2_LRP152a,0,LargeBus
12378,LargeBus65581,N2_LRP151b,0,LargeBus
12379,MiniBus65585,N1_LRP422b,0,MiniBus
12380,MediumTruck65588,N102_LRP036b,0,MediumTruck
12381,MediumTruck65588,N102_LRP036d,0,MediumTruck
12382,MediumTruck65589,N102_LRP045a,0,MediumTruck
12383,MediumTruck65590,N1_LRP111a,0,MediumTruck
12384,MediumTruck65593,N2_LRP012f,0,MediumTruck
12385,MiniBus65600,N1_LRP036c,0,MiniBus
12386,MediumTruck65601,N1_LRP428d,0,MediumTruck
12387,MediumTruck65601,N1_LRP428c,0,MediumTruck
12388,MediumTruck65601,N1_LRP428b,0,MediumTruck
12389,MediumTruck65601,N1_LRP428a,0,MediumTruck
12390,MediumTruck65612,N2_LRP176b,0,MediumTruck
12391,MediumTruck65612,N2_LRP176c,0,MediumTruck
12392,MediumTruck65612,N2_LRP176d,0,MediumTruck
12393,MediumTruck65612,N2_LRP176e,0,MediumTruck
12394,MediumTruck65616,N2_LRP021a,0,MediumTruck
12395,LargeBus65617,N1_LRP430b,0,LargeBus
12396,LargeBus65617,N1_LRP430a,0,LargeBus
12397,LargeBus65617,N1_LRP429f,0,LargeBus
12398,SmallTruck65619,N2_LRP258a,0,SmallTruck
12399,SmallTruck65620,N1_LRP111a,0,SmallTruck
12400,MediumTruck65628,N2_LRP121c,0,MediumTruck
12401,MediumTruck65630,N208_LRP029c,0,MediumTruck
12402,SmallTruck65634,N1_LRP034a,0,SmallTruck
12403,LargeBus65637,N102_LRP055c,0,LargeBus
12404,MediumTruck65638,N1_LRP123a,0,MediumTruck
12405,MediumTruck65640,N105_LRP024c,0,MediumTruck
12406,MediumTruck65642,N2_LRP140c,0.0729650945709887,MediumTruck
12407,MediumTruck65645,N2_LRP216a,0,MediumTruck
12408,MediumTruck65645,N2_LRP216b,0,MediumTruck
12409,MiniBus65646,N208_LRP027f,0,MiniBus
12410,LargeBus65649,N1_LRP437b,0,LargeBus
12411,LargeBus65649,N1_LRP437a,0,LargeBus
12412,LargeBus65651,N2_LRP264a,0,LargeBus
12413,SmallTruck65654,N1_LRP127a,0,SmallTruck
12414,MediumTruck65655,N104_LRP028a,0,MediumTruck
12415,HeavyTruck65669,N102_LRP065a,0,HeavyTruck
12416,SmallTruck65673,N105_LRP032c,0,SmallTruck
12417,SmallTruck65673,N105_LRP032b,0,SmallTruck
12418,LargeBus65676,N2_LRP163d,0,LargeBus
12419,LargeBus65676,N2_LRP164a,0,LargeBus
12420,LargeBus65676,N2_LRP164b,0,LargeBus
12421,LargeBus65677,N2_LRP177a,0,LargeBus
12422,LargeBus65677,N2_LRP176e,0,LargeBus
12423,LargeBus65677,N2_LRP176d,0,LargeBus
12424,LargeBus65677,N2_LRP176c,0,LargeBus
12425,LargeBus65677,N2_LRP176b,0,LargeBus
12426,MediumTruck65680,N1_LRP012a,0,MediumTruck
12427,MediumTruck65680,N1_LRP012b,0,MediumTruck
12428,LargeBus65681,N1_LRP445d,0,LargeBus
12429,LargeBus65681,N1_LRP445b,0,LargeBus
12430,MediumTruck65682,N2_LRP012f,0,MediumTruck
12431,MediumTruck65686,N1_LRP136a,0,MediumTruck
12432,SmallTruck65697,N1_LRP450c,0,SmallTruck
12433,MediumTruck65705,N105_LRP041c,0,MediumTruck
12434,SmallTruck65709,N2_LRP184c,0,SmallTruck
12435,LargeBus65714,N1_LRP014a,0,LargeBus
12436,MediumTruck65722,N2_LRP121c,0,MediumTruck
12437,MediumTruck65726,N208_LRP004c,0,MediumTruck
12438,MediumTruck65734,N104_LRPSa,0,MediumTruck
12439,MiniBus65738,N2_LRP117b,0,MiniBus
12440,MiniBus65738,N2_LRP117a,0.14625479596373372,MiniBus
12441,MiniBus65280,N1_LRP127a,0,MiniBus
12442,MediumTruck65297,N1_LRP359b,0,MediumTruck
12443,MediumTruck65297,N1_LRP359a,0,MediumTruck
12444,LargeBus65298,N2_LRP118a,0,LargeBus
12445,LargeBus65299,N2_LRP171d,0,LargeBus
12446,LargeBus65299,N2_LRP170j,0,LargeBus
12447,LargeBus65299,N2_LRP170i,0,LargeBus
12448,LargeBus65299,N2_LRP170h,0,LargeBus
12449,LargeBus65299,N2_LRP170g,0,LargeBus
12450,LargeBus65299,N2_LRP170f,0.06425713899632292,LargeBus
12451,SmallTruck65304,N1_LRP123a,0,SmallTruck
12452,MiniBus65311,N2_LRP118b,0,MiniBus
12453,MiniBus65311,N2_LRP118a,0,MiniBus
12454,MediumTruck65312,N2_LRP096a,0,MediumTruck
12455,MediumTruck65312,N2_LRP096c,0,MediumTruck
12456,LargeBus65313,N1_LRP357f,0,LargeBus
12457,LargeBus65313,N1_LRP357d,0,LargeBus
12458,MediumTruck65314,N2_LRP104a,0,MediumTruck
12459,MediumTruck65321,N2_LRP079d,0,MediumTruck
12460,SmallTruck65323,N2_LRP048b,0,SmallTruck
12461,MediumTruck65326,N2_LRP183d,0.0450056427374151,MediumTruck
12462,SmallTruck65329,N1_LRP364d,0,SmallTruck
12463,SmallTruck65331,N2_LRP187b,0,SmallTruck
12464,MediumTruck65342,N2_LRP186b,0.4307862679479198,MediumTruck
12465,MediumTruck65345,N1_LRP369b,0,MediumTruck
12466,MediumTruck65345,N1_LRP369a,0,MediumTruck
12467,SmallTruck65346,N2_LRP093a,0,SmallTruck
12468,MediumTruck65351,N1_LRP094a,0,MediumTruck
12469,HeavyTruck65352,N102_LRP028c,0,HeavyTruck
12470,MediumTruck65353,N2_LRP073b,0,MediumTruck
12471,MediumTruck65353,N2_LRP073c,0,MediumTruck
12472,SmallTruck65355,N2_LRP178a,0,SmallTruck
12473,MediumTruck65356,N2_LRP052a,0,MediumTruck
12474,MiniBus65361,N1_LRP368a,0.020146419562511012,MiniBus
12475,LargeBus65363,N2_LRP186c,0,LargeBus
12476,LargeBus65363,N2_LRP186b,0.5141201580005021,LargeBus
12477,MediumTruck65384,N2_LRP086a,0,MediumTruck
12478,MediumTruck65387,N2_LRP064b,0,MediumTruck
12479,MiniBus65390,N2_LRP188a,0,MiniBus
12480,MediumTruck65403,N2_LRP070c,0,MediumTruck
12481,LargeBus65407,N2_LRP141a,0,LargeBus
12482,LargeBus65419,N2_LRP064b,0,LargeBus
12483,LargeBus65419,N2_LRP064a,0,LargeBus
12484,MediumTruck65425,N1_LRP388a,0,MediumTruck
12485,SmallTruck65427,N2_LRP211c,0,SmallTruck
12486,MediumTruck65436,N2_LRP073c,0,MediumTruck
12487,MediumTruck65436,N2_LRP073b,0,MediumTruck
12488,MediumTruck65441,N1_LRP391a,0,MediumTruck
12489,MiniBus65442,N2_LRP079b,2.5211480078095043,MiniBus
12490,MediumTruck65462,N1_LRP077a,0,MediumTruck
12491,MediumTruck65465,N2_LRP045b,0,MediumTruck
12492,SmallTruck65483,N2_LRP147a,0,SmallTruck
12493,SmallTruck65483,N2_LRP147b,0,SmallTruck
12494,SmallTruck65485,N2_LRP132c,0,SmallTruck
12495,MediumTruck65497,N2_LRP038c,0,MediumTruck
12496,MiniBus65502,N2_LRP219a,0,MiniBus
12497,HeavyTruck65506,N2_LRP057b,0,HeavyTruck
12498,SmallTruck65508,N102_LRP058a,0,SmallTruck
12499,SmallTruck65511,N1_LRP136a,0,SmallTruck
12500,SmallTruck65519,N2_LRP175f,0,SmallTruck
12501,SmallTruck65519,N2_LRP175e,0,SmallTruck
12502,SmallTruck65519,N2_LRP175d,0,SmallTruck
12503,SmallTruck65519,N2_LRP175c,0,SmallTruck
12504,MediumTruck65521,N1_LRP412a,0,MediumTruck
12505,MediumTruck65521,N1_LRP411b,0,MediumTruck
12506,SmallTruck65522,N2_LRP053a,0,SmallTruck
12507,SmallTruck65532,N2_LRP096c,0,SmallTruck
12508,MediumTruck65535,N2_LRP179a,0,MediumTruck
12509,MediumTruck65535,N2_LRP178b,0,MediumTruck
12510,MediumTruck65536,N2_LRP042a,0,MediumTruck
12511,MediumTruck65551,N2_LRP183a,0,MediumTruck
12512,MediumTruck65551,N2_LRP182d,0,MediumTruck
12513,SmallTruck65553,N1_LRP417d,0.4856518302846503,SmallTruck
12514,MediumTruck65555,N2_LRP241c,0,MediumTruck
12515,MediumTruck65566,N208_LRP046b,0,MediumTruck
12516,MediumTruck65569,N1_LRP422b,0,MediumTruck
12517,MediumTruck65569,N1_LRP421f,0,MediumTruck
12518,LargeBus65570,N2_LRP045b,0,LargeBus
12519,MediumTruck65578,N2_LRP078a,0,MediumTruck
12520,SmallTruck65579,N2_LRP124c,0,SmallTruck
12521,LargeBus65581,N2_LRP151a,0,LargeBus
12522,MiniBus65585,N1_LRP421f,0,MiniBus
12523,MiniBus65585,N1_LRP421d,0,MiniBus
12524,MediumTruck65586,N2_LRP038c,0,MediumTruck
12525,MediumTruck65587,N2_LRP249a,0,MediumTruck
12526,MediumTruck65588,N102_LRP037c,0,MediumTruck
12527,MediumTruck65588,N102_LRP037d,0,MediumTruck
12528,MediumTruck65601,N1_LRP427e,0,MediumTruck
12529,MediumTruck65601,N1_LRP427d,0,MediumTruck
12530,MediumTruck65601,N1_LRP427b,0,MediumTruck
12531,LargeBus65604,N102_LRP036b,0,LargeBus
12532,LargeBus65604,N102_LRP036d,0,LargeBus
12533,MediumTruck65612,N2_LRP177a,0,MediumTruck
12534,MediumTruck65615,N208_LRP024d,0,MediumTruck
12535,MediumTruck65616,N2_LRP021b,0,MediumTruck
12536,LargeBus65617,N1_LRP429c,0,LargeBus
12537,LargeBus65617,N1_LRP429b,0,LargeBus
12538,LargeBus65617,N1_LRP429a,0,LargeBus
12539,LargeBus65617,N1_LRP428d,0,LargeBus
12540,LargeBus65617,N1_LRP428c,0,LargeBus
12541,SmallTruck65620,N1_LRP112a,0,SmallTruck
12542,MediumTruck65628,N2_LRP121a,0,MediumTruck
12543,MediumTruck65635,N2_LRP262a,0,MediumTruck
12544,MediumTruck65635,N2_LRP261b,0,MediumTruck
12545,MediumTruck65638,N1_LRP122a,0,MediumTruck
12546,MediumTruck65641,N105_LRP023c,0,MediumTruck
12547,MiniBus65646,N208_LRP028d,0,MiniBus
12548,LargeBus65649,N1_LRP436a,0,LargeBus
12549,LargeBus65649,N1_LRP435c,0,LargeBus
12550,MediumTruck65656,N2_LRP021a,0,MediumTruck
12551,MediumTruck65657,N105_LRP027c,0,MediumTruck
12552,MediumTruck65658,N2_LRP097a,0,MediumTruck
12553,MiniBus65662,N208_LRP024d,0,MiniBus
12554,MediumTruck65665,N1_LRP441a,0,MediumTruck
12555,MediumTruck65666,N1_LRP026a,0,MediumTruck
12556,SmallTruck65670,N104_LRP017b,0,SmallTruck
12557,MiniBus65674,N2_LRP098b,3.592628516804943,MiniBus
12558,LargeBus65676,N2_LRP164d,0,LargeBus
12559,LargeBus65676,N2_LRP165c,0,LargeBus
12560,LargeBus65676,N2_LRP165d,0,LargeBus
12561,LargeBus65677,N2_LRP175f,0,LargeBus
12562,LargeBus65677,N2_LRP175e,0,LargeBus
12563,LargeBus65677,N2_LRP175d,0,LargeBus
12564,LargeBus65677,N2_LRP175c,0,LargeBus
12565,MediumTruck65680,N1_LRP014a,0,MediumTruck
12566,LargeBus65681,N1_LRP444e,0,LargeBus
12567,LargeBus65681,N1_LRP444d,0,LargeBus
12568,LargeBus65681,N1_LRP444c,0,LargeBus
12569,MediumTruck65692,N2_LRP135b,0,MediumTruck
12570,LargeBus65693,N2_LRP206b,0,LargeBus
12571,SmallTruck65697,N1_LRP450a,0,SmallTruck
12572,HeavyTruck65700,N102_LRP009a,0,HeavyTruck
12573,MediumTruck65705,N105_LRP040c,0,MediumTruck
12574,MediumTruck65708,N2_LRP139b,0,MediumTruck
12575,MediumTruck65708,N2_LRP139a,0,MediumTruck
12576,SmallTruck65709,N2_LRP183d,0.3237776713209098,SmallTruck
12577,SmallTruck65712,N1_LRP004b,0,SmallTruck
12578,MediumTruck65719,N104_LRP044d,0,MediumTruck
12579,MediumTruck65722,N2_LRP122b,0,MediumTruck
12580,SmallTruck65724,N2_LRP141b,0,SmallTruck
12581,SmallTruck65724,N2_LRP141a,0,SmallTruck
12582,SmallTruck65725,N2_LRP186d,0,SmallTruck
12583,SmallTruck65725,N2_LRP186c,0,SmallTruck
12584,SmallTruck65727,N2_LRP224b,0,SmallTruck
12585,SmallTruck65732,N102_LRPSc,0,SmallTruck
12586,HeavyTruck65733,N102_LRP082a,0,HeavyTruck
12587,LargeBus65296,N1_LRP123a,0,LargeBus
12588,MediumTruck65297,N1_LRP358b,0,MediumTruck
12589,MediumTruck65297,N1_LRP358a,0,MediumTruck
12590,LargeBus65298,N2_LRP118b,0,LargeBus
12591,LargeBus65298,N2_LRP118e,0,LargeBus
12592,LargeBus65298,N2_LRP118g,0,LargeBus
12593,LargeBus65299,N2_LRP170e,0,LargeBus
12594,LargeBus65299,N2_LRP170c,0,LargeBus
12595,MiniBus65311,N2_LRP117b,0,MiniBus
12596,MiniBus65311,N2_LRP117a,0.006945096403940162,MiniBus
12597,MediumTruck65312,N2_LRP097a,0,MediumTruck
12598,LargeBus65313,N1_LRP357c,0,LargeBus
12599,LargeBus65313,N1_LRP357a,0,LargeBus
12600,MediumTruck65321,N2_LRP081a,0,MediumTruck
12601,SmallTruck65323,N2_LRP048a,0,SmallTruck
12602,SmallTruck65323,N2_LRP047c,0,SmallTruck
12603,MediumTruck65325,N2_LRP093a,0,MediumTruck
12604,MediumTruck65326,N2_LRP183c,0,MediumTruck
12605,SmallTruck65329,N1_LRP364c,0,SmallTruck
12606,SmallTruck65329,N1_LRP364a,0,SmallTruck
12607,SmallTruck65331,N2_LRP186d,0,SmallTruck
12608,MediumTruck65337,N2_LRP078a,0,MediumTruck
12609,MediumTruck65345,N1_LRP368a,0.06258155248422947,MediumTruck
12610,HeavyTruck65352,N102_LRP029d,0,HeavyTruck
12611,MediumTruck65353,N2_LRP073g,0,MediumTruck
12612,SmallTruck65355,N2_LRP178b,0,SmallTruck
12613,SmallTruck65355,N2_LRP179a,0,SmallTruck
12614,MediumTruck65358,N2_LRP188a,0,MediumTruck
12615,MediumTruck65362,N2_LRP091b,0,MediumTruck
12616,MediumTruck65367,N1_LRP098a,0,MediumTruck
12617,SmallTruck65372,N2_LRP056a,0,SmallTruck
12618,SmallTruck65372,N2_LRP055b,0,SmallTruck
12619,SmallTruck65373,N2_LRP103c,0,SmallTruck
12620,MediumTruck65377,N1_LRP377f,0,MediumTruck
12621,MediumTruck65380,N2_LRP021a,0,MediumTruck
12622,MediumTruck65384,N2_LRP087a,0,MediumTruck
12623,MediumTruck65387,N2_LRP064a,0,MediumTruck
12624,MiniBus65390,N2_LRP187b,0,MiniBus
12625,MediumTruck65392,N1_LRP088a,0,MediumTruck
12626,MiniBus65393,N1_LRP377f,0,MiniBus
12627,MiniBus65393,N1_LRP377d,0,MiniBus
12628,LargeBus65394,N2_LRP090a,0,LargeBus
12629,MediumTruck65401,N1_LRP051a,0,MediumTruck
12630,MediumTruck65403,N2_LRP070a,0,MediumTruck
12631,MediumTruck65403,N2_LRP069e,0,MediumTruck
12632,MediumTruck65403,N2_LRP069c,0,MediumTruck
12633,MediumTruck65404,N2_LRP067c,0,MediumTruck
12634,MiniBus65405,N2_LRP104a,0,MiniBus
12635,LargeBus65407,N2_LRP140c,0.09316560782884561,LargeBus
12636,MediumTruck65409,N1_LRP384a,0,MediumTruck
12637,MediumTruck65410,N2_LRP079d,0,MediumTruck
12638,LargeBus65411,N2_LRP200c,0,LargeBus
12639,MediumTruck65421,N2_LRP117b,0,MediumTruck
12640,MediumTruck65421,N2_LRP117a,0.2817982645983998,MediumTruck
12641,MediumTruck65425,N1_LRP387f,0,MediumTruck
12642,MediumTruck65425,N1_LRP387e,0,MediumTruck
12643,MediumTruck65426,N1_LRP088a,0,MediumTruck
12644,SmallTruck65427,N2_LRP211b,0,SmallTruck
12645,SmallTruck65430,N1_LRP220a,0,SmallTruck
12646,LargeBus65431,N1_LRP183b,0,LargeBus
12647,LargeBus65431,N1_LRP184a,0,LargeBus
12648,MediumTruck65441,N1_LRP390a,0,MediumTruck
12649,SmallTruck65443,N2_LRP214b,0.1385757371673087,SmallTruck
12650,SmallTruck65459,N208_LRP046b,0,SmallTruck
12651,MediumTruck65473,N1_LRP400a,0,MediumTruck
12652,MediumTruck65474,N2_LRP066a,0,MediumTruck
12653,SmallTruck65477,N102_LRP015a,0,SmallTruck
12654,MediumTruck65481,N1_LRP030a,0,MediumTruck
12655,SmallTruck65483,N2_LRP147d,0,SmallTruck
12656,SmallTruck65483,N2_LRP148b,0,SmallTruck
12657,SmallTruck65485,N2_LRP132b,0,SmallTruck
12658,SmallTruck65485,N2_LRP132a,0,SmallTruck
12659,HeavyTruck65491,N2_LRP225c,0.1471040001776182,HeavyTruck
12660,MediumTruck65492,N1_LRP145a,0,MediumTruck
12661,MediumTruck65493,N102_LRP019b,0,MediumTruck
12662,MediumTruck65493,N102_LRP019a,0,MediumTruck
12663,MediumTruck65497,N2_LRP039a,0,MediumTruck
12664,MiniBus65500,N2_LRP081b,0,MiniBus
12665,MiniBus65500,N2_LRP081a,0,MiniBus
12666,LargeBus65507,N2_LRP224b,0,LargeBus
12667,LargeBus65509,N102_LRP017a,0,LargeBus
12668,MediumTruck65513,N1_LRP023a,0,MediumTruck
12669,MediumTruck65521,N1_LRP411a,0,MediumTruck
12670,SmallTruck65522,N2_LRP054a,0,SmallTruck
12671,LargeBus65525,N102_LRP022a,0,LargeBus
12672,SmallTruck65532,N2_LRP096a,0,SmallTruck
12673,SmallTruck65532,N2_LRP095a,0,SmallTruck
12674,MediumTruck65533,N2_LRP141b,0,MediumTruck
12675,SmallTruck65534,N208_LRP055a,0,SmallTruck
12676,MediumTruck65535,N2_LRP178a,0,MediumTruck
12677,MediumTruck65536,N2_LRP043a,0.016677717433937634,MediumTruck
12678,MediumTruck65538,N2_LRP050a,0,MediumTruck
12679,SmallTruck65539,N2_LRP236c,0,SmallTruck
12680,MiniBus65550,N208_LRP055a,0,MiniBus
12681,MediumTruck65551,N2_LRP182b,0,MediumTruck
12682,MediumTruck65551,N2_LRP182a,0,MediumTruck
12683,SmallTruck65552,N2_LRP038c,0,SmallTruck
12684,SmallTruck65552,N2_LRP039a,0,SmallTruck
12685,SmallTruck65563,N2_LRP104a,0,SmallTruck
12686,MediumTruck65569,N1_LRP421d,0,MediumTruck
12687,LargeBus65570,N2_LRP046c,0,LargeBus
12688,SmallTruck65577,N105_LRP006a,0,SmallTruck
12689,SmallTruck65577,N105_LRP005c,0,SmallTruck
12690,SmallTruck65579,N2_LRP125a,0,SmallTruck
12691,SmallTruck65579,N2_LRP125b,0,SmallTruck
12692,SmallTruck65579,N2_LRP125c,0,SmallTruck
12693,SmallTruck65579,N2_LRP125d,0,SmallTruck
12694,MiniBus65582,N208_LRP046b,0,MiniBus
12695,MiniBus65585,N1_LRP420e,0,MiniBus
12696,MiniBus65585,N1_LRP420d,0,MiniBus
12697,MediumTruck65586,N2_LRP039a,0,MediumTruck
12698,MediumTruck65588,N102_LRP038b,0,MediumTruck
12699,MediumTruck65588,N102_LRP038d,0,MediumTruck
12700,MediumTruck65601,N1_LRP426e,0,MediumTruck
12701,MediumTruck65601,N1_LRP426d,0,MediumTruck
12702,MiniBus65603,N2_LRP249a,0,MiniBus
12703,LargeBus65604,N102_LRP037c,0,LargeBus
12704,LargeBus65604,N102_LRP037d,0,LargeBus
12705,MediumTruck65608,N105_LRP035d,0,MediumTruck
12706,SmallTruck65611,N2_LRP117b,0,SmallTruck
12707,SmallTruck65611,N2_LRP117a,1.2817982645983999,SmallTruck
12708,MediumTruck65612,N2_LRP178a,0,MediumTruck
12709,LargeBus65617,N1_LRP428b,0,LargeBus
12710,LargeBus65617,N1_LRP428a,0,LargeBus
12711,LargeBus65617,N1_LRP427e,0,LargeBus
12712,MediumTruck65624,N2_LRP029b,0,MediumTruck
12713,MediumTruck65628,N2_LRP120a,0,MediumTruck
12714,MediumTruck65628,N2_LRP119c,0,MediumTruck
12715,MediumTruck65630,N208_LRP031b,0,MediumTruck
12716,MediumTruck65630,N208_LRP031d,0,MediumTruck
12717,LargeBus65632,N2_LRP021a,0,LargeBus
12718,MediumTruck65633,N1_LRP433c,0,MediumTruck
12719,MediumTruck65633,N1_LRP433b,0.11996744885918853,MediumTruck
12720,SmallTruck65634,N1_LRP035a,0,SmallTruck
12721,MediumTruck65635,N2_LRP261a,0,MediumTruck
12722,MediumTruck65641,N105_LRP022c,0,MediumTruck
12723,MediumTruck65642,N2_LRP141a,0,MediumTruck
12724,MediumTruck65642,N2_LRP141b,0,MediumTruck
12725,MiniBus65646,N208_LRP029c,0,MiniBus
12726,MediumTruck65648,N1_LRP023a,0,MediumTruck
12727,LargeBus65650,N2_LRP024b,0,LargeBus
12728,LargeBus65650,N2_LRP025a,0,LargeBus
12729,MediumTruck65656,N2_LRP021b,0,MediumTruck
12730,MediumTruck65658,N2_LRP096c,0,MediumTruck
12731,MediumTruck65661,N2_LRP214b,1.1385757371673086,MediumTruck
12732,SmallTruck65663,N2_LRP207b,0,SmallTruck
12733,MediumTruck65666,N1_LRP026b,0,MediumTruck
12734,MediumTruck65666,N1_LRP027a,0,MediumTruck
12735,MediumTruck65668,N1_LRP064c,0,MediumTruck
12736,SmallTruck65673,N105_LRP030c,0,SmallTruck
12737,LargeBus65681,N1_LRP444b,0,LargeBus
12738,LargeBus65681,N1_LRP444a,0,LargeBus
12739,LargeBus65681,N1_LRP443d,0,LargeBus
12740,MediumTruck65686,N1_LRP134a,0,MediumTruck
12741,MediumTruck65689,N105_LRP035d,0,MediumTruck
12742,MediumTruck65692,N2_LRP135a,0,MediumTruck
12743,LargeBus65693,N2_LRP207b,0,LargeBus
12744,SmallTruck65697,N1_LRP449d,0,SmallTruck
12745,SmallTruck65697,N1_LRP449c,0,SmallTruck
12746,MiniBus65698,N2_LRP012c,0,MiniBus
12747,MiniBus65702,N1_LRP137a,0,MiniBus
12748,MediumTruck65705,N105_LRP039b,0,MediumTruck
12749,MediumTruck65708,N2_LRP138b,0,MediumTruck
12750,SmallTruck65709,N2_LRP183c,0,SmallTruck
12751,MediumTruck65713,N1_LRP452e,0,MediumTruck
12752,MediumTruck65713,N1_LRP452d,0,MediumTruck
12753,MediumTruck65720,N105_LRP005c,0,MediumTruck
12754,MediumTruck65720,N105_LRP006a,0,MediumTruck
12755,MediumTruck65722,N2_LRP123c,0,MediumTruck
12756,SmallTruck65724,N2_LRP140c,1.0931656078288456,SmallTruck
12757,SmallTruck65725,N2_LRP186b,0.8388910257702689,SmallTruck
12758,LargeBus65728,N1_LRP001a,0,LargeBus
12759,MediumTruck65729,N1_LRP456c,0,MediumTruck
12760,HeavyTruck65731,N2_LRP285c,0,HeavyTruck
12761,SmallTruck65732,N102_LRP002a,0,SmallTruck
12762,SmallTruck65741,N207_LRP066b,0,SmallTruck
12763,MiniBus65743,N208_LRP055a,0,MiniBus
12764,SmallTruck65281,N1_LRP353b,0,SmallTruck
12765,SmallTruck65281,N1_LRP353a,0,SmallTruck
12766,SmallTruck65281,N1_LRP352a,0,SmallTruck
12767,MediumTruck65297,N1_LRP357f,0,MediumTruck
12768,MediumTruck65297,N1_LRP357d,0,MediumTruck
12769,LargeBus65298,N2_LRP119c,0,LargeBus
12770,LargeBus65298,N2_LRP120a,0,LargeBus
12771,LargeBus65299,N2_LRP170b,0,LargeBus
12772,LargeBus65299,N2_LRP170a,0,LargeBus
12773,LargeBus65299,N2_LRP169f,0,LargeBus
12774,LargeBus65299,N2_LRP169e,0,LargeBus
12775,LargeBus65299,N2_LRP169d,0,LargeBus
12776,LargeBus65299,N2_LRP169c,0,LargeBus
12777,MediumTruck65312,N2_LRP098b,3.592628516804943,MediumTruck
12778,MediumTruck65314,N2_LRP106a,0,MediumTruck
12779,MediumTruck65321,N2_LRP081b,0,MediumTruck
12780,SmallTruck65323,N2_LRP047a,0,SmallTruck
12781,SmallTruck65323,N2_LRP046c,0,SmallTruck
12782,MediumTruck65326,N2_LRP183a,0,MediumTruck
12783,MediumTruck65326,N2_LRP182d,0,MediumTruck
12784,SmallTruck65329,N1_LRP363b,0,SmallTruck
12785,SmallTruck65331,N2_LRP186c,0,SmallTruck
12786,MediumTruck65337,N2_LRP079a,0,MediumTruck
12787,MediumTruck65353,N2_LRP074a,0,MediumTruck
12788,SmallTruck65355,N2_LRP180a,0,SmallTruck
12789,MediumTruck65358,N2_LRP187b,0,MediumTruck
12790,MiniBus65361,N1_LRP367a,0,MiniBus
12791,MediumTruck65362,N2_LRP092a,0,MediumTruck
12792,MediumTruck65362,N2_LRP092b,0,MediumTruck
12793,MediumTruck65365,N1_LRP068a,0,MediumTruck
12794,SmallTruck65372,N2_LRP054b,0,SmallTruck
12795,SmallTruck65373,N2_LRP102a,0,SmallTruck
12796,MediumTruck65377,N1_LRP377d,0,MediumTruck
12797,MediumTruck65377,N1_LRP377c,0,MediumTruck
12798,MediumTruck65377,N1_LRP377a,0,MediumTruck
12799,MediumTruck65380,N2_LRP021b,0,MediumTruck
12800,LargeBus65388,N208_LRP046b,0,LargeBus
12801,MiniBus65390,N2_LRP186d,0,MiniBus
12802,MiniBus65393,N1_LRP377c,0,MiniBus
12803,MiniBus65393,N1_LRP377a,0,MiniBus
12804,MediumTruck65404,N2_LRP066a,0,MediumTruck
12805,MiniBus65405,N2_LRP103c,0,MiniBus
12806,MediumTruck65409,N1_LRP383b,0,MediumTruck
12807,MediumTruck65410,N2_LRP081a,0,MediumTruck
12808,LargeBus65411,N2_LRP199d,0,LargeBus
12809,SmallTruck65416,N2_LRP079d,0,SmallTruck
12810,MiniBus65418,N2_LRP029b,0,MiniBus
12811,MediumTruck65425,N1_LRP387b,0,MediumTruck
12812,MediumTruck65425,N1_LRP387a,0,MediumTruck
12813,MediumTruck65425,N1_LRP386f,0,MediumTruck
12814,MediumTruck65425,N1_LRP386e,0,MediumTruck
12815,MediumTruck65429,N102_LRP002c,0,MediumTruck
12816,MediumTruck65429,N102_LRP002b,0,MediumTruck
12817,MediumTruck65429,N102_LRP002a,0,MediumTruck
12818,SmallTruck65430,N1_LRP220b,1.3205960947991613,SmallTruck
12819,LargeBus65431,N1_LRP185a,0,LargeBus
12820,MediumTruck65436,N2_LRP072a,0,MediumTruck
12821,MediumTruck65441,N1_LRP389d,0,MediumTruck
12822,MediumTruck65465,N2_LRP046c,0,MediumTruck
12823,MediumTruck65465,N2_LRP047a,0,MediumTruck
12824,MediumTruck65465,N2_LRP047c,0,MediumTruck
12825,MediumTruck65473,N1_LRP398d,0.45772608411318705,MediumTruck
12826,MediumTruck65474,N2_LRP067c,0,MediumTruck
12827,SmallTruck65475,N2_LRP221b,0,SmallTruck
12828,MediumTruck65488,N1_LRP064c,0,MediumTruck
12829,MediumTruck65489,N1_LRP403a,0,MediumTruck
12830,LargeBus65495,N1_LRP123a,0,LargeBus
12831,MediumTruck65497,N2_LRP039c,0,MediumTruck
12832,MediumTruck65497,N2_LRP040a,0,MediumTruck
12833,MiniBus65500,N2_LRP079d,0,MiniBus
12834,MiniBus65500,N2_LRP079b,0.5728992041047113,MiniBus
12835,LargeBus65505,N1_LRP403a,0,LargeBus
12836,HeavyTruck65506,N2_LRP058c,0,HeavyTruck
12837,HeavyTruck65506,N2_LRP059a,0,HeavyTruck
12838,SmallTruck65510,N1_LRP088a,0,SmallTruck
12839,SmallTruck65511,N1_LRP134a,0,SmallTruck
12840,MiniBus65515,N2_LRP146a,0,MiniBus
12841,SmallTruck65517,N2_LRP139b,0,SmallTruck
12842,SmallTruck65517,N2_LRP139a,0,SmallTruck
12843,MediumTruck65521,N1_LRP410c,0.06463557514480366,MediumTruck
12844,SmallTruck65522,N2_LRP054b,0,SmallTruck
12845,MediumTruck65523,N2_LRP231d,0,MediumTruck
12846,MediumTruck65523,N2_LRP231c,0,MediumTruck
12847,MediumTruck65533,N2_LRP141a,0,MediumTruck
12848,MediumTruck65533,N2_LRP140c,2.093165607828846,MediumTruck
12849,MediumTruck65535,N2_LRP177a,0,MediumTruck
12850,SmallTruck65539,N2_LRP236a,0,SmallTruck
12851,SmallTruck65539,N2_LRP235a,0,SmallTruck
12852,SmallTruck65540,N1_LRP030a,0,SmallTruck
12853,MediumTruck65551,N2_LRP181c,0,MediumTruck
12854,SmallTruck65552,N2_LRP039c,0,SmallTruck
12855,SmallTruck65553,N1_LRP417b,0,SmallTruck
12856,SmallTruck65553,N1_LRP416e,0,SmallTruck
12857,SmallTruck65553,N1_LRP416d,0,SmallTruck
12858,MediumTruck65555,N2_LRP240a,0,MediumTruck
12859,LargeBus65556,N1_LRP030a,0,LargeBus
12860,MediumTruck65569,N1_LRP420e,0,MediumTruck
12861,MediumTruck65569,N1_LRP420d,0,MediumTruck
12862,LargeBus65570,N2_LRP047a,0,LargeBus
12863,LargeBus65570,N2_LRP047c,0,LargeBus
12864,MediumTruck65571,N2_LRP243b,0,MediumTruck
12865,SmallTruck65573,N102_LRP038d,0,SmallTruck
12866,LargeBus65575,N1_LRP145a,0,LargeBus
12867,MediumTruck65578,N2_LRP076b,0,MediumTruck
12868,SmallTruck65579,N2_LRP126a,0,SmallTruck
12869,SmallTruck65579,N2_LRP126b,0,SmallTruck
12870,SmallTruck65579,N2_LRP126c,0,SmallTruck
12871,SmallTruck65579,N2_LRP126d,0,SmallTruck
12872,MiniBus65585,N1_LRP420c,0,MiniBus
12873,MiniBus65585,N1_LRP420a,0,MiniBus
12874,MediumTruck65586,N2_LRP039c,0,MediumTruck
12875,MediumTruck65586,N2_LRP040a,0,MediumTruck
12876,MediumTruck65587,N2_LRP248a,0,MediumTruck
12877,MediumTruck65590,N1_LRP109a,0,MediumTruck
12878,MediumTruck65591,N104_LRP010a,0,MediumTruck
12879,SmallTruck65592,N2_LRP038c,0,SmallTruck
12880,SmallTruck65592,N2_LRP039a,0,SmallTruck
12881,MediumTruck65601,N1_LRP426c,0,MediumTruck
12882,MediumTruck65601,N1_LRP426b,0,MediumTruck
12883,MediumTruck65601,N1_LRP426a,0,MediumTruck
12884,MediumTruck65601,N1_LRP425e,0,MediumTruck
12885,MediumTruck65602,N2_LRP035b,0,MediumTruck
12886,MiniBus65603,N2_LRP248a,0,MiniBus
12887,LargeBus65604,N102_LRP038b,0,LargeBus
12888,LargeBus65604,N102_LRP038d,0,LargeBus
12889,MediumTruck65606,N1_LRP112a,0,MediumTruck
12890,MiniBus65607,N104_LRP010a,0,MiniBus
12891,MediumTruck65612,N2_LRP178b,0,MediumTruck
12892,MediumTruck65612,N2_LRP179a,0,MediumTruck
12893,LargeBus65617,N1_LRP427d,0,LargeBus
12894,LargeBus65617,N1_LRP427b,0,LargeBus
12895,MediumTruck65625,N105_LRP017c,0,MediumTruck
12896,MediumTruck65627,N204_LRP003b,0,MediumTruck
12897,MediumTruck65628,N2_LRP118g,0,MediumTruck
12898,LargeBus65632,N2_LRP021b,0,LargeBus
12899,MediumTruck65633,N1_LRP432b,0,MediumTruck
12900,SmallTruck65634,N1_LRP036c,0,SmallTruck
12901,MediumTruck65638,N1_LRP120b,0,MediumTruck
12902,MediumTruck65640,N105_LRP027c,0,MediumTruck
12903,MediumTruck65641,N105_LRP021d,0,MediumTruck
12904,MiniBus65646,N208_LRP031b,0,MiniBus
12905,MiniBus65647,N2_LRP200c,0,MiniBus
12906,LargeBus65650,N2_LRP025b,0,LargeBus
12907,LargeBus65651,N2_LRP262a,0,LargeBus
12908,LargeBus65651,N2_LRP261b,0,LargeBus
12909,MediumTruck65658,N2_LRP096a,0,MediumTruck
12910,MediumTruck65658,N2_LRP095a,0,MediumTruck
12911,MediumTruck65665,N1_LRP440a,0,MediumTruck
12912,LargeBus65676,N2_LRP166d,0,LargeBus
12913,LargeBus65676,N2_LRP166e,0,LargeBus
12914,LargeBus65676,N2_LRP167b,0,LargeBus
12915,LargeBus65681,N1_LRP443c,0,LargeBus
12916,SmallTruck65684,N102_LRP015a,0,SmallTruck
12917,MediumTruck65692,N2_LRP134c,0,MediumTruck
12918,MediumTruck65692,N2_LRP134b,0,MediumTruck
12919,MediumTruck65696,N1_LRP010b,0,MediumTruck
12920,MediumTruck65696,N1_LRP010c,0,MediumTruck
12921,MediumTruck65696,N1_LRP011a,0,MediumTruck
12922,SmallTruck65697,N1_LRP448a,0,SmallTruck
12923,MiniBus65698,N2_LRP012f,0,MiniBus
12924,MiniBus65702,N1_LRP136a,0,MiniBus
12925,MediumTruck65708,N2_LRP138a,0,MediumTruck
12926,SmallTruck65709,N2_LRP183a,0,SmallTruck
12927,SmallTruck65709,N2_LRP182d,0,SmallTruck
12928,MiniBus65710,N208_LRP011b,0,MiniBus
12929,MediumTruck65713,N1_LRP452c,0,MediumTruck
12930,MediumTruck65713,N1_LRP452a,0,MediumTruck
12931,MediumTruck65713,N1_LRP451e,0,MediumTruck
12932,MiniBus65721,N105_LRP042b,0,MiniBus
12933,MediumTruck65722,N2_LRP123d,0,MediumTruck
12934,MediumTruck65722,N2_LRP123e,0,MediumTruck
12935,MediumTruck65729,N1_LRP456a,0,MediumTruck
12936,HeavyTruck65731,N2_LRP285a,0,HeavyTruck
12937,HeavyTruck65731,N2_LRP284c,0,HeavyTruck
12938,SmallTruck65732,N102_LRP002b,0,SmallTruck
12939,SmallTruck65732,N102_LRP002c,0,SmallTruck
12940,MediumTruck65297,N1_LRP357c,0,MediumTruck
12941,MediumTruck65297,N1_LRP357a,0,MediumTruck
12942,LargeBus65299,N2_LRP169b,0,LargeBus
12943,LargeBus65299,N2_LRP168c,0,LargeBus
12944,SmallTruck65301,N1_LRP051a,0,SmallTruck
12945,MediumTruck65314,N2_LRP106b,0,MediumTruck
12946,SmallTruck65316,N2_LRP038c,0,SmallTruck
12947,SmallTruck65316,N2_LRP039a,0,SmallTruck
12948,SmallTruck65323,N2_LRP045b,0,SmallTruck
12949,MediumTruck65325,N2_LRP092b,0,MediumTruck
12950,MediumTruck65325,N2_LRP092a,0,MediumTruck
12951,MediumTruck65325,N2_LRP091b,0,MediumTruck
12952,MediumTruck65326,N2_LRP182b,0,MediumTruck
12953,MediumTruck65326,N2_LRP182a,0,MediumTruck
12954,SmallTruck65331,N2_LRP186b,0.5725267612946756,SmallTruck
12955,MediumTruck65335,N1_LRP088a,0,MediumTruck
12956,MediumTruck65337,N2_LRP079b,1.5728992041047114,MediumTruck
12957,MediumTruck65342,N2_LRP184c,0,MediumTruck
12958,MediumTruck65345,N1_LRP367a,0,MediumTruck
12959,SmallTruck65346,N2_LRP095a,0,SmallTruck
12960,MediumTruck65353,N2_LRP076a,0,MediumTruck
12961,SmallTruck65355,N2_LRP180c,0,SmallTruck
12962,MediumTruck65356,N2_LRP050a,0,MediumTruck
12963,MediumTruck65358,N2_LRP186d,0,MediumTruck
12964,MediumTruck65360,N1_LRP098a,0,MediumTruck
12965,MediumTruck65362,N2_LRP093a,0,MediumTruck
12966,LargeBus65363,N2_LRP184c,0,LargeBus
12967,SmallTruck65372,N2_LRP054a,0,SmallTruck
12968,MediumTruck65377,N1_LRP376a,0,MediumTruck
12969,MiniBus65390,N2_LRP186c,0,MiniBus
12970,MiniBus65390,N2_LRP186b,1.5725267612946756,MiniBus
12971,MiniBus65393,N1_LRP376a,0,MiniBus
12972,MiniBus65393,N1_LRP375c,0,MiniBus
12973,LargeBus65394,N2_LRP091b,0,LargeBus
12974,LargeBus65394,N2_LRP092a,0,LargeBus
12975,LargeBus65394,N2_LRP092b,0,LargeBus
12976,MiniBus65405,N2_LRP102a,0,MiniBus
12977,LargeBus65407,N2_LRP140a,0.025192950031294035,LargeBus
12978,LargeBus65408,N1_LRP094a,0,LargeBus
12979,MediumTruck65409,N1_LRP383a,0,MediumTruck
12980,MediumTruck65409,N1_LRP382b,0,MediumTruck
12981,MediumTruck65410,N2_LRP081b,0,MediumTruck
12982,SmallTruck65416,N2_LRP081a,0,SmallTruck
12983,MediumTruck65425,N1_LRP386c,0,MediumTruck
12984,MediumTruck65425,N1_LRP386a,0,MediumTruck
12985,MediumTruck65425,N1_LRP385g,0,MediumTruck
12986,MediumTruck65440,N1_LRP077a,0,MediumTruck
12987,MediumTruck65441,N1_LRP389b,0.012100293010133968,MediumTruck
12988,MiniBus65442,N2_LRP079d,0,MiniBus
12989,HeavyTruck65444,N1_LRP004b,0,HeavyTruck
12990,MediumTruck65461,N102_LRP009a,0,MediumTruck
12991,MediumTruck65465,N2_LRP048a,0,MediumTruck
12992,MediumTruck65473,N1_LRP398a,0,MediumTruck
12993,SmallTruck65485,N2_LRP130c,0,SmallTruck
12994,SmallTruck65485,N2_LRP130b,0,SmallTruck
12995,MediumTruck65489,N1_LRP402b,0,MediumTruck
12996,SmallTruck65490,N2_LRP064a,0,SmallTruck
12997,MediumTruck65492,N104_LRPSa,0,MediumTruck
12998,LargeBus65495,N1_LRP122a,0,LargeBus
12999,MediumTruck65497,N2_LRP040b,0,MediumTruck
13000,MiniBus65502,N2_LRP216b,0,MiniBus
13001,LargeBus65505,N1_LRP402b,0,LargeBus
13002,MiniBus65515,N2_LRP147a,0,MiniBus
13003,MiniBus65515,N2_LRP147b,0,MiniBus
13004,MediumTruck65516,N207_LRP061d,0,MediumTruck
13005,SmallTruck65517,N2_LRP138b,0,SmallTruck
13006,MediumTruck65521,N1_LRP410b,0,MediumTruck
13007,SmallTruck65522,N2_LRP055b,0,SmallTruck
13008,SmallTruck65522,N2_LRP056a,0,SmallTruck
13009,MediumTruck65523,N2_LRP230e,0,MediumTruck
13010,MiniBus65524,N102_LRP062b,0,MiniBus
13011,MediumTruck65535,N2_LRP176e,0,MediumTruck
13012,MediumTruck65535,N2_LRP176d,0,MediumTruck
13013,MediumTruck65535,N2_LRP176c,0,MediumTruck
13014,MediumTruck65535,N2_LRP176b,0,MediumTruck
13015,MediumTruck65536,N2_LRP043d,0,MediumTruck
13016,MediumTruck65536,N2_LRP044a,0,MediumTruck
13017,MediumTruck65541,N102_LRP029d,0,MediumTruck
13018,MediumTruck65551,N2_LRP180c,0,MediumTruck
13019,SmallTruck65552,N2_LRP040a,0,SmallTruck
13020,SmallTruck65552,N2_LRP040b,0,SmallTruck
13021,SmallTruck65553,N1_LRP415c,0.8591493328325998,SmallTruck
13022,MediumTruck65555,N2_LRP239a,0,MediumTruck
13023,MediumTruck65555,N2_LRP238c,0,MediumTruck
13024,LargeBus65557,N102_LRP029d,0,LargeBus
13025,SmallTruck65563,N2_LRP103c,0,SmallTruck
13026,MediumTruck65569,N1_LRP420c,0,MediumTruck
13027,MediumTruck65569,N1_LRP420a,0,MediumTruck
13028,LargeBus65570,N2_LRP048a,0,LargeBus
13029,MediumTruck65571,N2_LRP243a,0,MediumTruck
13030,SmallTruck65573,N102_LRP038b,0,SmallTruck
13031,SmallTruck65573,N102_LRP037d,0,SmallTruck
13032,MediumTruck65578,N2_LRP076a,0,MediumTruck
13033,SmallTruck65579,N2_LRP127b,0,SmallTruck
13034,LargeBus65581,N2_LRP148b,0,LargeBus
13035,MiniBus65585,N1_LRP418b,0,MiniBus
13036,MediumTruck65586,N2_LRP040b,0,MediumTruck
13037,SmallTruck65592,N2_LRP039c,0,SmallTruck
13038,MediumTruck65593,N2_LRP016a,0,MediumTruck
13039,MiniBus65599,N2_LRP188a,0,MiniBus
13040,MediumTruck65601,N1_LRP425c,1.1851316791886333,MediumTruck
13041,MediumTruck65612,N2_LRP180a,0,MediumTruck
13042,LargeBus65617,N1_LRP426e,0,LargeBus
13043,LargeBus65617,N1_LRP426d,0,LargeBus
13044,LargeBus65617,N1_LRP426c,0,LargeBus
13045,LargeBus65617,N1_LRP426b,0,LargeBus
13046,LargeBus65617,N1_LRP426a,0,LargeBus
13047,LargeBus65618,N2_LRP035b,0,LargeBus
13048,MediumTruck65623,N104_LRP017b,0,MediumTruck
13049,MediumTruck65628,N2_LRP118e,0,MediumTruck
13050,MediumTruck65628,N2_LRP118b,0,MediumTruck
13051,MediumTruck65628,N2_LRP118a,0,MediumTruck
13052,MediumTruck65633,N1_LRP432a,0,MediumTruck
13053,LargeBus65636,N1_LRP051a,0,LargeBus
13054,MediumTruck65641,N105_LRP020c,0,MediumTruck
13055,MediumTruck65645,N2_LRP219a,0,MediumTruck
13056,MiniBus65647,N2_LRP199d,0,MiniBus
13057,LargeBus65649,N1_LRP433c,0,LargeBus
13058,LargeBus65649,N1_LRP433b,0.41118412950815214,LargeBus
13059,LargeBus65651,N2_LRP261a,0,LargeBus
13060,SmallTruck65653,N102_LRP058a,0,SmallTruck
13061,MediumTruck65657,N105_LRP024c,0,MediumTruck
13062,MiniBus65662,N208_LRP027b,0,MiniBus
13063,MiniBus65662,N208_LRP027d,0,MiniBus
13064,MediumTruck65664,N1_LRP020a,0,MediumTruck
13065,MediumTruck65665,N1_LRP439a,0,MediumTruck
13066,HeavyTruck65669,N102_LRP062c,0,HeavyTruck
13067,HeavyTruck65669,N102_LRP062b,0,HeavyTruck
13068,LargeBus65676,N2_LRP167c,0,LargeBus
13069,LargeBus65681,N1_LRP441a,0,LargeBus
13070,MediumTruck65682,N2_LRP016a,0,MediumTruck
13071,MiniBus65691,N204_LRP020b,0,MiniBus
13072,MediumTruck65692,N2_LRP133a,0,MediumTruck
13073,SmallTruck65697,N1_LRP447c,0,SmallTruck
13074,MediumTruck65699,N2_LRP276a,0,MediumTruck
13075,SmallTruck65709,N2_LRP182b,0,SmallTruck
13076,SmallTruck65709,N2_LRP182a,0,SmallTruck
13077,MediumTruck65711,N208_LRP046b,0,MediumTruck
13078,MediumTruck65713,N1_LRP451b,0,MediumTruck
13079,MediumTruck65713,N1_LRP450e,0.15734827776785945,MediumTruck
13080,MiniBus65721,N105_LRP041c,0,MiniBus
13081,MediumTruck65722,N2_LRP124c,0,MediumTruck
13082,SmallTruck65727,N2_LRP221b,0,SmallTruck
13083,MediumTruck65729,N1_LRP455a,0,MediumTruck
13084,HeavyTruck65731,N2_LRP284b,0,HeavyTruck
13085,MediumTruck65736,N105_LRP003a,0,MediumTruck
13086,SmallTruck65281,N1_LRP351a,0,SmallTruck
13087,MediumTruck65282,N2_LRP117a,0.19611215258519635,MediumTruck
13088,LargeBus65298,N2_LRP121a,0,LargeBus
13089,LargeBus65299,N2_LRP168a,0,LargeBus
13090,LargeBus65299,N2_LRP167c,0,LargeBus
13091,LargeBus65308,N2_LRP029b,0,LargeBus
13092,SmallTruck65316,N2_LRP039c,0,SmallTruck
13093,SmallTruck65316,N2_LRP040a,0,SmallTruck
13094,SmallTruck65323,N2_LRP044c,0,SmallTruck
13095,MediumTruck65326,N2_LRP181c,0,MediumTruck
13096,MediumTruck65341,N2_LRP097a,0,MediumTruck
13097,MediumTruck65342,N2_LRP183d,1.0527275325855383,MediumTruck
13098,SmallTruck65346,N2_LRP096a,0,SmallTruck
13099,SmallTruck65346,N2_LRP096c,0,SmallTruck
13100,SmallTruck65347,N2_LRP188a,0,SmallTruck
13101,MediumTruck65353,N2_LRP076b,0,MediumTruck
13102,SmallTruck65355,N2_LRP181c,0,SmallTruck
13103,MediumTruck65358,N2_LRP186c,0,MediumTruck
13104,LargeBus65363,N2_LRP183d,2.0527275325855383,LargeBus
13105,SmallTruck65372,N2_LRP053a,0,SmallTruck
13106,MediumTruck65377,N1_LRP375c,0,MediumTruck
13107,MediumTruck65384,N2_LRP090a,0,MediumTruck
13108,MediumTruck65389,N2_LRP283b,0,MediumTruck
13109,LargeBus65394,N2_LRP093a,0,LargeBus
13110,MediumTruck65403,N2_LRP067c,0,MediumTruck
13111,MediumTruck65404,N2_LRP064b,0,MediumTruck
13112,MediumTruck65409,N1_LRP382a,0,MediumTruck
13113,MediumTruck65409,N1_LRP381c,0,MediumTruck
13114,MediumTruck65409,N1_LRP381b,0,MediumTruck
13115,SmallTruck65416,N2_LRP081b,0,SmallTruck
13116,LargeBus65419,N2_LRP061a,0,LargeBus
13117,LargeBus65419,N2_LRP060c,0,LargeBus
13118,SmallTruck65428,N102_LRP082a,0,SmallTruck
13119,MediumTruck65429,N102_LRPSc,0,MediumTruck
13120,LargeBus65431,N1_LRP186a,0,LargeBus
13121,LargeBus65431,N1_LRP187a,0,LargeBus
13122,MediumTruck65436,N2_LRP070c,0,MediumTruck
13123,MediumTruck65441,N1_LRP389a,0,MediumTruck
13124,MiniBus65442,N2_LRP081a,0,MiniBus
13125,HeavyTruck65460,N105_LRP003a,0,HeavyTruck
13126,MediumTruck65465,N2_LRP048b,0,MediumTruck
13127,MiniBus65470,N2_LRP207b,0,MiniBus
13128,SmallTruck65475,N2_LRP219a,0,SmallTruck
13129,MediumTruck65481,N1_LRP033a,0,MediumTruck
13130,MediumTruck65481,N1_LRP033b,0,MediumTruck
13131,SmallTruck65485,N2_LRP130a,0,SmallTruck
13132,SmallTruck65485,N2_LRP129c,0,SmallTruck
13133,SmallTruck65490,N2_LRP064b,0,SmallTruck
13134,HeavyTruck65491,N2_LRP224b,0,HeavyTruck
13135,MediumTruck65493,N102_LRP017a,0,MediumTruck
13136,MediumTruck65497,N2_LRP041b,0,MediumTruck
13137,MediumTruck65497,N2_LRP042a,0,MediumTruck
13138,MiniBus65500,N2_LRP079a,0,MiniBus
13139,MiniBus65502,N2_LRP216a,0,MiniBus
13140,HeavyTruck65506,N2_LRP060c,0,HeavyTruck
13141,HeavyTruck65506,N2_LRP061a,0,HeavyTruck
13142,LargeBus65509,N102_LRP015a,0,LargeBus
13143,MiniBus65515,N2_LRP147d,0,MiniBus
13144,SmallTruck65517,N2_LRP138a,0,SmallTruck
13145,SmallTruck65519,N2_LRP172d,0,SmallTruck
13146,SmallTruck65519,N2_LRP172c,0,SmallTruck
13147,MediumTruck65521,N1_LRP410a,0,MediumTruck
13148,SmallTruck65522,N2_LRP057a,0,SmallTruck
13149,MediumTruck65523,N2_LRP230c,0,MediumTruck
13150,MiniBus65524,N102_LRP062c,0,MiniBus
13151,LargeBus65525,N102_LRP019b,0,LargeBus
13152,LargeBus65525,N102_LRP019a,0,LargeBus
13153,SmallTruck65532,N2_LRP093a,0,SmallTruck
13154,MediumTruck65535,N2_LRP175f,0,MediumTruck
13155,MediumTruck65535,N2_LRP175e,0,MediumTruck
13156,MediumTruck65535,N2_LRP175d,0,MediumTruck
13157,MediumTruck65535,N2_LRP175c,0,MediumTruck
13158,MediumTruck65536,N2_LRP044c,0,MediumTruck
13159,MediumTruck65538,N2_LRP052a,0,MediumTruck
13160,MediumTruck65545,N2_LRP029b,0,MediumTruck
13161,MediumTruck65551,N2_LRP180a,0,MediumTruck
13162,SmallTruck65552,N2_LRP041b,0,SmallTruck
13163,LargeBus65557,N102_LRP028c,0,LargeBus
13164,SmallTruck65559,N104_LRPSa,0,SmallTruck
13165,SmallTruck65563,N2_LRP102a,0,SmallTruck
13166,MediumTruck65569,N1_LRP418b,0,MediumTruck
13167,LargeBus65570,N2_LRP048b,0,LargeBus
13168,MediumTruck65571,N2_LRP242a,0,MediumTruck
13169,SmallTruck65572,N102_LRP045a,0,SmallTruck
13170,SmallTruck65573,N102_LRP037c,0,SmallTruck
13171,SmallTruck65577,N105_LRP003a,0,SmallTruck
13172,SmallTruck65579,N2_LRP127c,0,SmallTruck
13173,SmallTruck65579,N2_LRP128a,0,SmallTruck
13174,LargeBus65581,N2_LRP147d,0,LargeBus
13175,LargeBus65581,N2_LRP147b,0,LargeBus
13176,MediumTruck65586,N2_LRP041b,0,MediumTruck
13177,MediumTruck65586,N2_LRP042a,0,MediumTruck
13178,MediumTruck65587,N2_LRP246c,0,MediumTruck
13179,MediumTruck65590,N1_LRP107a,0,MediumTruck
13180,SmallTruck65592,N2_LRP040a,0,SmallTruck
13181,SmallTruck65592,N2_LRP040b,0,SmallTruck
13182,MiniBus65599,N2_LRP187b,0,MiniBus
13183,MiniBus65603,N2_LRP246c,0,MiniBus
13184,MediumTruck65605,N102_LRP045a,0,MediumTruck
13185,MediumTruck65606,N1_LRP111a,0,MediumTruck
13186,MediumTruck65612,N2_LRP180c,0,MediumTruck
13187,MediumTruck65616,N2_LRP024b,0,MediumTruck
13188,LargeBus65617,N1_LRP425e,0,LargeBus
13189,LargeBus65617,N1_LRP425c,1.1796634135822712,LargeBus
13190,SmallTruck65631,N2_LRP200c,0,SmallTruck
13191,MediumTruck65633,N1_LRP431d,0.20755104912427808,MediumTruck
13192,MediumTruck65635,N2_LRP258a,0,MediumTruck
13193,MediumTruck65638,N1_LRP119a,0,MediumTruck
13194,MiniBus65639,N104_LRP017b,0,MiniBus
13195,MiniBus65646,N208_LRP031d,0,MiniBus
13196,LargeBus65649,N1_LRP432b,0,LargeBus
13197,SmallTruck65654,N1_LRP123a,0,SmallTruck
13198,MiniBus65662,N208_LRP027f,0,MiniBus
13199,SmallTruck65663,N2_LRP206b,0,SmallTruck
13200,SmallTruck65671,N104_LRP028a,0,SmallTruck
13201,LargeBus65676,N2_LRP168a,0,LargeBus
13202,LargeBus65676,N2_LRP168c,0,LargeBus
13203,LargeBus65677,N2_LRP172d,0,LargeBus
13204,LargeBus65677,N2_LRP172c,0,LargeBus
13205,MediumTruck65685,N102_LRP065a,0,MediumTruck
13206,MediumTruck65686,N1_LRP131b,0,MediumTruck
13207,MediumTruck65689,N105_LRP032c,0,MediumTruck
13208,MediumTruck65689,N105_LRP032b,0,MediumTruck
13209,MediumTruck65692,N2_LRP132c,0,MediumTruck
13210,MediumTruck65696,N1_LRP012a,0,MediumTruck
13211,MediumTruck65696,N1_LRP012b,0,MediumTruck
13212,SmallTruck65697,N1_LRP447b,0,SmallTruck
13213,SmallTruck65697,N1_LRP447a,0,SmallTruck
13214,SmallTruck65697,N1_LRP446d,0,SmallTruck
13215,SmallTruck65697,N1_LRP446b,0,SmallTruck
13216,MiniBus65702,N1_LRP134a,0,MiniBus
13217,MediumTruck65708,N2_LRP135b,0,MediumTruck
13218,SmallTruck65709,N2_LRP181c,0,SmallTruck
13219,MediumTruck65713,N1_LRP450c,0,MediumTruck
13220,MiniBus65721,N105_LRP040c,0,MiniBus
13221,MediumTruck65722,N2_LRP125a,0,MediumTruck
13222,MediumTruck65722,N2_LRP125b,0,MediumTruck
13223,MediumTruck65722,N2_LRP125c,0,MediumTruck
13224,MediumTruck65722,N2_LRP125d,0,MediumTruck
13225,SmallTruck65724,N2_LRP140a,0.004203164235876956,SmallTruck
13226,SmallTruck65725,N2_LRP184c,0,SmallTruck
13227,LargeBus65728,N1_LRP004b,0,LargeBus
13228,HeavyTruck65731,N2_LRP283b,0,HeavyTruck
13229,SmallTruck65742,N208_LRP004c,0,SmallTruck
13230,MediumTruck65750,N104_LRPSa,0,MediumTruck
13231,SmallTruck65754,N2_LRP117b,0,SmallTruck
13232,SmallTruck65754,N2_LRP117a,1.1961121525851963,SmallTruck
13233,SmallTruck65759,N2_LRP228b,0,SmallTruck
13234,MiniBus65280,N1_LRP131b,0,MiniBus
13235,SmallTruck65281,N1_LRP350a,0,SmallTruck
13236,MediumTruck65282,N2_LRP117b,0,MediumTruck
13237,MediumTruck65289,N102_LRPSc,0,MediumTruck
13238,LargeBus65296,N1_LRP127a,0,LargeBus
13239,LargeBus65298,N2_LRP121c,0,LargeBus
13240,LargeBus65298,N2_LRP122b,0,LargeBus
13241,LargeBus65299,N2_LRP167b,0,LargeBus
13242,LargeBus65299,N2_LRP166e,0,LargeBus
13243,SmallTruck65304,N1_LRP127a,0,SmallTruck
13244,LargeBus65313,N1_LRP353b,0,LargeBus
13245,LargeBus65313,N1_LRP353a,0,LargeBus
13246,LargeBus65313,N1_LRP352a,0,LargeBus
13247,MediumTruck65314,N2_LRP108a,0,MediumTruck
13248,SmallTruck65316,N2_LRP040b,0,SmallTruck
13249,SmallTruck65323,N2_LRP044a,0,SmallTruck
13250,MediumTruck65325,N2_LRP090a,0,MediumTruck
13251,MediumTruck65326,N2_LRP180c,0,MediumTruck
13252,SmallTruck65329,N1_LRP360c,0,SmallTruck
13253,SmallTruck65329,N1_LRP360a,0,SmallTruck
13254,MediumTruck65337,N2_LRP079d,0,MediumTruck
13255,MediumTruck65341,N2_LRP096c,0,MediumTruck
13256,SmallTruck65346,N2_LRP097a,0,SmallTruck
13257,SmallTruck65347,N2_LRP187b,0,SmallTruck
13258,SmallTruck65355,N2_LRP182a,0,SmallTruck
13259,SmallTruck65355,N2_LRP182b,0,SmallTruck
13260,MediumTruck65356,N2_LRP048b,0,MediumTruck
13261,MediumTruck65358,N2_LRP186b,1.5725267612946756,MediumTruck
13262,MiniBus65361,N1_LRP364d,0,MiniBus
13263,MediumTruck65367,N1_LRP094a,0,MediumTruck
13264,SmallTruck65372,N2_LRP052a,0,SmallTruck
13265,MediumTruck65377,N1_LRP374e,0,MediumTruck
13266,MediumTruck65387,N2_LRP061a,0,MediumTruck
13267,MediumTruck65389,N2_LRP284b,0,MediumTruck
13268,MediumTruck65389,N2_LRP284c,0,MediumTruck
13269,MiniBus65393,N1_LRP374e,0,MiniBus
13270,MiniBus65393,N1_LRP374c,0,MiniBus
13271,MiniBus65393,N1_LRP374a,0,MiniBus
13272,MediumTruck65403,N2_LRP066a,0,MediumTruck
13273,MediumTruck65404,N2_LRP064a,0,MediumTruck
13274,LargeBus65407,N2_LRP139b,0,LargeBus
13275,LargeBus65407,N2_LRP139a,0,LargeBus
13276,MediumTruck65425,N1_LRP384a,0,MediumTruck
13277,SmallTruck65427,N2_LRP207b,0,SmallTruck
13278,SmallTruck65430,N1_LRP221a,0,SmallTruck
13279,MediumTruck65436,N2_LRP070a,0,MediumTruck
13280,MediumTruck65436,N2_LRP069e,0,MediumTruck
13281,MediumTruck65436,N2_LRP069c,0,MediumTruck
13282,MediumTruck65441,N1_LRP388a,0,MediumTruck
13283,MiniBus65442,N2_LRP081b,0,MiniBus
13284,SmallTruck65443,N2_LRP211c,0,SmallTruck
13285,MiniBus65470,N2_LRP206b,0,MiniBus
13286,MediumTruck65474,N2_LRP069c,0,MediumTruck
13287,MediumTruck65474,N2_LRP069e,0,MediumTruck
13288,MediumTruck65474,N2_LRP070a,0,MediumTruck
13289,MediumTruck65481,N1_LRP034a,0,MediumTruck
13290,SmallTruck65483,N2_LRP151a,0,SmallTruck
13291,SmallTruck65485,N2_LRP129b,0,SmallTruck
13292,SmallTruck65485,N2_LRP129a,0,SmallTruck
13293,SmallTruck65485,N2_LRP128b,0,SmallTruck
13294,LargeBus65495,N1_LRP120b,0,LargeBus
13295,MiniBus65500,N2_LRP078a,0,MiniBus
13296,MiniBus65502,N2_LRP214b,0.10459556239414422,MiniBus
13297,LargeBus65507,N2_LRP221b,0,LargeBus
13298,SmallTruck65508,N102_LRP062b,0,SmallTruck
13299,SmallTruck65511,N1_LRP131b,0,SmallTruck
13300,MiniBus65515,N2_LRP148b,0,MiniBus
13301,SmallTruck65519,N2_LRP171f,0.11569569755696474,SmallTruck
13302,SmallTruck65522,N2_LRP057b,0,SmallTruck
13303,MediumTruck65523,N2_LRP229c,0,MediumTruck
13304,MediumTruck65536,N2_LRP045b,0,MediumTruck
13305,MediumTruck65537,N1_LRP414a,0,MediumTruck
13306,MediumTruck65538,N2_LRP053a,0,MediumTruck
13307,MediumTruck65541,N102_LRP028c,0,MediumTruck
13308,LargeBus65542,N1_LRP088a,0,LargeBus
13309,LargeBus65549,N207_LRP008c,0,LargeBus
13310,MediumTruck65551,N2_LRP179a,0,MediumTruck
13311,MediumTruck65551,N2_LRP178b,0,MediumTruck
13312,SmallTruck65552,N2_LRP042a,0,SmallTruck
13313,SmallTruck65553,N1_LRP414a,0,SmallTruck
13314,LargeBus65556,N1_LRP027a,0,LargeBus
13315,LargeBus65556,N1_LRP026b,0,LargeBus
13316,LargeBus65570,N2_LRP050a,0,LargeBus
13317,MediumTruck65571,N2_LRP241c,0,MediumTruck
13318,SmallTruck65573,N102_LRP036d,0,SmallTruck
13319,SmallTruck65573,N102_LRP036b,0,SmallTruck
13320,LargeBus65574,N1_LRP098a,0,LargeBus
13321,LargeBus65575,N1_LRP143a,0,LargeBus
13322,MediumTruck65578,N2_LRP074a,0,MediumTruck
13323,MediumTruck65578,N2_LRP073g,0,MediumTruck
13324,SmallTruck65579,N2_LRP128b,0,SmallTruck
13325,SmallTruck65579,N2_LRP129a,0,SmallTruck
13326,LargeBus65581,N2_LRP147a,0,LargeBus
13327,MediumTruck65583,N208_LRP011b,0,MediumTruck
13328,MiniBus65585,N1_LRP417d,0.1610852967018814,MiniBus
13329,SmallTruck65592,N2_LRP041b,0,SmallTruck
13330,MiniBus65599,N2_LRP186d,0,MiniBus
13331,MediumTruck65601,N1_LRP425b,0,MediumTruck
13332,MediumTruck65602,N2_LRP038c,0,MediumTruck
13333,MediumTruck65612,N2_LRP181c,0,MediumTruck
13334,MediumTruck65616,N2_LRP025a,0,MediumTruck
13335,MediumTruck65616,N2_LRP025b,0,MediumTruck
13336,LargeBus65621,N102_LRP045a,0,LargeBus
13337,MediumTruck65630,N208_LRP034c,0,MediumTruck
13338,MediumTruck65630,N208_LRP034d,0,MediumTruck
13339,SmallTruck65631,N2_LRP199d,0,SmallTruck
13340,LargeBus65632,N2_LRP024b,0,LargeBus
13341,MediumTruck65638,N1_LRP118d,0,MediumTruck
13342,MediumTruck65645,N2_LRP221b,0,MediumTruck
13343,LargeBus65649,N1_LRP432a,0,LargeBus
13344,LargeBus65649,N1_LRP431d,0.14818497019302726,LargeBus
13345,SmallTruck65654,N1_LRP122a,0,SmallTruck
13346,MediumTruck65656,N2_LRP024b,0,MediumTruck
13347,MediumTruck65656,N2_LRP025a,0,MediumTruck
13348,MediumTruck65657,N105_LRP023c,0,MediumTruck
13349,MediumTruck65658,N2_LRP093a,0,MediumTruck
13350,MediumTruck65661,N2_LRP216a,0,MediumTruck
13351,MediumTruck65661,N2_LRP216b,0,MediumTruck
13352,MiniBus65662,N208_LRP028d,0,MiniBus
13353,MediumTruck65665,N1_LRP438c,0,MediumTruck
13354,MediumTruck65665,N1_LRP438b,0,MediumTruck
13355,MediumTruck65665,N1_LRP438a,0,MediumTruck
13356,MediumTruck65666,N1_LRP030a,0,MediumTruck
13357,SmallTruck65673,N105_LRP027c,0,SmallTruck
13358,MiniBus65674,N2_LRP097a,0,MiniBus
13359,LargeBus65676,N2_LRP169b,0,LargeBus
13360,LargeBus65676,N2_LRP169c,0,LargeBus
13361,LargeBus65676,N2_LRP169d,0,LargeBus
13362,LargeBus65676,N2_LRP169e,0,LargeBus
13363,LargeBus65676,N2_LRP169f,0,LargeBus
13364,LargeBus65677,N2_LRP171f,1.1156956975569647,LargeBus
13365,MiniBus65678,N208_LRP024d,0,MiniBus
13366,LargeBus65681,N1_LRP440a,0,LargeBus
13367,SmallTruck65684,N102_LRP017a,0,SmallTruck
13368,MediumTruck65690,N204_LRP020b,0,MediumTruck
13369,MediumTruck65692,N2_LRP132b,0,MediumTruck
13370,MediumTruck65692,N2_LRP132a,0,MediumTruck
13371,MediumTruck65696,N1_LRP014a,0,MediumTruck
13372,MediumTruck65699,N2_LRP274e,0,MediumTruck
13373,MediumTruck65708,N2_LRP135a,0,MediumTruck
13374,SmallTruck65709,N2_LRP180c,0,SmallTruck
13375,MediumTruck65713,N1_LRP450a,0,MediumTruck
13376,MediumTruck65716,N102_LRP009a,0,MediumTruck
13377,MiniBus65721,N105_LRP039b,0,MiniBus
13378,MediumTruck65722,N2_LRP126a,0,MediumTruck
13379,MediumTruck65722,N2_LRP126b,0,MediumTruck
13380,MediumTruck65722,N2_LRP126c,0,MediumTruck
13381,MediumTruck65722,N2_LRP126d,0,MediumTruck
13382,SmallTruck65725,N2_LRP183d,2.0527275325855383,SmallTruck
13383,SmallTruck65727,N2_LRP219a,0,SmallTruck
13384,MediumTruck65735,N104_LRP044d,0,MediumTruck
13385,MediumTruck65748,N102_LRPSc,0,MediumTruck
13386,MediumTruck65749,N102_LRP082a,0,MediumTruck
13387,MediumTruck65282,N2_LRP118a,0,MediumTruck
13388,LargeBus65298,N2_LRP123c,0,LargeBus
13389,LargeBus65299,N2_LRP166d,0,LargeBus
13390,SmallTruck65303,N1_LRP077a,0,SmallTruck
13391,SmallTruck65316,N2_LRP041b,0,SmallTruck
13392,MediumTruck65321,N2_LRP084a,0,MediumTruck
13393,SmallTruck65323,N2_LRP043d,0,SmallTruck
13394,MediumTruck65326,N2_LRP180a,0,MediumTruck
13395,LargeBus65328,N2_LRP102a,0,LargeBus
13396,SmallTruck65331,N2_LRP184c,0,SmallTruck
13397,MediumTruck65337,N2_LRP081a,0,MediumTruck
13398,MediumTruck65341,N2_LRP096a,0,MediumTruck
13399,MediumTruck65341,N2_LRP095a,0,MediumTruck
13400,MediumTruck65342,N2_LRP183c,0,MediumTruck
13401,MediumTruck65345,N1_LRP364d,0,MediumTruck
13402,SmallTruck65346,N2_LRP098b,0.40903005265491865,SmallTruck
13403,SmallTruck65347,N2_LRP186d,0,SmallTruck
13404,HeavyTruck65352,N102_LRP033c,0,HeavyTruck
13405,MediumTruck65353,N2_LRP078a,0,MediumTruck
13406,SmallTruck65355,N2_LRP182d,0,SmallTruck
13407,SmallTruck65355,N2_LRP183a,0,SmallTruck
13408,MediumTruck65356,N2_LRP048a,0,MediumTruck
13409,MediumTruck65356,N2_LRP047c,0,MediumTruck
13410,MiniBus65361,N1_LRP364c,0,MiniBus
13411,MiniBus65361,N1_LRP364a,0,MiniBus
13412,MiniBus65361,N1_LRP363b,0,MiniBus
13413,MediumTruck65362,N2_LRP095a,0,MediumTruck
13414,LargeBus65376,N1_LRP105a,0,LargeBus
13415,MediumTruck65377,N1_LRP374c,0,MediumTruck
13416,MediumTruck65377,N1_LRP374a,0,MediumTruck
13417,MediumTruck65377,N1_LRP373b,0,MediumTruck
13418,MediumTruck65380,N2_LRP024b,0,MediumTruck
13419,MediumTruck65380,N2_LRP025a,0,MediumTruck
13420,MediumTruck65384,N2_LRP091b,0,MediumTruck
13421,MediumTruck65387,N2_LRP060c,0,MediumTruck
13422,MediumTruck65389,N2_LRP285a,0,MediumTruck
13423,MediumTruck65389,N2_LRP285c,0,MediumTruck
13424,MiniBus65393,N1_LRP373b,0,MiniBus
13425,MiniBus65393,N1_LRP373a,0,MiniBus
13426,LargeBus65395,N2_LRP188a,0,LargeBus
13427,LargeBus65407,N2_LRP138b,0,LargeBus
13428,LargeBus65407,N2_LRP138a,0,LargeBus
13429,MediumTruck65409,N1_LRP380c,0,MediumTruck
13430,MediumTruck65409,N1_LRP380a,0,MediumTruck
13431,MiniBus65418,N2_LRP025b,0,MiniBus
13432,LargeBus65419,N2_LRP059a,0,LargeBus
13433,LargeBus65419,N2_LRP058c,0,LargeBus
13434,MediumTruck65425,N1_LRP383b,0,MediumTruck
13435,SmallTruck65430,N1_LRP223a,1.4014886880895365,SmallTruck
13436,LargeBus65434,N2_LRP029b,0,LargeBus
13437,MediumTruck65441,N1_LRP387f,0,MediumTruck
13438,MediumTruck65441,N1_LRP387e,0,MediumTruck
13439,SmallTruck65443,N2_LRP211b,0,SmallTruck
13440,MediumTruck65446,N1_LRP068a,0,MediumTruck
13441,HeavyTruck65460,N105_LRP005c,0,HeavyTruck
13442,MediumTruck65465,N2_LRP050a,0,MediumTruck
13443,MediumTruck65474,N2_LRP070c,0,MediumTruck
13444,SmallTruck65483,N2_LRP151b,0,SmallTruck
13445,SmallTruck65483,N2_LRP152a,0,SmallTruck
13446,SmallTruck65483,N2_LRP152b,0,SmallTruck
13447,SmallTruck65485,N2_LRP128a,0,SmallTruck
13448,SmallTruck65485,N2_LRP127c,0,SmallTruck
13449,MediumTruck65489,N1_LRP400a,0,MediumTruck
13450,SmallTruck65490,N2_LRP066a,0,SmallTruck
13451,MediumTruck65493,N102_LRP015a,0,MediumTruck
13452,MediumTruck65497,N2_LRP043a,0.03191777610214529,MediumTruck
13453,MiniBus65500,N2_LRP076b,0,MiniBus
13454,LargeBus65505,N1_LRP400a,0,LargeBus
13455,SmallTruck65508,N102_LRP062c,0,SmallTruck
13456,MediumTruck65513,N1_LRP026a,0,MediumTruck
13457,MediumTruck65513,N1_LRP026b,0,MediumTruck
13458,SmallTruck65517,N2_LRP135b,0,SmallTruck
13459,SmallTruck65519,N2_LRP171e,0,SmallTruck
13460,MediumTruck65521,N1_LRP408a,0,MediumTruck
13461,MediumTruck65523,N2_LRP229a,0.19396673189723498,MediumTruck
13462,LargeBus65525,N102_LRP017a,0,LargeBus
13463,SmallTruck65532,N2_LRP092b,0,SmallTruck
13464,SmallTruck65532,N2_LRP092a,0,SmallTruck
13465,SmallTruck65532,N2_LRP091b,0,SmallTruck
13466,MediumTruck65533,N2_LRP140a,0.01342432796054261,MediumTruck
13467,MediumTruck65538,N2_LRP054a,0,MediumTruck
13468,SmallTruck65540,N1_LRP027a,0,SmallTruck
13469,SmallTruck65540,N1_LRP026b,0,SmallTruck
13470,MediumTruck65551,N2_LRP178a,0,MediumTruck
13471,SmallTruck65552,N2_LRP043a,0.32245668947967115,SmallTruck
13472,MediumTruck65555,N2_LRP236c,0,MediumTruck
13473,LargeBus65556,N1_LRP026a,0,LargeBus
13474,MiniBus65567,N2_LRP283b,0,MiniBus
13475,MediumTruck65569,N1_LRP417d,1.1610852967018814,MediumTruck
13476,LargeBus65575,N1_LRP142a,0,LargeBus
13477,MediumTruck65578,N2_LRP073c,0,MediumTruck
13478,MediumTruck65578,N2_LRP073b,0,MediumTruck
13479,SmallTruck65579,N2_LRP129b,0,SmallTruck
13480,SmallTruck65579,N2_LRP129c,0,SmallTruck
13481,SmallTruck65579,N2_LRP130a,0,SmallTruck
13482,LargeBus65581,N2_LRP146a,0,LargeBus
13483,MediumTruck65586,N2_LRP043a,1.3224566894796712,MediumTruck
13484,MediumTruck65590,N1_LRP105a,0,MediumTruck
13485,SmallTruck65592,N2_LRP042a,0,SmallTruck
13486,MediumTruck65593,N2_LRP018a,0,MediumTruck
13487,MiniBus65599,N2_LRP186c,0,MiniBus
13488,MiniBus65599,N2_LRP186b,1.5725267612946756,MiniBus
13489,MediumTruck65601,N1_LRP425a,0,MediumTruck
13490,MediumTruck65601,N1_LRP424e,0,MediumTruck
13491,MediumTruck65602,N2_LRP039a,0,MediumTruck
13492,MediumTruck65608,N105_LRP039b,0,MediumTruck
13493,MediumTruck65612,N2_LRP182a,0,MediumTruck
13494,MediumTruck65612,N2_LRP182b,0,MediumTruck
13495,LargeBus65617,N1_LRP425b,0,LargeBus
13496,LargeBus65617,N1_LRP425a,0,LargeBus
13497,LargeBus65618,N2_LRP038c,0,LargeBus
13498,LargeBus65618,N2_LRP039a,0,LargeBus
13499,LargeBus65632,N2_LRP025a,0,LargeBus
13500,LargeBus65632,N2_LRP025b,0,LargeBus
13501,MediumTruck65633,N1_LRP431b,0,MediumTruck
13502,MediumTruck65633,N1_LRP431a,0,MediumTruck
13503,MediumTruck65633,N1_LRP430c,0,MediumTruck
13504,MediumTruck65640,N105_LRP030c,0,MediumTruck
13505,MediumTruck65648,N1_LRP026a,0,MediumTruck
13506,MediumTruck65648,N1_LRP026b,0,MediumTruck
13507,LargeBus65650,N2_LRP029b,0,LargeBus
13508,LargeBus65651,N2_LRP258a,0,LargeBus
13509,MediumTruck65656,N2_LRP025b,0,MediumTruck
13510,MediumTruck65657,N105_LRP022c,0,MediumTruck
13511,MiniBus65662,N208_LRP029c,0,MiniBus
13512,MediumTruck65664,N1_LRP023a,0,MediumTruck
13513,MediumTruck65665,N1_LRP437b,0,MediumTruck
13514,MediumTruck65665,N1_LRP437a,0,MediumTruck
13515,MiniBus65674,N2_LRP096c,0,MiniBus
13516,MiniBus65674,N2_LRP096a,0,MiniBus
13517,LargeBus65676,N2_LRP170a,0,LargeBus
13518,LargeBus65676,N2_LRP170b,0,LargeBus
13519,LargeBus65676,N2_LRP170c,0,LargeBus
13520,LargeBus65676,N2_LRP170e,0,LargeBus
13521,LargeBus65676,N2_LRP170f,0.054593798614089896,LargeBus
13522,LargeBus65681,N1_LRP439a,0,LargeBus
13523,MediumTruck65682,N2_LRP018a,0,MediumTruck
13524,MediumTruck65689,N105_LRP030c,0,MediumTruck
13525,LargeBus65693,N2_LRP211b,0,LargeBus
13526,LargeBus65693,N2_LRP211c,0,LargeBus
13527,SmallTruck65697,N1_LRP445d,0,SmallTruck
13528,SmallTruck65697,N1_LRP445b,0,SmallTruck
13529,MiniBus65698,N2_LRP016a,0,MiniBus
13530,MediumTruck65705,N105_LRP035d,0,MediumTruck
13531,MediumTruck65708,N2_LRP134c,0,MediumTruck
13532,MediumTruck65708,N2_LRP134b,0,MediumTruck
13533,SmallTruck65709,N2_LRP180a,0,SmallTruck
13534,MediumTruck65713,N1_LRP449d,0,MediumTruck
13535,MediumTruck65713,N1_LRP449c,0,MediumTruck
13536,LargeBus65714,N1_LRP020a,0,LargeBus
13537,MediumTruck65718,N104_LRP010a,0,MediumTruck
13538,MediumTruck65722,N2_LRP127b,0,MediumTruck
13539,SmallTruck65724,N2_LRP139b,0,SmallTruck
13540,SmallTruck65724,N2_LRP139a,0,SmallTruck
13541,MediumTruck65729,N1_LRP452e,0,MediumTruck
13542,MediumTruck65729,N1_LRP452d,0,MediumTruck
13543,MediumTruck65736,N105_LRP005c,0,MediumTruck
13544,MediumTruck65736,N105_LRP006a,0,MediumTruck
13545,MediumTruck65744,N1_LRP001a,0,MediumTruck
13546,LargeBus65745,N1_LRP456c,0,LargeBus
13547,MediumTruck65746,N1_LRP010b,0,MediumTruck
13548,MediumTruck65746,N1_LRP010c,0,MediumTruck
13549,LargeBus65747,N2_LRP285c,0,LargeBus
13550,LargeBus65747,N2_LRP285a,0,LargeBus
13551,MediumTruck65748,N102_LRP002a,0,MediumTruck
13552,SmallTruck65759,N2_LRP226d,0,SmallTruck
13553,SmallTruck65759,N2_LRP226c,0,SmallTruck
13554,MiniBus65280,N1_LRP134a,0,MiniBus
13555,SmallTruck65281,N1_LRP349a,0,SmallTruck
13556,SmallTruck65281,N1_LRP348b,0,SmallTruck
13557,MediumTruck65282,N2_LRP118b,0,MediumTruck
13558,MediumTruck65282,N2_LRP118e,0,MediumTruck
13559,MediumTruck65289,N102_LRP002a,0,MediumTruck
13560,MediumTruck65289,N102_LRP002b,0,MediumTruck
13561,MediumTruck65289,N102_LRP002c,0,MediumTruck
13562,MiniBus65295,N2_LRP108a,0,MiniBus
13563,LargeBus65298,N2_LRP123d,0,LargeBus
13564,LargeBus65298,N2_LRP123e,0,LargeBus
13565,LargeBus65299,N2_LRP165d,0,LargeBus
13566,LargeBus65299,N2_LRP165c,0,LargeBus
13567,LargeBus65313,N1_LRP351a,0,LargeBus
13568,SmallTruck65316,N2_LRP042a,0,SmallTruck
13569,SmallTruck65323,N2_LRP043a,2.3224566894796714,SmallTruck
13570,MediumTruck65326,N2_LRP179a,0,MediumTruck
13571,MediumTruck65326,N2_LRP178b,0,MediumTruck
13572,LargeBus65328,N2_LRP103c,0,LargeBus
13573,SmallTruck65329,N1_LRP359b,0,SmallTruck
13574,SmallTruck65329,N1_LRP359a,0,SmallTruck
13575,SmallTruck65331,N2_LRP183d,2.0527275325855383,SmallTruck
13576,MediumTruck65337,N2_LRP081b,0,MediumTruck
13577,MediumTruck65342,N2_LRP183a,0,MediumTruck
13578,MediumTruck65342,N2_LRP182d,0,MediumTruck
13579,MediumTruck65345,N1_LRP364c,0,MediumTruck
13580,MediumTruck65345,N1_LRP364a,0,MediumTruck
13581,SmallTruck65347,N2_LRP186c,0,SmallTruck
13582,HeavyTruck65352,N102_LRP034b,0,HeavyTruck
13583,MediumTruck65353,N2_LRP079a,0,MediumTruck
13584,SmallTruck65355,N2_LRP183c,0,SmallTruck
13585,SmallTruck65355,N2_LRP183d,3.0527275325855383,SmallTruck
13586,MediumTruck65356,N2_LRP047a,0,MediumTruck
13587,MediumTruck65356,N2_LRP046c,0,MediumTruck
13588,MediumTruck65362,N2_LRP096a,0,MediumTruck
13589,MediumTruck65362,N2_LRP096c,0,MediumTruck
13590,LargeBus65363,N2_LRP183c,0,LargeBus
13591,MediumTruck65365,N1_LRP064c,0,MediumTruck
13592,MediumTruck65377,N1_LRP373a,0,MediumTruck
13593,MediumTruck65380,N2_LRP025b,0,MediumTruck
13594,MediumTruck65382,N1_LRP051a,0,MediumTruck
13595,MediumTruck65384,N2_LRP092a,0,MediumTruck
13596,MediumTruck65384,N2_LRP092b,0,MediumTruck
13597,MediumTruck65387,N2_LRP059a,0,MediumTruck
13598,MiniBus65390,N2_LRP184c,0,MiniBus
13599,MiniBus65393,N1_LRP372c,0,MiniBus
13600,LargeBus65395,N2_LRP187b,0,LargeBus
13601,MediumTruck65402,N2_LRP029b,0,MediumTruck
13602,MediumTruck65403,N2_LRP064b,0,MediumTruck
13603,LargeBus65408,N1_LRP098a,0,LargeBus
13604,MediumTruck65410,N2_LRP084a,0,MediumTruck
13605,MiniBus65418,N2_LRP025a,0,MiniBus
13606,MiniBus65418,N2_LRP024b,0,MiniBus
13607,MediumTruck65425,N1_LRP383a,0,MediumTruck
13608,MediumTruck65425,N1_LRP382b,0,MediumTruck
13609,MediumTruck65436,N2_LRP067c,0,MediumTruck
13610,MediumTruck65441,N1_LRP387b,0,MediumTruck
13611,MediumTruck65441,N1_LRP387a,0,MediumTruck
13612,MediumTruck65441,N1_LRP386f,0,MediumTruck
13613,MediumTruck65441,N1_LRP386e,0,MediumTruck
13614,HeavyTruck65444,N1_LRP001a,0,HeavyTruck
13615,MediumTruck65445,N102_LRP002c,0,MediumTruck
13616,MediumTruck65445,N102_LRP002b,0,MediumTruck
13617,MediumTruck65445,N102_LRP002a,0,MediumTruck
13618,MediumTruck65457,N1_LRP391a,0,MediumTruck
13619,HeavyTruck65460,N105_LRP006a,0,HeavyTruck
13620,MediumTruck65481,N1_LRP035a,0,MediumTruck
13621,SmallTruck65483,N2_LRP152c,0,SmallTruck
13622,SmallTruck65483,N2_LRP152d,0,SmallTruck
13623,SmallTruck65483,N2_LRP153a,0,SmallTruck
13624,SmallTruck65485,N2_LRP127b,0,SmallTruck
13625,MediumTruck65488,N1_LRP068a,0,MediumTruck
13626,MediumTruck65489,N1_LRP398d,1.0820395737218125,MediumTruck
13627,SmallTruck65490,N2_LRP067c,0,SmallTruck
13628,HeavyTruck65491,N2_LRP221b,0,HeavyTruck
13629,LargeBus65495,N1_LRP119a,0,LargeBus
13630,MiniBus65500,N2_LRP076a,0,MiniBus
13631,LargeBus65505,N1_LRP398d,2.0820395737218123,LargeBus
13632,LargeBus65507,N2_LRP219a,0,LargeBus
13633,SmallTruck65510,N1_LRP083b,0,SmallTruck
13634,MediumTruck65513,N1_LRP027a,0,MediumTruck
13635,SmallTruck65517,N2_LRP135a,0,SmallTruck
13636,SmallTruck65519,N2_LRP171d,0,SmallTruck
13637,SmallTruck65519,N2_LRP170j,0,SmallTruck
13638,SmallTruck65519,N2_LRP170i,0,SmallTruck
13639,SmallTruck65519,N2_LRP170h,0,SmallTruck
13640,SmallTruck65519,N2_LRP170g,0,SmallTruck
13641,SmallTruck65519,N2_LRP170f,0.06691149670372051,SmallTruck
13642,SmallTruck65522,N2_LRP058c,0,SmallTruck
13643,SmallTruck65522,N2_LRP059a,0,SmallTruck
13644,MediumTruck65523,N2_LRP228b,0,MediumTruck
13645,MiniBus65524,N102_LRP065a,0,MiniBus
13646,MediumTruck65536,N2_LRP046c,0,MediumTruck
13647,MediumTruck65536,N2_LRP047a,0,MediumTruck
13648,MediumTruck65536,N2_LRP047c,0,MediumTruck
13649,MediumTruck65537,N1_LRP412d,0,MediumTruck
13650,MediumTruck65537,N1_LRP412b,0,MediumTruck
13651,MediumTruck65538,N2_LRP054b,0,MediumTruck
13652,SmallTruck65539,N2_LRP231d,0,SmallTruck
13653,SmallTruck65539,N2_LRP231c,0,SmallTruck
13654,SmallTruck65540,N1_LRP026a,0,SmallTruck
13655,MediumTruck65551,N2_LRP177a,0,MediumTruck
13656,SmallTruck65553,N1_LRP412d,0,SmallTruck
13657,SmallTruck65553,N1_LRP412b,0,SmallTruck
13658,MediumTruck65555,N2_LRP236a,0,MediumTruck
13659,MediumTruck65555,N2_LRP235a,0,MediumTruck
13660,MiniBus65567,N2_LRP284b,0,MiniBus
13661,MiniBus65567,N2_LRP284c,0,MiniBus
13662,MediumTruck65571,N2_LRP240a,0,MediumTruck
13663,SmallTruck65579,N2_LRP130b,0,SmallTruck
13664,SmallTruck65579,N2_LRP130c,0,SmallTruck
13665,MiniBus65585,N1_LRP417b,0,MiniBus
13666,MiniBus65585,N1_LRP416e,0,MiniBus
13667,MiniBus65585,N1_LRP416d,0,MiniBus
13668,MediumTruck65587,N2_LRP243b,0,MediumTruck
13669,MediumTruck65589,N102_LRP038d,0,MediumTruck
13670,SmallTruck65592,N2_LRP043a,3.3224566894796714,SmallTruck
13671,MediumTruck65601,N1_LRP424c,0,MediumTruck
13672,MediumTruck65601,N1_LRP424b,0,MediumTruck
13673,MediumTruck65601,N1_LRP424a,0.4765773368240157,MediumTruck
13674,MediumTruck65602,N2_LRP039c,0,MediumTruck
13675,MediumTruck65602,N2_LRP040a,0,MediumTruck
13676,MiniBus65603,N2_LRP243b,0,MiniBus
13677,MediumTruck65606,N1_LRP109a,0,MediumTruck
13678,MediumTruck65608,N105_LRP040c,0,MediumTruck
13679,MediumTruck65612,N2_LRP182d,0,MediumTruck
13680,MediumTruck65612,N2_LRP183a,0,MediumTruck
13681,LargeBus65617,N1_LRP424e,0,LargeBus
13682,LargeBus65617,N1_LRP424c,0,LargeBus
13683,LargeBus65617,N1_LRP424b,0,LargeBus
13684,LargeBus65617,N1_LRP424a,1.4765773368240156,LargeBus
13685,LargeBus65618,N2_LRP039c,0,LargeBus
13686,SmallTruck65620,N1_LRP118d,0,SmallTruck
13687,MediumTruck65627,N2_LRP118a,0,MediumTruck
13688,MediumTruck65627,N2_LRP118b,0,MediumTruck
13689,MediumTruck65633,N1_LRP430b,0,MediumTruck
13690,MediumTruck65633,N1_LRP430a,0,MediumTruck
13691,MediumTruck65633,N1_LRP429f,0,MediumTruck
13692,MediumTruck65641,N105_LRP017c,0,MediumTruck
13693,MediumTruck65642,N2_LRP146a,0,MediumTruck
13694,MediumTruck65643,N204_LRP003b,0,MediumTruck
13695,MiniBus65646,N208_LRP034c,0,MiniBus
13696,MiniBus65646,N208_LRP034d,0,MiniBus
13697,MediumTruck65648,N1_LRP027a,0,MediumTruck
13698,LargeBus65649,N1_LRP431b,0,LargeBus
13699,LargeBus65649,N1_LRP431a,0,LargeBus
13700,LargeBus65649,N1_LRP430c,0,LargeBus
13701,SmallTruck65653,N102_LRP055c,0,SmallTruck
13702,SmallTruck65654,N1_LRP120b,0,SmallTruck
13703,MediumTruck65657,N105_LRP021d,0,MediumTruck
13704,MediumTruck65658,N2_LRP092b,0,MediumTruck
13705,MediumTruck65658,N2_LRP092a,0,MediumTruck
13706,MediumTruck65658,N2_LRP091b,0,MediumTruck
13707,MiniBus65662,N208_LRP031b,0,MiniBus
13708,MediumTruck65665,N1_LRP436a,0,MediumTruck
13709,SmallTruck65667,N2_LRP264a,0,SmallTruck
13710,MiniBus65674,N2_LRP095a,0,MiniBus
13711,LargeBus65676,N2_LRP170g,0,LargeBus
13712,LargeBus65676,N2_LRP170h,0,LargeBus
13713,LargeBus65676,N2_LRP170i,0,LargeBus
13714,LargeBus65676,N2_LRP170j,0,LargeBus
13715,LargeBus65677,N2_LRP171e,0,LargeBus
13716,LargeBus65681,N1_LRP438c,0,LargeBus
13717,LargeBus65681,N1_LRP438b,0,LargeBus
13718,SmallTruck65684,N102_LRP019a,0,SmallTruck
13719,SmallTruck65684,N102_LRP019b,0,SmallTruck
13720,LargeBus65687,N104_LRP028a,0,LargeBus
13721,MediumTruck65692,N2_LRP130c,0,MediumTruck
13722,MediumTruck65692,N2_LRP130b,0,MediumTruck
13723,SmallTruck65697,N1_LRP444e,0,SmallTruck
13724,SmallTruck65697,N1_LRP444d,0,SmallTruck
13725,SmallTruck65697,N1_LRP444c,0,SmallTruck
13726,SmallTruck65697,N1_LRP444b,0,SmallTruck
13727,SmallTruck65697,N1_LRP444a,0,SmallTruck
13728,HeavyTruck65700,N102_LRP015a,0,HeavyTruck
13729,MiniBus65702,N1_LRP131b,0,MiniBus
13730,MediumTruck65708,N2_LRP133a,0,MediumTruck
13731,SmallTruck65709,N2_LRP179a,0,SmallTruck
13732,SmallTruck65709,N2_LRP178b,0,SmallTruck
13733,SmallTruck65712,N1_LRP010b,0,SmallTruck
13734,SmallTruck65712,N1_LRP010c,0,SmallTruck
13735,SmallTruck65712,N1_LRP011a,0,SmallTruck
13736,MediumTruck65713,N1_LRP448a,0,MediumTruck
13737,LargeBus65715,N2_LRP276a,0,LargeBus
13738,MediumTruck65722,N2_LRP127c,0,MediumTruck
13739,MediumTruck65722,N2_LRP128a,0,MediumTruck
13740,SmallTruck65724,N2_LRP138b,0,SmallTruck
13741,MediumTruck65729,N1_LRP452c,0,MediumTruck
13742,MediumTruck65729,N1_LRP452a,0,MediumTruck
13743,MediumTruck65729,N1_LRP451e,0,MediumTruck
13744,MediumTruck65737,N105_LRP042b,0,MediumTruck
13745,SmallTruck65741,N207_LRP061d,0,SmallTruck
13746,LargeBus65745,N1_LRP456a,0,LargeBus
13747,MediumTruck65746,N1_LRP011a,0,MediumTruck
13748,LargeBus65747,N2_LRP284c,0,LargeBus
13749,LargeBus65747,N2_LRP284b,0,LargeBus
13750,MediumTruck65748,N102_LRP002b,0,MediumTruck
13751,MediumTruck65748,N102_LRP002c,0,MediumTruck
13752,SmallTruck65759,N2_LRP225c,0.08486734958607015,SmallTruck
13753,SmallTruck65281,N1_LRP348a,0,SmallTruck
13754,MediumTruck65282,N2_LRP118g,0,MediumTruck
13755,MediumTruck65297,N1_LRP353b,0,MediumTruck
13756,MediumTruck65297,N1_LRP353a,0,MediumTruck
13757,MediumTruck65297,N1_LRP352a,0,MediumTruck
13758,LargeBus65298,N2_LRP124c,0,LargeBus
13759,LargeBus65298,N2_LRP125a,0,LargeBus
13760,LargeBus65299,N2_LRP164d,0,LargeBus
13761,LargeBus65299,N2_LRP164b,0,LargeBus
13762,LargeBus65299,N2_LRP164a,0,LargeBus
13763,LargeBus65308,N2_LRP025b,0,LargeBus
13764,LargeBus65313,N1_LRP350a,0,LargeBus
13765,SmallTruck65316,N2_LRP043a,4.322456689479671,SmallTruck
13766,MediumTruck65321,N2_LRP086a,0,MediumTruck
13767,MediumTruck65325,N2_LRP087a,0,MediumTruck
13768,MediumTruck65326,N2_LRP178a,0,MediumTruck
13769,LargeBus65328,N2_LRP104a,0,LargeBus
13770,SmallTruck65329,N1_LRP358b,0,SmallTruck
13771,SmallTruck65329,N1_LRP358a,0,SmallTruck
13772,MediumTruck65335,N1_LRP083b,0,MediumTruck
13773,MediumTruck65336,N2_LRP102a,0,MediumTruck
13774,MediumTruck65342,N2_LRP182b,0,MediumTruck
13775,MediumTruck65342,N2_LRP182a,0,MediumTruck
13776,MediumTruck65345,N1_LRP363b,0,MediumTruck
13777,SmallTruck65347,N2_LRP186b,1.5725267612946756,SmallTruck
13778,MediumTruck65351,N1_LRP088a,0,MediumTruck
13779,MediumTruck65353,N2_LRP079b,0.23077081764279875,MediumTruck
13780,MediumTruck65356,N2_LRP045b,0,MediumTruck
13781,MediumTruck65362,N2_LRP097a,0,MediumTruck
13782,LargeBus65363,N2_LRP183a,0,LargeBus
13783,LargeBus65363,N2_LRP182d,0,LargeBus
13784,LargeBus65366,N1_LRP036c,0,LargeBus
13785,SmallTruck65372,N2_LRP050a,0,SmallTruck
13786,SmallTruck65373,N2_LRP098b,0.48950208468399614,SmallTruck
13787,LargeBus65376,N1_LRP107a,0,LargeBus
13788,MediumTruck65377,N1_LRP372c,0,MediumTruck
13789,MediumTruck65377,N1_LRP372a,0,MediumTruck
13790,MediumTruck65384,N2_LRP093a,0,MediumTruck
13791,MediumTruck65387,N2_LRP058c,0,MediumTruck
13792,MiniBus65390,N2_LRP183d,3.0527275325855383,MiniBus
13793,MediumTruck65392,N1_LRP094a,0,MediumTruck
13794,MiniBus65393,N1_LRP372a,0,MiniBus
13795,MiniBus65393,N1_LRP371c,0,MiniBus
13796,MiniBus65393,N1_LRP371a,0,MiniBus
13797,LargeBus65394,N2_LRP095a,0,LargeBus
13798,LargeBus65394,N2_LRP096a,0,LargeBus
13799,LargeBus65395,N2_LRP186d,0,LargeBus
13800,MediumTruck65403,N2_LRP064a,0,MediumTruck
13801,MiniBus65405,N2_LRP098b,1.4895020846839961,MiniBus
13802,SmallTruck65416,N2_LRP084a,0,SmallTruck
13803,LargeBus65419,N2_LRP057b,0,LargeBus
13804,LargeBus65419,N2_LRP057a,0,LargeBus
13805,MediumTruck65425,N1_LRP382a,0,MediumTruck
13806,MediumTruck65425,N1_LRP381c,0,MediumTruck
13807,MediumTruck65425,N1_LRP381b,0,MediumTruck
13808,MediumTruck65426,N1_LRP094a,0,MediumTruck
13809,SmallTruck65427,N2_LRP206b,0,SmallTruck
13810,LargeBus65431,N1_LRP190a,0.47730736622439535,LargeBus
13811,MediumTruck65441,N1_LRP386c,0,MediumTruck
13812,MediumTruck65441,N1_LRP386a,0,MediumTruck
13813,MediumTruck65441,N1_LRP385g,0,MediumTruck
13814,MiniBus65442,N2_LRP084a,0,MiniBus
13815,MediumTruck65456,N1_LRP077a,0,MediumTruck
13816,MediumTruck65457,N1_LRP390a,0,MediumTruck
13817,MediumTruck65474,N2_LRP072a,0,MediumTruck
13818,SmallTruck65475,N2_LRP216b,0,SmallTruck
13819,SmallTruck65477,N102_LRP009a,0,SmallTruck
13820,MediumTruck65481,N1_LRP036c,0,MediumTruck
13821,SmallTruck65483,N2_LRP153b,0,SmallTruck
13822,SmallTruck65485,N2_LRP126d,0,SmallTruck
13823,SmallTruck65485,N2_LRP126c,0,SmallTruck
13824,SmallTruck65485,N2_LRP126b,0,SmallTruck
13825,LargeBus65495,N1_LRP118d,0,LargeBus
13826,MediumTruck65497,N2_LRP043d,0,MediumTruck
13827,MediumTruck65497,N2_LRP044a,0,MediumTruck
13828,HeavyTruck65506,N2_LRP064a,0,HeavyTruck
13829,SmallTruck65510,N1_LRP083a,0,SmallTruck
13830,MiniBus65515,N2_LRP151a,0,MiniBus
13831,MiniBus65515,N2_LRP151b,0,MiniBus
13832,SmallTruck65517,N2_LRP134c,0,SmallTruck
13833,SmallTruck65517,N2_LRP134b,0,SmallTruck
13834,SmallTruck65519,N2_LRP170e,0,SmallTruck
13835,SmallTruck65519,N2_LRP170c,0,SmallTruck
13836,SmallTruck65532,N2_LRP090a,0,SmallTruck
13837,MediumTruck65533,N2_LRP139b,0,MediumTruck
13838,MediumTruck65533,N2_LRP139a,0,MediumTruck
13839,MediumTruck65535,N2_LRP172d,0,MediumTruck
13840,MediumTruck65535,N2_LRP172c,0,MediumTruck
13841,MediumTruck65536,N2_LRP048a,0,MediumTruck
13842,MediumTruck65537,N1_LRP412a,0,MediumTruck
13843,MediumTruck65537,N1_LRP411b,0,MediumTruck
13844,MediumTruck65538,N2_LRP055b,0,MediumTruck
13845,MediumTruck65538,N2_LRP056a,0,MediumTruck
13846,SmallTruck65539,N2_LRP230e,0,SmallTruck
13847,MediumTruck65551,N2_LRP176e,0,MediumTruck
13848,MediumTruck65551,N2_LRP176d,0,MediumTruck
13849,MediumTruck65551,N2_LRP176c,0,MediumTruck
13850,MediumTruck65551,N2_LRP176b,0,MediumTruck
13851,SmallTruck65552,N2_LRP043d,0,SmallTruck
13852,SmallTruck65552,N2_LRP044a,0,SmallTruck
13853,SmallTruck65553,N1_LRP412a,0,SmallTruck
13854,SmallTruck65553,N1_LRP411b,0,SmallTruck
13855,MiniBus65567,N2_LRP285a,0,MiniBus
13856,MiniBus65567,N2_LRP285c,0,MiniBus
13857,LargeBus65570,N2_LRP052a,0,LargeBus
13858,MediumTruck65571,N2_LRP239a,0,MediumTruck
13859,MediumTruck65571,N2_LRP238c,0,MediumTruck
13860,SmallTruck65573,N102_LRP034b,0,SmallTruck
13861,MediumTruck65578,N2_LRP072a,0,MediumTruck
13862,MiniBus65585,N1_LRP415c,0.2998523554982727,MiniBus
13863,MediumTruck65587,N2_LRP243a,0,MediumTruck
13864,MediumTruck65589,N102_LRP038b,0,MediumTruck
13865,MediumTruck65589,N102_LRP037d,0,MediumTruck
13866,MediumTruck65602,N2_LRP040b,0,MediumTruck
13867,MiniBus65603,N2_LRP243a,0,MiniBus
13868,MediumTruck65608,N105_LRP041c,0,MediumTruck
13869,MediumTruck65612,N2_LRP183c,0,MediumTruck
13870,MediumTruck65612,N2_LRP183d,4.052727532585538,MediumTruck
13871,LargeBus65618,N2_LRP040a,0,LargeBus
13872,LargeBus65618,N2_LRP040b,0,LargeBus
13873,SmallTruck65620,N1_LRP119a,0,SmallTruck
13874,MediumTruck65624,N2_LRP035b,0,MediumTruck
13875,MediumTruck65627,N2_LRP118e,0,MediumTruck
13876,MediumTruck65627,N2_LRP118g,0,MediumTruck
13877,MediumTruck65633,N1_LRP429c,0,MediumTruck
13878,MediumTruck65633,N1_LRP429b,0,MediumTruck
13879,MediumTruck65633,N1_LRP429a,0,MediumTruck
13880,MediumTruck65640,N105_LRP032b,0,MediumTruck
13881,MediumTruck65640,N105_LRP032c,0,MediumTruck
13882,MediumTruck65642,N2_LRP147a,0,MediumTruck
13883,MediumTruck65642,N2_LRP147b,0,MediumTruck
13884,LargeBus65649,N1_LRP430b,0,LargeBus
13885,LargeBus65649,N1_LRP430a,0,LargeBus
13886,LargeBus65649,N1_LRP429f,0,LargeBus
13887,MediumTruck65657,N105_LRP020c,0,MediumTruck
13888,MediumTruck65665,N1_LRP435c,0,MediumTruck
13889,MediumTruck65666,N1_LRP033a,0,MediumTruck
13890,MediumTruck65666,N1_LRP033b,0,MediumTruck
13891,HeavyTruck65669,N102_LRP058a,0,HeavyTruck
13892,SmallTruck65673,N105_LRP024c,0,SmallTruck
13893,LargeBus65676,N2_LRP171d,0,LargeBus
13894,LargeBus65676,N2_LRP171e,0,LargeBus
13895,LargeBus65676,N2_LRP171f,0.057390162982481084,LargeBus
13896,LargeBus65677,N2_LRP171d,0,LargeBus
13897,LargeBus65677,N2_LRP170j,0,LargeBus
13898,LargeBus65677,N2_LRP170i,0,LargeBus
13899,LargeBus65677,N2_LRP170h,0,LargeBus
13900,LargeBus65677,N2_LRP170g,0,LargeBus
13901,LargeBus65677,N2_LRP170f,0.12705762462374554,LargeBus
13902,MiniBus65678,N208_LRP027b,0,MiniBus
13903,MiniBus65678,N208_LRP027d,0,MiniBus
13904,MediumTruck65679,N208_LRP034d,0,MediumTruck
13905,MediumTruck65679,N208_LRP034c,0,MediumTruck
13906,MediumTruck65680,N1_LRP020a,0,MediumTruck
13907,LargeBus65681,N1_LRP438a,0,LargeBus
13908,MediumTruck65685,N102_LRP062c,0,MediumTruck
13909,MediumTruck65685,N102_LRP062b,0,MediumTruck
13910,MediumTruck65692,N2_LRP130a,0,MediumTruck
13911,MediumTruck65692,N2_LRP129c,0,MediumTruck
13912,SmallTruck65697,N1_LRP443d,0,SmallTruck
13913,SmallTruck65697,N1_LRP443c,0,SmallTruck
13914,LargeBus65707,N204_LRP020b,0,LargeBus
13915,MediumTruck65708,N2_LRP132c,0,MediumTruck
13916,SmallTruck65709,N2_LRP178a,0,SmallTruck
13917,MediumTruck65713,N1_LRP447c,0,MediumTruck
13918,LargeBus65715,N2_LRP274e,0,LargeBus
13919,MediumTruck65722,N2_LRP128b,0,MediumTruck
13920,MediumTruck65722,N2_LRP129a,0,MediumTruck
13921,SmallTruck65724,N2_LRP138a,0,SmallTruck
13922,SmallTruck65725,N2_LRP183c,0,SmallTruck
13923,MediumTruck65726,N208_LRP011b,0,MediumTruck
13924,MediumTruck65729,N1_LRP451b,0,MediumTruck
13925,MediumTruck65729,N1_LRP450e,0.0005936019890962908,MediumTruck
13926,LargeBus65745,N1_LRP455a,0,LargeBus
13927,LargeBus65747,N2_LRP283b,0,LargeBus
13928,MediumTruck65752,N105_LRP003a,0,MediumTruck
13929,MiniBus65280,N1_LRP136a,0,MiniBus
13930,SmallTruck65281,N1_LRP347b,0,SmallTruck
13931,SmallTruck65281,N1_LRP347a,0,SmallTruck
13932,MediumTruck65282,N2_LRP119c,0,MediumTruck
13933,MediumTruck65282,N2_LRP120a,0,MediumTruck
13934,MiniBus65295,N2_LRP106b,0,MiniBus
13935,MiniBus65295,N2_LRP106a,0,MiniBus
13936,LargeBus65298,N2_LRP125b,0,LargeBus
13937,LargeBus65298,N2_LRP125c,0,LargeBus
13938,LargeBus65298,N2_LRP125d,0,LargeBus
13939,LargeBus65298,N2_LRP126a,0,LargeBus
13940,LargeBus65299,N2_LRP163d,0,LargeBus
13941,LargeBus65299,N2_LRP163c,0,LargeBus
13942,LargeBus65299,N2_LRP163b,0,LargeBus
13943,LargeBus65308,N2_LRP025a,0,LargeBus
13944,LargeBus65308,N2_LRP024b,0,LargeBus
13945,LargeBus65313,N1_LRP349a,0,LargeBus
13946,MediumTruck65321,N2_LRP087a,0,MediumTruck
13947,MediumTruck65325,N2_LRP086a,0,MediumTruck
13948,MediumTruck65326,N2_LRP177a,0,MediumTruck
13949,SmallTruck65329,N1_LRP357f,0,SmallTruck
13950,SmallTruck65329,N1_LRP357d,0,SmallTruck
13951,MediumTruck65335,N1_LRP083a,0,MediumTruck
13952,MediumTruck65336,N2_LRP103c,0,MediumTruck
13953,MediumTruck65341,N2_LRP093a,0,MediumTruck
13954,MediumTruck65342,N2_LRP181c,0,MediumTruck
13955,MediumTruck65353,N2_LRP079d,0,MediumTruck
13956,MediumTruck65356,N2_LRP044c,0,MediumTruck
13957,MediumTruck65358,N2_LRP184c,0,MediumTruck
13958,MiniBus65361,N1_LRP360c,0,MiniBus
13959,MediumTruck65362,N2_LRP098b,2.489502084683996,MediumTruck
13960,LargeBus65363,N2_LRP182b,0,LargeBus
13961,LargeBus65363,N2_LRP182a,0,LargeBus
13962,LargeBus65366,N1_LRP035a,0,LargeBus
13963,LargeBus65376,N1_LRP109a,0,LargeBus
13964,MediumTruck65377,N1_LRP371c,0,MediumTruck
13965,MediumTruck65377,N1_LRP371a,0,MediumTruck
13966,MiniBus65393,N1_LRP370e,0,MiniBus
13967,LargeBus65394,N2_LRP096c,0,LargeBus
13968,LargeBus65394,N2_LRP097a,0,LargeBus
13969,LargeBus65395,N2_LRP186c,0,LargeBus
13970,LargeBus65395,N2_LRP186b,0.6085404924548037,LargeBus
13971,MediumTruck65404,N2_LRP061a,0,MediumTruck
13972,LargeBus65407,N2_LRP135b,0,LargeBus
13973,LargeBus65407,N2_LRP135a,0,LargeBus
13974,MediumTruck65409,N1_LRP377f,0,MediumTruck
13975,MediumTruck65410,N2_LRP086a,0,MediumTruck
13976,LargeBus65419,N2_LRP056a,0,LargeBus
13977,MediumTruck65436,N2_LRP066a,0,MediumTruck
13978,MediumTruck65445,N102_LRPSc,0,MediumTruck
13979,MediumTruck65457,N1_LRP389d,0,MediumTruck
13980,MediumTruck65465,N2_LRP052a,0,MediumTruck
13981,SmallTruck65475,N2_LRP216a,0,SmallTruck
13982,SmallTruck65483,N2_LRP154c,0,SmallTruck
13983,SmallTruck65485,N2_LRP126a,0,SmallTruck
13984,SmallTruck65485,N2_LRP125d,0,SmallTruck
13985,SmallTruck65485,N2_LRP125c,0,SmallTruck
13986,SmallTruck65485,N2_LRP125b,0,SmallTruck
13987,HeavyTruck65491,N2_LRP219a,0,HeavyTruck
13988,MediumTruck65497,N2_LRP044c,0,MediumTruck
13989,MiniBus65500,N2_LRP074a,0,MiniBus
13990,MiniBus65502,N2_LRP211c,0,MiniBus
13991,MiniBus65502,N2_LRP211b,0,MiniBus
13992,HeavyTruck65506,N2_LRP064b,0,HeavyTruck
13993,SmallTruck65508,N102_LRP065a,0,SmallTruck
13994,MiniBus65515,N2_LRP152a,0,MiniBus
13995,MiniBus65515,N2_LRP152b,0,MiniBus
13996,MiniBus65515,N2_LRP152c,0,MiniBus
13997,MediumTruck65516,N207_LRP066b,0,MediumTruck
13998,SmallTruck65517,N2_LRP133a,0,SmallTruck
13999,SmallTruck65519,N2_LRP170b,0,SmallTruck
14000,SmallTruck65519,N2_LRP170a,0,SmallTruck
14001,SmallTruck65519,N2_LRP169f,0,SmallTruck
14002,SmallTruck65519,N2_LRP169e,0,SmallTruck
14003,SmallTruck65519,N2_LRP169d,0,SmallTruck
14004,SmallTruck65519,N2_LRP169c,0,SmallTruck
14005,SmallTruck65522,N2_LRP060c,0,SmallTruck
14006,SmallTruck65522,N2_LRP061a,0,SmallTruck
14007,MediumTruck65523,N2_LRP226d,0,MediumTruck
14008,MediumTruck65523,N2_LRP226c,0,MediumTruck
14009,LargeBus65525,N102_LRP015a,0,LargeBus
14010,MediumTruck65533,N2_LRP138b,0,MediumTruck
14011,MediumTruck65535,N2_LRP171f,0.15413858890152182,MediumTruck
14012,MediumTruck65536,N2_LRP048b,0,MediumTruck
14013,MediumTruck65537,N1_LRP411a,0,MediumTruck
14014,MediumTruck65538,N2_LRP057a,0,MediumTruck
14015,SmallTruck65539,N2_LRP230c,0,SmallTruck
14016,MediumTruck65551,N2_LRP175f,0,MediumTruck
14017,MediumTruck65551,N2_LRP175e,0,MediumTruck
14018,MediumTruck65551,N2_LRP175d,0,MediumTruck
14019,MediumTruck65551,N2_LRP175c,0,MediumTruck
14020,SmallTruck65552,N2_LRP044c,0,SmallTruck
14021,SmallTruck65553,N1_LRP411a,0,SmallTruck
14022,MediumTruck65569,N1_LRP417b,0,MediumTruck
14023,MediumTruck65569,N1_LRP416e,0,MediumTruck
14024,MediumTruck65569,N1_LRP416d,0,MediumTruck
14025,LargeBus65570,N2_LRP053a,0,LargeBus
14026,LargeBus65570,N2_LRP054a,0,LargeBus
14027,SmallTruck65573,N102_LRP033c,0,SmallTruck
14028,LargeBus65574,N1_LRP094a,0,LargeBus
14029,SmallTruck65577,N1_LRP012a,0,SmallTruck
14030,SmallTruck65577,N1_LRP012b,0,SmallTruck
14031,SmallTruck65579,N2_LRP132a,0,SmallTruck
14032,SmallTruck65579,N2_LRP132b,0,SmallTruck
14033,MediumTruck65586,N2_LRP043d,0,MediumTruck
14034,MediumTruck65586,N2_LRP044a,0,MediumTruck
14035,MediumTruck65587,N2_LRP242a,0,MediumTruck
14036,MediumTruck65588,N102_LRP045a,0,MediumTruck
14037,MediumTruck65589,N102_LRP037c,0,MediumTruck
14038,MediumTruck65593,N2_LRP021a,0,MediumTruck
14039,MediumTruck65601,N1_LRP423d,0,MediumTruck
14040,MediumTruck65601,N1_LRP423c,0,MediumTruck
14041,MediumTruck65601,N1_LRP423b,0.18353894644803292,MediumTruck
14042,MediumTruck65602,N2_LRP041b,0,MediumTruck
14043,MediumTruck65602,N2_LRP042a,0,MediumTruck
14044,MiniBus65603,N2_LRP242a,0,MiniBus
14045,LargeBus65604,N102_LRP045a,0,LargeBus
14046,MediumTruck65606,N1_LRP107a,0,MediumTruck
14047,LargeBus65618,N2_LRP041b,0,LargeBus
14048,MediumTruck65627,N2_LRP119c,0,MediumTruck
14049,MediumTruck65627,N2_LRP120a,0,MediumTruck
14050,MediumTruck65633,N1_LRP428d,0,MediumTruck
14051,MediumTruck65633,N1_LRP428c,0,MediumTruck
14052,MediumTruck65633,N1_LRP428b,0,MediumTruck
14053,MediumTruck65633,N1_LRP428a,0,MediumTruck
14054,MediumTruck65642,N2_LRP147d,0,MediumTruck
14055,MediumTruck65642,N2_LRP148b,0,MediumTruck
14056,MediumTruck65645,N2_LRP224b,0,MediumTruck
14057,LargeBus65649,N1_LRP429c,0,LargeBus
14058,LargeBus65649,N1_LRP429b,0,LargeBus
14059,LargeBus65649,N1_LRP429a,0,LargeBus
14060,LargeBus65649,N1_LRP428d,0,LargeBus
14061,LargeBus65649,N1_LRP428c,0,LargeBus
14062,SmallTruck65654,N1_LRP119a,0,SmallTruck
14063,MediumTruck65658,N2_LRP090a,0,MediumTruck
14064,MediumTruck65661,N2_LRP219a,0,MediumTruck
14065,MiniBus65662,N208_LRP031d,0,MiniBus
14066,MediumTruck65666,N1_LRP034a,0,MediumTruck
14067,LargeBus65677,N2_LRP170e,0,LargeBus
14068,LargeBus65677,N2_LRP170c,0,LargeBus
14069,MiniBus65678,N208_LRP027f,0,MiniBus
14070,LargeBus65681,N1_LRP437b,0,LargeBus
14071,LargeBus65681,N1_LRP437a,0,LargeBus
14072,MediumTruck65682,N2_LRP021a,0,MediumTruck
14073,LargeBus65683,N2_LRP264a,0,LargeBus
14074,MediumTruck65686,N1_LRP127a,0,MediumTruck
14075,MediumTruck65692,N2_LRP129b,0,MediumTruck
14076,MediumTruck65692,N2_LRP129a,0,MediumTruck
14077,MediumTruck65692,N2_LRP128b,0,MediumTruck
14078,LargeBus65693,N2_LRP214b,0.19633236094470155,LargeBus
14079,MiniBus65698,N2_LRP018a,0,MiniBus
14080,SmallTruck65701,N102_LRP065a,0,SmallTruck
14081,MediumTruck65705,N105_LRP032c,0,MediumTruck
14082,MediumTruck65705,N105_LRP032b,0,MediumTruck
14083,MediumTruck65708,N2_LRP132b,0,MediumTruck
14084,MediumTruck65708,N2_LRP132a,0,MediumTruck
14085,SmallTruck65709,N2_LRP177a,0,SmallTruck
14086,SmallTruck65712,N1_LRP012a,0,SmallTruck
14087,SmallTruck65712,N1_LRP012b,0,SmallTruck
14088,MediumTruck65713,N1_LRP447b,0,MediumTruck
14089,MediumTruck65713,N1_LRP447a,0,MediumTruck
14090,MediumTruck65713,N1_LRP446d,0,MediumTruck
14091,MediumTruck65713,N1_LRP446b,0,MediumTruck
14092,LargeBus65714,N1_LRP023a,0,LargeBus
14093,MediumTruck65720,N2_LRP012c,0,MediumTruck
14094,MiniBus65721,N105_LRP035d,0,MiniBus
14095,MediumTruck65722,N2_LRP129b,0,MediumTruck
14096,MediumTruck65722,N2_LRP129c,0,MediumTruck
14097,MediumTruck65722,N2_LRP130a,0,MediumTruck
14098,SmallTruck65725,N2_LRP183a,0,SmallTruck
14099,SmallTruck65725,N2_LRP182d,0,SmallTruck
14100,SmallTruck65727,N2_LRP216b,0,SmallTruck
14101,MediumTruck65729,N1_LRP450c,0,MediumTruck
14102,MediumTruck65737,N105_LRP041c,0,MediumTruck
14103,MiniBus65738,N2_LRP108a,0,MiniBus
14104,SmallTruck65740,N207_LRP008c,0,SmallTruck
14105,MediumTruck65758,N208_LRP004c,0,MediumTruck
14106,MiniBus65766,N104_LRPSa,0,MiniBus
14107,MediumTruck65282,N2_LRP121a,0,MediumTruck
14108,LargeBus65296,N1_LRP131b,0,LargeBus
14109,MediumTruck65297,N1_LRP351a,0,MediumTruck
14110,LargeBus65298,N2_LRP126b,0,LargeBus
14111,LargeBus65298,N2_LRP126c,0,LargeBus
14112,LargeBus65298,N2_LRP126d,0,LargeBus
14113,LargeBus65299,N2_LRP163a,0,LargeBus
14114,LargeBus65299,N2_LRP162e,0,LargeBus
14115,LargeBus65299,N2_LRP162d,0,LargeBus
14116,LargeBus65299,N2_LRP162c,0,LargeBus
14117,SmallTruck65304,N1_LRP131b,0,SmallTruck
14118,LargeBus65313,N1_LRP348b,0,LargeBus
14119,MediumTruck65326,N2_LRP176e,0,MediumTruck
14120,MediumTruck65326,N2_LRP176d,0,MediumTruck
14121,MediumTruck65326,N2_LRP176c,0,MediumTruck
14122,MediumTruck65326,N2_LRP176b,0,MediumTruck
14123,LargeBus65328,N2_LRP106a,0,LargeBus
14124,SmallTruck65329,N1_LRP357c,0,SmallTruck
14125,SmallTruck65329,N1_LRP357a,0,SmallTruck
14126,SmallTruck65331,N2_LRP183c,0,SmallTruck
14127,MediumTruck65334,N1_LRP036c,0,MediumTruck
14128,MediumTruck65336,N2_LRP104a,0,MediumTruck
14129,MediumTruck65337,N2_LRP084a,0,MediumTruck
14130,MediumTruck65342,N2_LRP180c,0,MediumTruck
14131,HeavyTruck65352,N102_LRP036b,0,HeavyTruck
14132,HeavyTruck65352,N102_LRP036d,0,HeavyTruck
14133,MediumTruck65353,N2_LRP081a,0,MediumTruck
14134,MediumTruck65356,N2_LRP044a,0,MediumTruck
14135,MediumTruck65358,N2_LRP183d,4.052727532585538,MediumTruck
14136,MiniBus65361,N1_LRP360a,0,MiniBus
14137,LargeBus65363,N2_LRP181c,0,LargeBus
14138,LargeBus65366,N1_LRP034a,0,LargeBus
14139,SmallTruck65372,N2_LRP048b,0,SmallTruck
14140,SmallTruck65373,N2_LRP097a,0,SmallTruck
14141,MediumTruck65377,N1_LRP370e,0,MediumTruck
14142,MediumTruck65387,N2_LRP057b,0,MediumTruck
14143,MediumTruck65387,N2_LRP057a,0,MediumTruck
14144,MiniBus65393,N1_LRP370c,0,MiniBus
14145,MiniBus65393,N1_LRP370a,0,MiniBus
14146,MiniBus65393,N1_LRP369c,0,MiniBus
14147,LargeBus65394,N2_LRP098b,2.489502084683996,LargeBus
14148,MediumTruck65404,N2_LRP060c,0,MediumTruck
14149,LargeBus65407,N2_LRP134c,0,LargeBus
14150,MediumTruck65409,N1_LRP377d,0,MediumTruck
14151,MediumTruck65409,N1_LRP377c,0,MediumTruck
14152,MediumTruck65409,N1_LRP377a,0,MediumTruck
14153,MediumTruck65410,N2_LRP087a,0,MediumTruck
14154,SmallTruck65416,N2_LRP086a,0,SmallTruck
14155,LargeBus65419,N2_LRP055b,0,LargeBus
14156,MediumTruck65425,N1_LRP380c,0,MediumTruck
14157,MediumTruck65425,N1_LRP380a,0,MediumTruck
14158,SmallTruck65430,N1_LRP224a,0,SmallTruck
14159,LargeBus65431,N1_LRP191a,0,LargeBus
14160,LargeBus65431,N1_LRP191b,0,LargeBus
14161,LargeBus65434,N2_LRP025b,0,LargeBus
14162,MediumTruck65440,N1_LRP083a,0,MediumTruck
14163,MediumTruck65440,N1_LRP083b,0,MediumTruck
14164,MediumTruck65441,N1_LRP384a,0,MediumTruck
14165,MiniBus65442,N2_LRP086a,0,MiniBus
14166,SmallTruck65443,N2_LRP207b,0,SmallTruck
14167,MediumTruck65457,N1_LRP389b,0.10502632812052115,MediumTruck
14168,MediumTruck65465,N2_LRP053a,0,MediumTruck
14169,MediumTruck65474,N2_LRP073b,0,MediumTruck
14170,MediumTruck65474,N2_LRP073c,0,MediumTruck
14171,SmallTruck65483,N2_LRP155a,0,SmallTruck
14172,SmallTruck65485,N2_LRP125a,0,SmallTruck
14173,SmallTruck65485,N2_LRP124c,0,SmallTruck
14174,MediumTruck65489,N1_LRP398a,0,MediumTruck
14175,SmallTruck65490,N2_LRP069c,0,SmallTruck
14176,SmallTruck65490,N2_LRP069e,0,SmallTruck
14177,SmallTruck65490,N2_LRP070a,0,SmallTruck
14178,MediumTruck65497,N2_LRP045b,0,MediumTruck
14179,MiniBus65500,N2_LRP073g,0,MiniBus
14180,MiniBus65500,N2_LRP073c,0,MiniBus
14181,MiniBus65500,N2_LRP073b,0,MiniBus
14182,LargeBus65505,N1_LRP398a,0,LargeBus
14183,LargeBus65507,N2_LRP216b,0,LargeBus
14184,LargeBus65509,N102_LRP009a,0,LargeBus
14185,SmallTruck65511,N1_LRP127a,0,SmallTruck
14186,MiniBus65515,N2_LRP152d,0,MiniBus
14187,MiniBus65515,N2_LRP153a,0,MiniBus
14188,MiniBus65515,N2_LRP153b,0,MiniBus
14189,SmallTruck65517,N2_LRP132c,0,SmallTruck
14190,SmallTruck65519,N2_LRP169b,0,SmallTruck
14191,MediumTruck65533,N2_LRP138a,0,MediumTruck
14192,MediumTruck65535,N2_LRP171e,0,MediumTruck
14193,MediumTruck65537,N1_LRP410c,0.16087142432719995,MediumTruck
14194,MediumTruck65538,N2_LRP057b,0,MediumTruck
14195,SmallTruck65539,N2_LRP229c,0,SmallTruck
14196,SmallTruck65552,N2_LRP045b,0,SmallTruck
14197,SmallTruck65553,N1_LRP410c,0.34042491079543274,SmallTruck
14198,LargeBus65556,N1_LRP023a,0,LargeBus
14199,SmallTruck65563,N2_LRP098b,3.489502084683996,SmallTruck
14200,MediumTruck65569,N1_LRP415c,6.286267394389739,MediumTruck
14201,LargeBus65570,N2_LRP054b,0,LargeBus
14202,SmallTruck65577,N1_LRP014a,0,SmallTruck
14203,MediumTruck65578,N2_LRP070c,0,MediumTruck
14204,SmallTruck65579,N2_LRP132c,0,SmallTruck
14205,LargeBus65581,N2_LRP141b,0,LargeBus
14206,MiniBus65585,N1_LRP414a,0,MiniBus
14207,MediumTruck65586,N2_LRP044c,0,MediumTruck
14208,MediumTruck65587,N2_LRP241c,0,MediumTruck
14209,MediumTruck65589,N102_LRP036d,0,MediumTruck
14210,MediumTruck65589,N102_LRP036b,0,MediumTruck
14211,MediumTruck65593,N2_LRP021b,0,MediumTruck
14212,SmallTruck65598,N208_LRP046b,0,SmallTruck
14213,MiniBus65599,N2_LRP184c,0,MiniBus
14214,MiniBus65603,N2_LRP241c,0,MiniBus
14215,MediumTruck65608,N105_LRP042b,0,MediumTruck
14216,MediumTruck65616,N2_LRP029b,0,MediumTruck
14217,LargeBus65617,N1_LRP423d,0,LargeBus
14218,LargeBus65617,N1_LRP423c,0,LargeBus
14219,LargeBus65617,N1_LRP423b,0.04683020517540469,LargeBus
14220,LargeBus65618,N2_LRP042a,0,LargeBus
14221,SmallTruck65619,N2_LRP249a,0,SmallTruck
14222,SmallTruck65620,N1_LRP120b,0,SmallTruck
14223,MediumTruck65633,N1_LRP427e,0,MediumTruck
14224,MediumTruck65633,N1_LRP427d,0,MediumTruck
14225,MediumTruck65633,N1_LRP427b,0,MediumTruck
14226,LargeBus65637,N102_LRP045a,0,LargeBus
14227,MediumTruck65648,N1_LRP030a,0,MediumTruck
14228,LargeBus65649,N1_LRP428b,0,LargeBus
14229,LargeBus65649,N1_LRP428a,0,LargeBus
14230,LargeBus65649,N1_LRP427e,0,LargeBus
14231,SmallTruck65654,N1_LRP118d,0,SmallTruck
14232,SmallTruck65667,N2_LRP262a,0,SmallTruck
14233,SmallTruck65667,N2_LRP261b,0,SmallTruck
14234,SmallTruck65673,N105_LRP023c,0,SmallTruck
14235,MiniBus65674,N2_LRP093a,0,MiniBus
14236,LargeBus65676,N2_LRP172c,0,LargeBus
14237,LargeBus65676,N2_LRP172d,0,LargeBus
14238,LargeBus65677,N2_LRP170b,0,LargeBus
14239,LargeBus65677,N2_LRP170a,0,LargeBus
14240,LargeBus65677,N2_LRP169f,0,LargeBus
14241,LargeBus65677,N2_LRP169e,0,LargeBus
14242,LargeBus65677,N2_LRP169d,0,LargeBus
14243,LargeBus65677,N2_LRP169c,0,LargeBus
14244,MiniBus65678,N208_LRP028d,0,MiniBus
14245,LargeBus65681,N1_LRP436a,0,LargeBus
14246,LargeBus65681,N1_LRP435c,0,LargeBus
14247,MediumTruck65682,N2_LRP021b,0,MediumTruck
14248,MediumTruck65689,N105_LRP027c,0,MediumTruck
14249,MediumTruck65692,N2_LRP128a,0,MediumTruck
14250,MediumTruck65692,N2_LRP127c,0,MediumTruck
14251,SmallTruck65697,N1_LRP441a,0,SmallTruck
14252,HeavyTruck65700,N102_LRP017a,0,HeavyTruck
14253,SmallTruck65704,N105_LRP017c,0,SmallTruck
14254,MediumTruck65706,N204_LRP020b,0,MediumTruck
14255,SmallTruck65709,N2_LRP176e,0,SmallTruck
14256,SmallTruck65709,N2_LRP176d,0,SmallTruck
14257,SmallTruck65709,N2_LRP176c,0,SmallTruck
14258,SmallTruck65709,N2_LRP176b,0,SmallTruck
14259,SmallTruck65712,N1_LRP014a,0,SmallTruck
14260,MediumTruck65720,N2_LRP012f,0,MediumTruck
14261,MediumTruck65722,N2_LRP130b,0,MediumTruck
14262,MediumTruck65722,N2_LRP130c,0,MediumTruck
14263,SmallTruck65724,N2_LRP135b,0,SmallTruck
14264,SmallTruck65725,N2_LRP182b,0,SmallTruck
14265,SmallTruck65725,N2_LRP182a,0,SmallTruck
14266,SmallTruck65727,N2_LRP216a,0,SmallTruck
14267,MediumTruck65729,N1_LRP450a,0,MediumTruck
14268,SmallTruck65732,N102_LRP009a,0,SmallTruck
14269,MediumTruck65737,N105_LRP040c,0,MediumTruck
14270,MediumTruck65744,N1_LRP004b,0,MediumTruck
14271,MediumTruck65751,N104_LRP044d,0,MediumTruck
14272,SmallTruck65759,N2_LRP224b,0,SmallTruck
14273,MediumTruck65765,N102_LRP082a,0,MediumTruck
14274,MiniBus65280,N1_LRP137a,0,MiniBus
14275,MediumTruck65282,N2_LRP121c,0,MediumTruck
14276,MiniBus65295,N2_LRP104a,0,MiniBus
14277,MediumTruck65297,N1_LRP350a,0,MediumTruck
14278,LargeBus65298,N2_LRP127b,0,LargeBus
14279,LargeBus65298,N2_LRP127c,0,LargeBus
14280,LargeBus65299,N2_LRP162a,0.0725299486243948,LargeBus
14281,MiniBus65311,N2_LRP108a,0,MiniBus
14282,LargeBus65313,N1_LRP348a,0,LargeBus
14283,LargeBus65313,N1_LRP347b,0,LargeBus
14284,SmallTruck65323,N2_LRP042a,0,SmallTruck
14285,MediumTruck65326,N2_LRP175f,0,MediumTruck
14286,MediumTruck65326,N2_LRP175e,0,MediumTruck
14287,MediumTruck65326,N2_LRP175d,0,MediumTruck
14288,MediumTruck65326,N2_LRP175c,0,MediumTruck
14289,LargeBus65328,N2_LRP106b,0,LargeBus
14290,SmallTruck65331,N2_LRP183a,0,SmallTruck
14291,SmallTruck65331,N2_LRP182d,0,SmallTruck
14292,MediumTruck65334,N1_LRP035a,0,MediumTruck
14293,MediumTruck65341,N2_LRP092b,0,MediumTruck
14294,MediumTruck65341,N2_LRP092a,0,MediumTruck
14295,MediumTruck65341,N2_LRP091b,0,MediumTruck
14296,MediumTruck65342,N2_LRP180a,0,MediumTruck
14297,MediumTruck65345,N1_LRP360c,0,MediumTruck
14298,MediumTruck65345,N1_LRP360a,0,MediumTruck
14299,HeavyTruck65352,N102_LRP037c,0,HeavyTruck
14300,MediumTruck65353,N2_LRP081b,0,MediumTruck
14301,MediumTruck65356,N2_LRP043d,0,MediumTruck
14302,MiniBus65361,N1_LRP359b,0,MiniBus
14303,MiniBus65361,N1_LRP359a,0,MiniBus
14304,LargeBus65363,N2_LRP180c,0,LargeBus
14305,LargeBus65363,N2_LRP180a,0,LargeBus
14306,LargeBus65366,N1_LRP033b,0,LargeBus
14307,LargeBus65366,N1_LRP033a,0,LargeBus
14308,SmallTruck65372,N2_LRP048a,0,SmallTruck
14309,SmallTruck65372,N2_LRP047c,0,SmallTruck
14310,SmallTruck65373,N2_LRP096c,0,SmallTruck
14311,MediumTruck65377,N1_LRP370c,0,MediumTruck
14312,MediumTruck65377,N1_LRP370a,0,MediumTruck
14313,MediumTruck65377,N1_LRP369c,0,MediumTruck
14314,MediumTruck65380,N2_LRP029b,0,MediumTruck
14315,MediumTruck65384,N2_LRP095a,0,MediumTruck
14316,MediumTruck65387,N2_LRP056a,0,MediumTruck
14317,MiniBus65393,N1_LRP369b,0,MiniBus
14318,MiniBus65393,N1_LRP369a,0,MiniBus
14319,MediumTruck65402,N2_LRP025b,0,MediumTruck
14320,MediumTruck65404,N2_LRP059a,0,MediumTruck
14321,MiniBus65405,N2_LRP097a,0,MiniBus
14322,LargeBus65407,N2_LRP134b,0,LargeBus
14323,LargeBus65407,N2_LRP133a,0,LargeBus
14324,MediumTruck65409,N1_LRP376a,0,MediumTruck
14325,SmallTruck65416,N2_LRP087a,0,SmallTruck
14326,MiniBus65418,N2_LRP021b,0,MiniBus
14327,LargeBus65419,N2_LRP054b,0,LargeBus
14328,LargeBus65422,N2_LRP188a,0,LargeBus
14329,MediumTruck65429,N1_LRP077a,0,MediumTruck
14330,SmallTruck65430,N1_LRP226a,0,SmallTruck
14331,LargeBus65434,N2_LRP025a,0,LargeBus
14332,LargeBus65434,N2_LRP024b,0,LargeBus
14333,MediumTruck65436,N2_LRP064b,0,MediumTruck
14334,MediumTruck65436,N2_LRP064a,0,MediumTruck
14335,MediumTruck65441,N1_LRP383b,0,MediumTruck
14336,MiniBus65442,N2_LRP087a,0,MiniBus
14337,MediumTruck65446,N1_LRP064c,0,MediumTruck
14338,MediumTruck65457,N1_LRP389a,0,MediumTruck
14339,MediumTruck65462,N1_LRP068a,0,MediumTruck
14340,MediumTruck65465,N2_LRP054a,0,MediumTruck
14341,MediumTruck65474,N2_LRP073g,0,MediumTruck
14342,SmallTruck65475,N2_LRP214b,0.13893938159542413,SmallTruck
14343,SmallTruck65483,N2_LRP156a,0,SmallTruck
14344,SmallTruck65485,N2_LRP123e,0,SmallTruck
14345,SmallTruck65485,N2_LRP123d,0,SmallTruck
14346,SmallTruck65490,N2_LRP070c,0,SmallTruck
14347,HeavyTruck65506,N2_LRP066a,0,HeavyTruck
14348,LargeBus65507,N2_LRP216a,0,LargeBus
14349,MediumTruck65513,N1_LRP030a,0,MediumTruck
14350,MiniBus65515,N2_LRP154c,0,MiniBus
14351,SmallTruck65517,N2_LRP132b,0,SmallTruck
14352,SmallTruck65517,N2_LRP132a,0,SmallTruck
14353,SmallTruck65519,N2_LRP168c,0,SmallTruck
14354,SmallTruck65519,N2_LRP168a,0,SmallTruck
14355,MediumTruck65523,N2_LRP225c,0.12698216583977096,MediumTruck
14356,SmallTruck65532,N2_LRP087a,0,SmallTruck
14357,MediumTruck65535,N2_LRP171d,0,MediumTruck
14358,MediumTruck65535,N2_LRP170j,0,MediumTruck
14359,MediumTruck65535,N2_LRP170i,0,MediumTruck
14360,MediumTruck65535,N2_LRP170h,0,MediumTruck
14361,MediumTruck65535,N2_LRP170g,0,MediumTruck
14362,MediumTruck65535,N2_LRP170f,0.07442650441905084,MediumTruck
14363,MediumTruck65536,N2_LRP050a,0,MediumTruck
14364,MediumTruck65537,N1_LRP410b,0,MediumTruck
14365,SmallTruck65539,N2_LRP229a,0.1714746087735046,SmallTruck
14366,SmallTruck65540,N1_LRP023a,0,SmallTruck
14367,LargeBus65542,N1_LRP083b,0,LargeBus
14368,LargeBus65542,N1_LRP083a,0,LargeBus
14369,SmallTruck65553,N1_LRP410b,0,SmallTruck
14370,MediumTruck65554,N1_LRP064c,0,MediumTruck
14371,LargeBus65557,N102_LRP022a,0,LargeBus
14372,MediumTruck65566,N208_LRP055a,0,MediumTruck
14373,MediumTruck65568,N1_LRP051a,0,MediumTruck
14374,LargeBus65570,N2_LRP055b,0,LargeBus
14375,MediumTruck65571,N2_LRP236c,0,MediumTruck
14376,MediumTruck65578,N2_LRP070a,0,MediumTruck
14377,MediumTruck65578,N2_LRP069e,0,MediumTruck
14378,MediumTruck65578,N2_LRP069c,0,MediumTruck
14379,SmallTruck65579,N2_LRP133a,0,SmallTruck
14380,LargeBus65581,N2_LRP141a,0,LargeBus
14381,MiniBus65582,N208_LRP055a,0,MiniBus
14382,MediumTruck65586,N2_LRP045b,0,MediumTruck
14383,MiniBus65599,N2_LRP183d,4.052727532585538,MiniBus
14384,MediumTruck65601,N1_LRP422b,0,MediumTruck
14385,MediumTruck65601,N1_LRP421f,0,MediumTruck
14386,MediumTruck65602,N2_LRP043a,2.3224566894796714,MediumTruck
14387,MediumTruck65606,N1_LRP105a,0,MediumTruck
14388,MiniBus65614,N208_LRP046b,0,MiniBus
14389,LargeBus65618,N2_LRP043a,3.3224566894796714,LargeBus
14390,MediumTruck65627,N2_LRP121a,0,MediumTruck
14391,MediumTruck65627,N2_LRP121c,0,MediumTruck
14392,LargeBus65632,N2_LRP029b,0,LargeBus
14393,MediumTruck65633,N1_LRP426e,0,MediumTruck
14394,MediumTruck65633,N1_LRP426d,0,MediumTruck
14395,MediumTruck65640,N105_LRP035d,0,MediumTruck
14396,MediumTruck65645,N2_LRP225c,1.126982165839771,MediumTruck
14397,LargeBus65649,N1_LRP427d,0,LargeBus
14398,LargeBus65649,N1_LRP427b,0,LargeBus
14399,MediumTruck65656,N2_LRP029b,0,MediumTruck
14400,MediumTruck65661,N2_LRP221b,0,MediumTruck
14401,SmallTruck65663,N2_LRP200c,0,SmallTruck
14402,MediumTruck65664,N1_LRP026a,0,MediumTruck
14403,MediumTruck65664,N1_LRP026b,0,MediumTruck
14404,MediumTruck65665,N1_LRP433c,0,MediumTruck
14405,MediumTruck65665,N1_LRP433b,0.2093025614316045,MediumTruck
14406,MediumTruck65666,N1_LRP035a,0,MediumTruck
14407,SmallTruck65667,N2_LRP261a,0,SmallTruck
14408,SmallTruck65673,N105_LRP022c,0,SmallTruck
14409,MiniBus65674,N2_LRP092b,0,MiniBus
14410,MiniBus65674,N2_LRP092a,0,MiniBus
14411,LargeBus65677,N2_LRP169b,0,LargeBus
14412,LargeBus65677,N2_LRP168c,0,LargeBus
14413,MiniBus65678,N208_LRP029c,0,MiniBus
14414,MediumTruck65679,N208_LRP031d,0,MediumTruck
14415,MediumTruck65680,N1_LRP023a,0,MediumTruck
14416,SmallTruck65684,N102_LRP022a,0,SmallTruck
14417,MediumTruck65692,N2_LRP127b,0,MediumTruck
14418,MiniBus65698,N2_LRP021a,0,MiniBus
14419,MediumTruck65705,N105_LRP030c,0,MediumTruck
14420,MediumTruck65708,N2_LRP130c,0,MediumTruck
14421,MediumTruck65708,N2_LRP130b,0,MediumTruck
14422,SmallTruck65709,N2_LRP175f,0,SmallTruck
14423,SmallTruck65709,N2_LRP175e,0,SmallTruck
14424,SmallTruck65709,N2_LRP175d,0,SmallTruck
14425,SmallTruck65709,N2_LRP175c,0,SmallTruck
14426,MediumTruck65713,N1_LRP445d,0,MediumTruck
14427,MediumTruck65713,N1_LRP445b,0,MediumTruck
14428,SmallTruck65724,N2_LRP135a,0,SmallTruck
14429,SmallTruck65725,N2_LRP181c,0,SmallTruck
14430,MediumTruck65729,N1_LRP449d,0,MediumTruck
14431,MediumTruck65729,N1_LRP449c,0,MediumTruck
14432,MediumTruck65734,N104_LRP010a,0,MediumTruck
14433,MediumTruck65737,N105_LRP039b,0,MediumTruck
14434,MiniBus65738,N2_LRP106b,0,MiniBus
14435,MiniBus65738,N2_LRP106a,0,MiniBus
14436,MiniBus65743,N208_LRP046b,0,MiniBus
14437,LargeBus65745,N1_LRP452e,0,LargeBus
14438,LargeBus65745,N1_LRP452d,0,LargeBus
14439,LargeBus65745,N1_LRP452c,0,LargeBus
14440,LargeBus65745,N1_LRP452a,0,LargeBus
14441,MediumTruck65752,N105_LRP005c,0,MediumTruck
14442,MediumTruck65752,N105_LRP006a,0,MediumTruck
14443,MediumTruck65760,N1_LRP001a,0,MediumTruck
14444,MediumTruck65761,N1_LRP456c,0,MediumTruck
14445,LargeBus65763,N2_LRP285c,0,LargeBus
14446,LargeBus65763,N2_LRP285a,0,LargeBus
14447,MediumTruck65282,N2_LRP122b,0,MediumTruck
14448,MiniBus65295,N2_LRP103c,0,MiniBus
14449,LargeBus65296,N1_LRP134a,0,LargeBus
14450,LargeBus65298,N2_LRP128a,0,LargeBus
14451,LargeBus65298,N2_LRP128b,0,LargeBus
14452,LargeBus65299,N2_LRP161c,0,LargeBus
14453,LargeBus65299,N2_LRP161b,0,LargeBus
14454,MediumTruck65312,N2_LRP102a,0,MediumTruck
14455,LargeBus65313,N1_LRP347a,0,LargeBus
14456,MediumTruck65321,N2_LRP090a,0,MediumTruck
14457,SmallTruck65323,N2_LRP041b,0,SmallTruck
14458,MediumTruck65325,N2_LRP084a,0,MediumTruck
14459,SmallTruck65331,N2_LRP182b,0,SmallTruck
14460,SmallTruck65331,N2_LRP182a,0,SmallTruck
14461,MediumTruck65336,N2_LRP106a,0,MediumTruck
14462,MediumTruck65342,N2_LRP179a,0,MediumTruck
14463,MediumTruck65342,N2_LRP178b,0,MediumTruck
14464,SmallTruck65347,N2_LRP184c,0,SmallTruck
14465,HeavyTruck65352,N102_LRP037d,0,HeavyTruck
14466,HeavyTruck65352,N102_LRP038b,0,HeavyTruck
14467,SmallTruck65355,N2_LRP184c,0,SmallTruck
14468,MediumTruck65356,N2_LRP043a,4.322456689479671,MediumTruck
14469,MediumTruck65360,N1_LRP105a,0,MediumTruck
14470,MiniBus65361,N1_LRP358b,0,MiniBus
14471,MiniBus65361,N1_LRP358a,0,MiniBus
14472,LargeBus65363,N2_LRP179a,0,LargeBus
14473,SmallTruck65372,N2_LRP047a,0,SmallTruck
14474,SmallTruck65372,N2_LRP046c,0,SmallTruck
14475,SmallTruck65373,N2_LRP096a,0,SmallTruck
14476,SmallTruck65373,N2_LRP095a,0,SmallTruck
14477,LargeBus65376,N1_LRP111a,0,LargeBus
14478,MediumTruck65377,N1_LRP369b,0,MediumTruck
14479,MediumTruck65377,N1_LRP369a,0,MediumTruck
14480,MediumTruck65384,N2_LRP096a,0,MediumTruck
14481,MediumTruck65384,N2_LRP096c,0,MediumTruck
14482,MediumTruck65387,N2_LRP055b,0,MediumTruck
14483,MiniBus65390,N2_LRP183c,0,MiniBus
14484,MiniBus65393,N1_LRP368a,0.018981336073976614,MiniBus
14485,LargeBus65395,N2_LRP184c,0,LargeBus
14486,MediumTruck65402,N2_LRP025a,0,MediumTruck
14487,MediumTruck65402,N2_LRP024b,0,MediumTruck
14488,MediumTruck65403,N2_LRP061a,0,MediumTruck
14489,MediumTruck65404,N2_LRP058c,0,MediumTruck
14490,MiniBus65405,N2_LRP096c,0,MiniBus
14491,MiniBus65405,N2_LRP096a,0,MiniBus
14492,MediumTruck65409,N1_LRP375c,0,MediumTruck
14493,MiniBus65418,N2_LRP021a,0,MiniBus
14494,LargeBus65419,N2_LRP054a,0,LargeBus
14495,LargeBus65419,N2_LRP053a,0,LargeBus
14496,MediumTruck65421,N2_LRP108a,0,MediumTruck
14497,LargeBus65422,N2_LRP187b,0,LargeBus
14498,MediumTruck65426,N1_LRP098a,0,MediumTruck
14499,SmallTruck65430,N1_LRP226b,0,SmallTruck
14500,LargeBus65431,N1_LRP193a,0,LargeBus
14501,MediumTruck65441,N1_LRP383a,0,MediumTruck
14502,MediumTruck65441,N1_LRP382b,0,MediumTruck
14503,MediumTruck65457,N1_LRP388a,0,MediumTruck
14504,MediumTruck65461,N102_LRP002c,0,MediumTruck
14505,MediumTruck65461,N102_LRP002b,0,MediumTruck
14506,MediumTruck65461,N102_LRP002a,0,MediumTruck
14507,MediumTruck65465,N2_LRP054b,0,MediumTruck
14508,MiniBus65470,N2_LRP200c,0,MiniBus
14509,MediumTruck65473,N1_LRP391a,0,MediumTruck
14510,MediumTruck65474,N2_LRP074a,0,MediumTruck
14511,SmallTruck65483,N2_LRP157a,0,SmallTruck
14512,SmallTruck65485,N2_LRP123c,0,SmallTruck
14513,MediumTruck65497,N2_LRP046c,0,MediumTruck
14514,MediumTruck65497,N2_LRP047a,0,MediumTruck
14515,MediumTruck65497,N2_LRP047c,0,MediumTruck
14516,MiniBus65500,N2_LRP072a,0,MiniBus
14517,HeavyTruck65506,N2_LRP067c,0,HeavyTruck
14518,LargeBus65507,N2_LRP214b,0.0738052675822107,LargeBus
14519,MiniBus65515,N2_LRP155a,0,MiniBus
14520,SmallTruck65519,N2_LRP167c,0,SmallTruck
14521,SmallTruck65519,N2_LRP167b,0,SmallTruck
14522,MediumTruck65521,N1_LRP403a,0,MediumTruck
14523,SmallTruck65532,N2_LRP086a,0,SmallTruck
14524,MediumTruck65533,N2_LRP135b,0,MediumTruck
14525,MediumTruck65535,N2_LRP170e,0,MediumTruck
14526,MediumTruck65535,N2_LRP170c,0,MediumTruck
14527,MediumTruck65537,N1_LRP410a,0,MediumTruck
14528,MediumTruck65538,N2_LRP058c,0,MediumTruck
14529,MediumTruck65538,N2_LRP059a,0,MediumTruck
14530,SmallTruck65539,N2_LRP228b,0,SmallTruck
14531,MediumTruck65541,N102_LRP022a,0,MediumTruck
14532,MediumTruck65545,N2_LRP035b,0,MediumTruck
14533,SmallTruck65552,N2_LRP046c,0,SmallTruck
14534,SmallTruck65552,N2_LRP047a,0,SmallTruck
14535,SmallTruck65552,N2_LRP047c,0,SmallTruck
14536,SmallTruck65553,N1_LRP410a,0,SmallTruck
14537,MediumTruck65555,N2_LRP231d,0,MediumTruck
14538,MediumTruck65555,N2_LRP231c,0,MediumTruck
14539,LargeBus65570,N2_LRP056a,0,LargeBus
14540,MediumTruck65571,N2_LRP236a,0,MediumTruck
14541,MediumTruck65571,N2_LRP235a,0,MediumTruck
14542,LargeBus65575,N1_LRP137a,0,LargeBus
14543,SmallTruck65579,N2_LRP134b,0,SmallTruck
14544,SmallTruck65579,N2_LRP134c,0,SmallTruck
14545,LargeBus65581,N2_LRP140c,0.11240254631084266,LargeBus
14546,MiniBus65585,N1_LRP412d,0,MiniBus
14547,MiniBus65585,N1_LRP412b,0,MiniBus
14548,MediumTruck65587,N2_LRP240a,0,MediumTruck
14549,SmallTruck65592,N2_LRP043d,0,SmallTruck
14550,SmallTruck65592,N2_LRP044a,0,SmallTruck
14551,MediumTruck65601,N1_LRP421d,0,MediumTruck
14552,MiniBus65603,N2_LRP240a,0,MiniBus
14553,MediumTruck65605,N102_LRP038d,0,MediumTruck
14554,LargeBus65617,N1_LRP422b,0,LargeBus
14555,LargeBus65617,N1_LRP421f,0,LargeBus
14556,SmallTruck65619,N2_LRP248a,0,SmallTruck
14557,SmallTruck65620,N1_LRP122a,0,SmallTruck
14558,LargeBus65621,N102_LRP038d,0,LargeBus
14559,MediumTruck65623,N104_LRP010a,0,MediumTruck
14560,MediumTruck65624,N2_LRP038c,0,MediumTruck
14561,MediumTruck65624,N2_LRP039a,0,MediumTruck
14562,MediumTruck65627,N2_LRP122b,0,MediumTruck
14563,MediumTruck65633,N1_LRP426c,0,MediumTruck
14564,MediumTruck65633,N1_LRP426b,0,MediumTruck
14565,MediumTruck65633,N1_LRP426a,0,MediumTruck
14566,MediumTruck65633,N1_LRP425e,0,MediumTruck
14567,MediumTruck65638,N1_LRP112a,0,MediumTruck
14568,MiniBus65639,N104_LRP010a,0,MiniBus
14569,LargeBus65649,N1_LRP426e,0,LargeBus
14570,LargeBus65649,N1_LRP426d,0,LargeBus
14571,LargeBus65649,N1_LRP426c,0,LargeBus
14572,LargeBus65649,N1_LRP426b,0,LargeBus
14573,LargeBus65649,N1_LRP426a,0,LargeBus
14574,MediumTruck65652,N1_LRP051a,0,MediumTruck
14575,MediumTruck65657,N105_LRP017c,0,MediumTruck
14576,MediumTruck65658,N2_LRP087a,0,MediumTruck
14577,MediumTruck65659,N204_LRP003b,0,MediumTruck
14578,MiniBus65662,N208_LRP034c,0,MiniBus
14579,MiniBus65662,N208_LRP034d,0,MiniBus
14580,SmallTruck65663,N2_LRP199d,0,SmallTruck
14581,MediumTruck65664,N1_LRP027a,0,MediumTruck
14582,MediumTruck65665,N1_LRP432b,0,MediumTruck
14583,MediumTruck65666,N1_LRP036c,0,MediumTruck
14584,HeavyTruck65669,N102_LRP055c,0,HeavyTruck
14585,SmallTruck65673,N105_LRP021d,0,SmallTruck
14586,MiniBus65674,N2_LRP091b,0,MiniBus
14587,LargeBus65677,N2_LRP168a,0,LargeBus
14588,LargeBus65677,N2_LRP167c,0,LargeBus
14589,MiniBus65678,N208_LRP031b,0,MiniBus
14590,MediumTruck65679,N208_LRP031b,0,MediumTruck
14591,LargeBus65683,N2_LRP262a,0,LargeBus
14592,LargeBus65683,N2_LRP261b,0,LargeBus
14593,MediumTruck65692,N2_LRP126d,0,MediumTruck
14594,MediumTruck65692,N2_LRP126c,0,MediumTruck
14595,MediumTruck65692,N2_LRP126b,0,MediumTruck
14596,LargeBus65693,N2_LRP216a,0,LargeBus
14597,LargeBus65693,N2_LRP216b,0,LargeBus
14598,SmallTruck65697,N1_LRP440a,0,SmallTruck
14599,MiniBus65698,N2_LRP021b,0,MiniBus
14600,HeavyTruck65700,N102_LRP019a,0,HeavyTruck
14601,HeavyTruck65700,N102_LRP019b,0,HeavyTruck
14602,MiniBus65702,N1_LRP127a,0,MiniBus
14603,MediumTruck65708,N2_LRP130a,0,MediumTruck
14604,MediumTruck65708,N2_LRP129c,0,MediumTruck
14605,MediumTruck65713,N1_LRP444e,0,MediumTruck
14606,MediumTruck65713,N1_LRP444d,0,MediumTruck
14607,MediumTruck65713,N1_LRP444c,0,MediumTruck
14608,MediumTruck65713,N1_LRP444b,0,MediumTruck
14609,MediumTruck65713,N1_LRP444a,0,MediumTruck
14610,MediumTruck65716,N102_LRP015a,0,MediumTruck
14611,MiniBus65721,N105_LRP032c,0,MiniBus
14612,MediumTruck65722,N2_LRP132a,0,MediumTruck
14613,MediumTruck65722,N2_LRP132b,0,MediumTruck
14614,SmallTruck65724,N2_LRP134c,0,SmallTruck
14615,SmallTruck65724,N2_LRP134b,0,SmallTruck
14616,SmallTruck65725,N2_LRP180c,0,SmallTruck
14617,SmallTruck65727,N2_LRP214b,0.31637737230973195,SmallTruck
14618,MediumTruck65729,N1_LRP448a,0,MediumTruck
14619,LargeBus65745,N1_LRP451e,0,LargeBus
14620,LargeBus65745,N1_LRP451b,0,LargeBus
14621,LargeBus65745,N1_LRP450e,0.1705025732100433,LargeBus
14622,MediumTruck65753,N105_LRP042b,0,MediumTruck
14623,MediumTruck65761,N1_LRP456a,0,MediumTruck
14624,LargeBus65763,N2_LRP284c,0,LargeBus
14625,LargeBus65763,N2_LRP284b,0,LargeBus
14626,SmallTruck65770,N204_LRP003b,0,SmallTruck
14627,MediumTruck65775,N208_LRP055a,0,MediumTruck
14628,MediumTruck65282,N2_LRP123c,0,MediumTruck
14629,MediumTruck65282,N2_LRP123d,0,MediumTruck
14630,MiniBus65295,N2_LRP102a,0,MiniBus
14631,MediumTruck65297,N1_LRP349a,0,MediumTruck
14632,MediumTruck65297,N1_LRP348b,0,MediumTruck
14633,LargeBus65298,N2_LRP129a,0,LargeBus
14634,LargeBus65298,N2_LRP129b,0,LargeBus
14635,LargeBus65298,N2_LRP129c,0,LargeBus
14636,LargeBus65299,N2_LRP161a,0,LargeBus
14637,SmallTruck65304,N1_LRP134a,0,SmallTruck
14638,LargeBus65308,N2_LRP021b,0,LargeBus
14639,MiniBus65311,N2_LRP106b,0,MiniBus
14640,MiniBus65311,N2_LRP106a,0,MiniBus
14641,MediumTruck65312,N2_LRP103c,0,MediumTruck
14642,SmallTruck65323,N2_LRP040b,0,SmallTruck
14643,LargeBus65328,N2_LRP108a,0,LargeBus
14644,SmallTruck65331,N2_LRP181c,0,SmallTruck
14645,MediumTruck65334,N1_LRP034a,0,MediumTruck
14646,MediumTruck65336,N2_LRP106b,0,MediumTruck
14647,MediumTruck65337,N2_LRP086a,0,MediumTruck
14648,MediumTruck65341,N2_LRP090a,0,MediumTruck
14649,MediumTruck65342,N2_LRP178a,0,MediumTruck
14650,MediumTruck65345,N1_LRP359b,0,MediumTruck
14651,MediumTruck65345,N1_LRP359a,0,MediumTruck
14652,SmallTruck65346,N2_LRP102a,0,SmallTruck
14653,SmallTruck65347,N2_LRP183d,4.052727532585538,SmallTruck
14654,MediumTruck65351,N1_LRP083b,0,MediumTruck
14655,HeavyTruck65352,N102_LRP038d,0,HeavyTruck
14656,MiniBus65361,N1_LRP357f,0,MiniBus
14657,MiniBus65361,N1_LRP357d,0,MiniBus
14658,LargeBus65363,N2_LRP178b,0,LargeBus
14659,LargeBus65363,N2_LRP178a,0,LargeBus
14660,MediumTruck65367,N1_LRP088a,0,MediumTruck
14661,SmallTruck65372,N2_LRP045b,0,SmallTruck
14662,LargeBus65376,N1_LRP112a,0,LargeBus
14663,MediumTruck65377,N1_LRP368a,1.0189813360739766,MediumTruck
14664,MediumTruck65384,N2_LRP097a,0,MediumTruck
14665,MediumTruck65387,N2_LRP054b,0,MediumTruck
14666,MediumTruck65387,N2_LRP054a,0,MediumTruck
14667,MiniBus65390,N2_LRP183a,0,MiniBus
14668,MiniBus65390,N2_LRP182d,0,MiniBus
14669,MediumTruck65392,N1_LRP098a,0,MediumTruck
14670,LargeBus65395,N2_LRP183d,5.052727532585538,LargeBus
14671,MediumTruck65403,N2_LRP060c,0,MediumTruck
14672,MiniBus65405,N2_LRP095a,0,MiniBus
14673,LargeBus65407,N2_LRP132c,0,LargeBus
14674,LargeBus65407,N2_LRP132b,0,LargeBus
14675,LargeBus65407,N2_LRP132a,0,LargeBus
14676,MediumTruck65409,N1_LRP374e,0,MediumTruck
14677,MediumTruck65410,N2_LRP090a,0,MediumTruck
14678,LargeBus65419,N2_LRP052a,0,LargeBus
14679,LargeBus65422,N2_LRP186d,0,LargeBus
14680,MediumTruck65425,N1_LRP377f,0,MediumTruck
14681,MediumTruck65441,N1_LRP382a,0,MediumTruck
14682,MediumTruck65441,N1_LRP381c,0,MediumTruck
14683,MediumTruck65441,N1_LRP381b,0,MediumTruck
14684,SmallTruck65443,N2_LRP206b,0,SmallTruck
14685,MediumTruck65457,N1_LRP387f,0,MediumTruck
14686,MediumTruck65457,N1_LRP387e,0,MediumTruck
14687,MediumTruck65465,N2_LRP055b,0,MediumTruck
14688,MediumTruck65465,N2_LRP056a,0,MediumTruck
14689,MiniBus65470,N2_LRP199d,0,MiniBus
14690,MediumTruck65473,N1_LRP390a,0,MediumTruck
14691,MediumTruck65474,N2_LRP076a,0,MediumTruck
14692,SmallTruck65483,N2_LRP157b,0,SmallTruck
14693,SmallTruck65485,N2_LRP122b,0,SmallTruck
14694,SmallTruck65490,N2_LRP072a,0,SmallTruck
14695,HeavyTruck65491,N2_LRP216b,0,HeavyTruck
14696,MediumTruck65493,N102_LRP009a,0,MediumTruck
14697,MediumTruck65497,N2_LRP048a,0,MediumTruck
14698,SmallTruck65517,N2_LRP130c,0,SmallTruck
14699,SmallTruck65517,N2_LRP130b,0,SmallTruck
14700,SmallTruck65519,N2_LRP166e,0,SmallTruck
14701,SmallTruck65519,N2_LRP166d,0,SmallTruck
14702,MediumTruck65521,N1_LRP402b,0,MediumTruck
14703,SmallTruck65522,N2_LRP064a,0,SmallTruck
14704,MediumTruck65533,N2_LRP135a,0,MediumTruck
14705,MediumTruck65535,N2_LRP170b,0,MediumTruck
14706,MediumTruck65535,N2_LRP170a,0,MediumTruck
14707,MediumTruck65535,N2_LRP169f,0,MediumTruck
14708,MediumTruck65535,N2_LRP169e,0,MediumTruck
14709,MediumTruck65535,N2_LRP169d,0,MediumTruck
14710,MediumTruck65535,N2_LRP169c,0,MediumTruck
14711,MediumTruck65551,N2_LRP172d,0,MediumTruck
14712,MediumTruck65551,N2_LRP172c,0,MediumTruck
14713,SmallTruck65552,N2_LRP048a,0,SmallTruck
14714,MediumTruck65555,N2_LRP230e,0,MediumTruck
14715,LargeBus65556,N1_LRP020a,0,LargeBus
14716,LargeBus65570,N2_LRP057a,0,LargeBus
14717,LargeBus65570,N2_LRP057b,0,LargeBus
14718,SmallTruck65573,N102_LRP029d,0,SmallTruck
14719,LargeBus65575,N1_LRP136a,0,LargeBus
14720,SmallTruck65579,N2_LRP135a,0,SmallTruck
14721,MediumTruck65583,N208_LRP004c,0,MediumTruck
14722,MiniBus65585,N1_LRP412a,0,MiniBus
14723,MiniBus65585,N1_LRP411b,0,MiniBus
14724,MiniBus65585,N1_LRP411a,0,MiniBus
14725,MediumTruck65586,N2_LRP046c,0,MediumTruck
14726,MediumTruck65586,N2_LRP047a,0,MediumTruck
14727,MediumTruck65586,N2_LRP047c,0,MediumTruck
14728,MediumTruck65587,N2_LRP239a,0,MediumTruck
14729,MediumTruck65587,N2_LRP238c,0,MediumTruck
14730,MediumTruck65589,N102_LRP034b,0,MediumTruck
14731,SmallTruck65592,N2_LRP044c,0,SmallTruck
14732,MediumTruck65593,N2_LRP024b,0,MediumTruck
14733,MediumTruck65601,N1_LRP420e,0,MediumTruck
14734,MediumTruck65601,N1_LRP420d,0,MediumTruck
14735,MiniBus65603,N2_LRP239a,0,MiniBus
14736,MiniBus65603,N2_LRP238c,0,MiniBus
14737,MediumTruck65605,N102_LRP038b,0,MediumTruck
14738,MediumTruck65605,N102_LRP037d,0,MediumTruck
14739,MiniBus65607,N104_LRPSa,0,MiniBus
14740,SmallTruck65611,N2_LRP108a,0,SmallTruck
14741,LargeBus65617,N1_LRP421d,0,LargeBus
14742,LargeBus65621,N102_LRP038b,0,LargeBus
14743,LargeBus65621,N102_LRP037d,0,LargeBus
14744,MediumTruck65624,N2_LRP039c,0,MediumTruck
14745,MediumTruck65627,N2_LRP123c,0,MediumTruck
14746,MediumTruck65633,N1_LRP425c,0.589888620636134,MediumTruck
14747,MediumTruck65642,N2_LRP151a,0,MediumTruck
14748,LargeBus65649,N1_LRP425e,0,LargeBus
14749,LargeBus65649,N1_LRP425c,1.589888620636134,LargeBus
14750,LargeBus65650,N2_LRP035b,0,LargeBus
14751,MediumTruck65655,N104_LRP017b,0,MediumTruck
14752,MediumTruck65658,N2_LRP086a,0,MediumTruck
14753,MediumTruck65665,N1_LRP432a,0,MediumTruck
14754,SmallTruck65670,N104_LRP028a,0,SmallTruck
14755,SmallTruck65673,N105_LRP020c,0,SmallTruck
14756,MiniBus65674,N2_LRP090a,0,MiniBus
14757,LargeBus65676,N2_LRP175c,0,LargeBus
14758,LargeBus65677,N2_LRP167b,0,LargeBus
14759,LargeBus65677,N2_LRP166e,0,LargeBus
14760,LargeBus65681,N1_LRP433c,0,LargeBus
14761,LargeBus65681,N1_LRP433b,1.891382354013004,LargeBus
14762,MediumTruck65682,N2_LRP024b,0,MediumTruck
14763,LargeBus65683,N2_LRP261a,0,LargeBus
14764,MediumTruck65685,N102_LRP058a,0,MediumTruck
14765,MediumTruck65689,N105_LRP024c,0,MediumTruck
14766,MediumTruck65692,N2_LRP126a,0,MediumTruck
14767,MediumTruck65692,N2_LRP125d,0,MediumTruck
14768,MediumTruck65692,N2_LRP125c,0,MediumTruck
14769,MediumTruck65692,N2_LRP125b,0,MediumTruck
14770,MediumTruck65694,N208_LRP024d,0,MediumTruck
14771,SmallTruck65695,N208_LRP034d,0,SmallTruck
14772,SmallTruck65695,N208_LRP034c,0,SmallTruck
14773,MediumTruck65696,N1_LRP020a,0,MediumTruck
14774,SmallTruck65697,N1_LRP439a,0,SmallTruck
14775,SmallTruck65701,N102_LRP062c,0,SmallTruck
14776,SmallTruck65701,N102_LRP062b,0,SmallTruck
14777,MediumTruck65708,N2_LRP129b,0,MediumTruck
14778,MediumTruck65708,N2_LRP129a,0,MediumTruck
14779,MediumTruck65708,N2_LRP128b,0,MediumTruck
14780,MediumTruck65713,N1_LRP443d,0,MediumTruck
14781,MediumTruck65713,N1_LRP443c,0,MediumTruck
14782,LargeBus65714,N1_LRP026a,0,LargeBus
14783,MiniBus65721,N105_LRP032b,0,MiniBus
14784,MediumTruck65722,N2_LRP132c,0,MediumTruck
14785,MiniBus65723,N204_LRP020b,0,MiniBus
14786,SmallTruck65724,N2_LRP133a,0,SmallTruck
14787,SmallTruck65725,N2_LRP180a,0,SmallTruck
14788,MediumTruck65729,N1_LRP447c,0,MediumTruck
14789,MediumTruck65730,N2_LRP012c,0,MediumTruck
14790,HeavyTruck65731,N2_LRP276a,0,HeavyTruck
14791,MiniBus65738,N2_LRP104a,0,MiniBus
14792,SmallTruck65742,N208_LRP011b,0,SmallTruck
14793,LargeBus65745,N1_LRP450c,0,LargeBus
14794,MiniBus65757,N2_LRP199d,0,MiniBus
14795,MiniBus65757,N2_LRP200c,0,MiniBus
14796,SmallTruck65759,N2_LRP221b,0,SmallTruck
14797,MediumTruck65761,N1_LRP455a,0,MediumTruck
14798,LargeBus65763,N2_LRP283b,0,LargeBus
14799,MediumTruck65768,N105_LRP003a,0,MediumTruck
14800,MediumTruck65773,N2_LRP188a,0,MediumTruck
14801,MediumTruck65773,N2_LRP187b,0,MediumTruck
14802,MediumTruck65282,N2_LRP123e,0,MediumTruck
14803,MediumTruck65282,N2_LRP124c,0,MediumTruck
14804,LargeBus65296,N1_LRP136a,0,LargeBus
14805,MediumTruck65297,N1_LRP348a,0,MediumTruck
14806,LargeBus65298,N2_LRP130a,0,LargeBus
14807,LargeBus65298,N2_LRP130b,0,LargeBus
14808,LargeBus65298,N2_LRP130c,0,LargeBus
14809,LargeBus65299,N2_LRP160a,0,LargeBus
14810,LargeBus65299,N2_LRP159d,0,LargeBus
14811,LargeBus65308,N2_LRP021a,0,LargeBus
14812,MediumTruck65312,N2_LRP104a,0,MediumTruck
14813,MediumTruck65314,N2_LRP117a,0.025325692342812837,MediumTruck
14814,SmallTruck65316,N2_LRP043d,0,SmallTruck
14815,SmallTruck65316,N2_LRP044a,0,SmallTruck
14816,MediumTruck65321,N2_LRP091b,0,MediumTruck
14817,SmallTruck65323,N2_LRP040a,0,SmallTruck
14818,SmallTruck65323,N2_LRP039c,0,SmallTruck
14819,SmallTruck65331,N2_LRP180c,0,SmallTruck
14820,MediumTruck65334,N1_LRP033b,0,MediumTruck
14821,MediumTruck65334,N1_LRP033a,0,MediumTruck
14822,MediumTruck65337,N2_LRP087a,0,MediumTruck
14823,MediumTruck65342,N2_LRP177a,0,MediumTruck
14824,MediumTruck65345,N1_LRP358b,0,MediumTruck
14825,MediumTruck65345,N1_LRP358a,0,MediumTruck
14826,SmallTruck65346,N2_LRP103c,0,SmallTruck
14827,MediumTruck65351,N1_LRP083a,0,MediumTruck
14828,MediumTruck65353,N2_LRP084a,0,MediumTruck
14829,SmallTruck65355,N2_LRP186b,0.05280957879367642,SmallTruck
14830,MediumTruck65360,N1_LRP107a,0,MediumTruck
14831,MiniBus65361,N1_LRP357c,0,MiniBus
14832,MiniBus65361,N1_LRP357a,0,MiniBus
14833,SmallTruck65372,N2_LRP044c,0,SmallTruck
14834,MediumTruck65384,N2_LRP098b,1.4895020846839961,MediumTruck
14835,MediumTruck65387,N2_LRP053a,0,MediumTruck
14836,MiniBus65390,N2_LRP182b,0,MiniBus
14837,MiniBus65390,N2_LRP182a,0,MiniBus
14838,MiniBus65393,N1_LRP367a,0,MiniBus
14839,MediumTruck65403,N2_LRP059a,0,MediumTruck
14840,MediumTruck65404,N2_LRP057b,0,MediumTruck
14841,MediumTruck65404,N2_LRP057a,0,MediumTruck
14842,MediumTruck65409,N1_LRP374c,0,MediumTruck
14843,MediumTruck65409,N1_LRP374a,0,MediumTruck
14844,MediumTruck65409,N1_LRP373b,0,MediumTruck
14845,LargeBus65411,N2_LRP188a,0,LargeBus
14846,SmallTruck65416,N2_LRP090a,0,SmallTruck
14847,MiniBus65418,N2_LRP018a,0,MiniBus
14848,MediumTruck65421,N2_LRP106b,0,MediumTruck
14849,MediumTruck65421,N2_LRP106a,0,MediumTruck
14850,LargeBus65422,N2_LRP186c,0,LargeBus
14851,LargeBus65422,N2_LRP186b,0.2902165097025718,LargeBus
14852,MediumTruck65425,N1_LRP377d,0,MediumTruck
14853,MediumTruck65425,N1_LRP377c,0,MediumTruck
14854,MediumTruck65425,N1_LRP377a,0,MediumTruck
14855,LargeBus65431,N1_LRP194a,0,LargeBus
14856,LargeBus65431,N1_LRP195a,0,LargeBus
14857,MiniBus65442,N2_LRP090a,0,MiniBus
14858,MediumTruck65457,N1_LRP387b,0,MediumTruck
14859,MediumTruck65457,N1_LRP387a,0,MediumTruck
14860,MediumTruck65457,N1_LRP386f,0,MediumTruck
14861,MediumTruck65457,N1_LRP386e,0,MediumTruck
14862,MediumTruck65461,N102_LRPSc,0,MediumTruck
14863,MediumTruck65465,N2_LRP057a,0,MediumTruck
14864,MediumTruck65473,N1_LRP389d,0,MediumTruck
14865,MediumTruck65474,N2_LRP076b,0,MediumTruck
14866,SmallTruck65483,N2_LRP158a,0,SmallTruck
14867,SmallTruck65485,N2_LRP121c,0,SmallTruck
14868,HeavyTruck65491,N2_LRP216a,0,HeavyTruck
14869,LargeBus65495,N1_LRP112a,0,LargeBus
14870,MediumTruck65497,N2_LRP048b,0,MediumTruck
14871,MiniBus65500,N2_LRP070c,0,MiniBus
14872,MiniBus65502,N2_LRP207b,0,MiniBus
14873,MediumTruck65513,N1_LRP033a,0,MediumTruck
14874,MediumTruck65513,N1_LRP033b,0,MediumTruck
14875,MiniBus65515,N2_LRP156a,0,MiniBus
14876,MiniBus65515,N2_LRP157a,0,MiniBus
14877,SmallTruck65517,N2_LRP130a,0,SmallTruck
14878,SmallTruck65517,N2_LRP129c,0,SmallTruck
14879,SmallTruck65522,N2_LRP064b,0,SmallTruck
14880,MediumTruck65523,N2_LRP224b,0,MediumTruck
14881,MediumTruck65533,N2_LRP134c,0,MediumTruck
14882,MediumTruck65533,N2_LRP134b,0,MediumTruck
14883,MediumTruck65535,N2_LRP169b,0,MediumTruck
14884,MediumTruck65536,N2_LRP052a,0,MediumTruck
14885,MediumTruck65537,N1_LRP408a,0,MediumTruck
14886,MediumTruck65538,N2_LRP060c,0,MediumTruck
14887,MediumTruck65538,N2_LRP061a,0,MediumTruck
14888,SmallTruck65539,N2_LRP226d,0,SmallTruck
14889,SmallTruck65539,N2_LRP226c,0,SmallTruck
14890,MediumTruck65551,N2_LRP171f,0.03816494177397066,MediumTruck
14891,SmallTruck65552,N2_LRP048b,0,SmallTruck
14892,SmallTruck65553,N1_LRP408a,0,SmallTruck
14893,MediumTruck65555,N2_LRP230c,0,MediumTruck
14894,LargeBus65557,N102_LRP019b,0,LargeBus
14895,LargeBus65557,N102_LRP019a,0,LargeBus
14896,MediumTruck65578,N2_LRP067c,0,MediumTruck
14897,SmallTruck65579,N2_LRP135b,0,SmallTruck
14898,LargeBus65581,N2_LRP140a,0.06844789109436464,LargeBus
14899,MiniBus65585,N1_LRP410c,0.11197112798219047,MiniBus
14900,MediumTruck65586,N2_LRP048a,0,MediumTruck
14901,MediumTruck65589,N102_LRP033c,0,MediumTruck
14902,MediumTruck65591,N104_LRPSa,0,MediumTruck
14903,SmallTruck65592,N2_LRP045b,0,SmallTruck
14904,MediumTruck65593,N2_LRP025a,0,MediumTruck
14905,MediumTruck65593,N2_LRP025b,0,MediumTruck
14906,SmallTruck65596,N204_LRP020b,0,SmallTruck
14907,MediumTruck65601,N1_LRP420c,0,MediumTruck
14908,MediumTruck65601,N1_LRP420a,0,MediumTruck
14909,MediumTruck65605,N102_LRP037c,0,MediumTruck
14910,MediumTruck65612,N2_LRP184c,0,MediumTruck
14911,LargeBus65617,N1_LRP420e,0,LargeBus
14912,LargeBus65617,N1_LRP420d,0,LargeBus
14913,LargeBus65617,N1_LRP420c,0,LargeBus
14914,LargeBus65617,N1_LRP420a,0,LargeBus
14915,SmallTruck65619,N2_LRP246c,0,SmallTruck
14916,SmallTruck65620,N1_LRP123a,0,SmallTruck
14917,LargeBus65621,N102_LRP037c,0,LargeBus
14918,MediumTruck65624,N2_LRP040a,0,MediumTruck
14919,MediumTruck65624,N2_LRP040b,0,MediumTruck
14920,MediumTruck65627,N2_LRP123d,0,MediumTruck
14921,MediumTruck65627,N2_LRP123e,0,MediumTruck
14922,MediumTruck65633,N1_LRP425b,0,MediumTruck
14923,MediumTruck65638,N1_LRP111a,0,MediumTruck
14924,MediumTruck65642,N2_LRP151b,0,MediumTruck
14925,MediumTruck65642,N2_LRP152a,0,MediumTruck
14926,MediumTruck65642,N2_LRP152b,0,MediumTruck
14927,MediumTruck65645,N2_LRP226c,0,MediumTruck
14928,MediumTruck65645,N2_LRP226d,0,MediumTruck
14929,MediumTruck65648,N1_LRP033a,0,MediumTruck
14930,MediumTruck65648,N1_LRP033b,0,MediumTruck
14931,MediumTruck65665,N1_LRP431d,0.014907658977382832,MediumTruck
14932,SmallTruck65667,N2_LRP258a,0,SmallTruck
14933,LargeBus65675,N204_LRP003b,0,LargeBus
14934,LargeBus65676,N2_LRP175d,0,LargeBus
14935,LargeBus65676,N2_LRP175e,0,LargeBus
14936,LargeBus65676,N2_LRP175f,0,LargeBus
14937,LargeBus65676,N2_LRP176b,0,LargeBus
14938,LargeBus65676,N2_LRP176c,0,LargeBus
14939,LargeBus65677,N2_LRP166d,0,LargeBus
14940,MiniBus65678,N208_LRP031d,0,MiniBus
14941,MediumTruck65679,N208_LRP029c,0,MediumTruck
14942,MediumTruck65682,N2_LRP025a,0,MediumTruck
14943,MediumTruck65682,N2_LRP025b,0,MediumTruck
14944,MediumTruck65686,N1_LRP123a,0,MediumTruck
14945,MediumTruck65692,N2_LRP125a,0,MediumTruck
14946,MediumTruck65692,N2_LRP124c,0,MediumTruck
14947,SmallTruck65703,N104_LRP028a,0,SmallTruck
14948,SmallTruck65704,N105_LRP020c,0,SmallTruck
14949,MediumTruck65708,N2_LRP128a,0,MediumTruck
14950,MediumTruck65708,N2_LRP127c,0,MediumTruck
14951,LargeBus65714,N1_LRP026b,0,LargeBus
14952,HeavyTruck65717,N102_LRP065a,0,HeavyTruck
14953,MediumTruck65720,N2_LRP016a,0,MediumTruck
14954,MiniBus65721,N105_LRP030c,0,MiniBus
14955,MediumTruck65722,N2_LRP133a,0,MediumTruck
14956,SmallTruck65724,N2_LRP132c,0,SmallTruck
14957,SmallTruck65725,N2_LRP179a,0,SmallTruck
14958,SmallTruck65725,N2_LRP178b,0,SmallTruck
14959,MediumTruck65729,N1_LRP447b,0,MediumTruck
14960,MediumTruck65729,N1_LRP447a,0,MediumTruck
14961,MediumTruck65729,N1_LRP446d,0,MediumTruck
14962,MediumTruck65729,N1_LRP446b,0,MediumTruck
14963,MediumTruck65730,N2_LRP012f,0,MediumTruck
14964,MediumTruck65736,N2_LRP012c,0,MediumTruck
14965,MiniBus65738,N2_LRP103c,0,MiniBus
14966,LargeBus65745,N1_LRP450a,0,LargeBus
14967,MediumTruck65753,N105_LRP041c,0,MediumTruck
14968,SmallTruck65756,N207_LRP008c,0,SmallTruck
14969,MiniBus65774,N208_LRP004c,0,MiniBus
14970,LargeBus65782,N104_LRPSa,0,LargeBus
14971,MiniBus65784,N1_LRP011a,0,MiniBus
14972,MediumTruck65791,N2_LRP229a,0.842380423083624,MediumTruck
14973,SmallTruck65281,N1_LRP342c,0,SmallTruck
14974,SmallTruck65281,N1_LRP342a,2.311757958005065,SmallTruck
14975,MediumTruck65297,N1_LRP347b,0,MediumTruck
14976,MediumTruck65297,N1_LRP347a,0,MediumTruck
14977,LargeBus65299,N2_LRP159c,0,LargeBus
14978,LargeBus65299,N2_LRP159b,0,LargeBus
14979,SmallTruck65304,N1_LRP136a,0,SmallTruck
14980,MiniBus65311,N2_LRP104a,0,MiniBus
14981,MediumTruck65314,N2_LRP117b,0,MediumTruck
14982,SmallTruck65316,N2_LRP044c,0,SmallTruck
14983,MediumTruck65321,N2_LRP092a,0,MediumTruck
14984,MediumTruck65321,N2_LRP092b,0,MediumTruck
14985,SmallTruck65323,N2_LRP039a,0,SmallTruck
14986,MediumTruck65326,N2_LRP172d,0,MediumTruck
14987,MediumTruck65326,N2_LRP172c,0,MediumTruck
14988,SmallTruck65329,N1_LRP353b,0,SmallTruck
14989,SmallTruck65329,N1_LRP353a,0,SmallTruck
14990,SmallTruck65329,N1_LRP352a,0,SmallTruck
14991,SmallTruck65331,N2_LRP180a,0,SmallTruck
14992,MediumTruck65336,N2_LRP108a,0,MediumTruck
14993,MediumTruck65342,N2_LRP176e,0,MediumTruck
14994,MediumTruck65342,N2_LRP176d,0,MediumTruck
14995,MediumTruck65342,N2_LRP176c,0,MediumTruck
14996,MediumTruck65342,N2_LRP176b,0,MediumTruck
14997,MediumTruck65345,N1_LRP357f,0,MediumTruck
14998,MediumTruck65345,N1_LRP357d,0,MediumTruck
14999,SmallTruck65346,N2_LRP104a,0,SmallTruck
15000,SmallTruck65355,N2_LRP186c,0,SmallTruck
15001,MediumTruck65358,N2_LRP183c,0,MediumTruck
15002,LargeBus65363,N2_LRP177a,0,LargeBus
15003,LargeBus65363,N2_LRP176e,0,LargeBus
15004,LargeBus65363,N2_LRP176d,0,LargeBus
15005,LargeBus65363,N2_LRP176c,0,LargeBus
15006,LargeBus65363,N2_LRP176b,0,LargeBus
15007,LargeBus65366,N1_LRP030a,0,LargeBus
15008,SmallTruck65372,N2_LRP044a,0,SmallTruck
15009,SmallTruck65373,N2_LRP093a,0,SmallTruck
15010,MediumTruck65387,N2_LRP052a,0,MediumTruck
15011,MiniBus65390,N2_LRP181c,0,MiniBus
15012,MediumTruck65403,N2_LRP058c,0,MediumTruck
15013,MediumTruck65404,N2_LRP056a,0,MediumTruck
15014,LargeBus65407,N2_LRP130c,0,LargeBus
15015,LargeBus65407,N2_LRP130b,0,LargeBus
15016,MediumTruck65409,N1_LRP373a,0,MediumTruck
15017,MediumTruck65410,N2_LRP091b,0,MediumTruck
15018,LargeBus65411,N2_LRP187b,0,LargeBus
15019,MediumTruck65425,N1_LRP376a,0,MediumTruck
15020,SmallTruck65427,N2_LRP200c,0,SmallTruck
15021,LargeBus65434,N2_LRP021b,0,LargeBus
15022,MediumTruck65436,N2_LRP061a,0,MediumTruck
15023,MediumTruck65441,N1_LRP380c,0,MediumTruck
15024,MediumTruck65441,N1_LRP380a,0,MediumTruck
15025,MediumTruck65456,N1_LRP083a,0,MediumTruck
15026,MediumTruck65456,N1_LRP083b,0,MediumTruck
15027,MediumTruck65457,N1_LRP386c,0,MediumTruck
15028,MediumTruck65457,N1_LRP386a,0,MediumTruck
15029,MediumTruck65457,N1_LRP385g,0,MediumTruck
15030,HeavyTruck65460,N2_LRP012c,0,HeavyTruck
15031,MediumTruck65465,N2_LRP057b,0,MediumTruck
15032,MediumTruck65473,N1_LRP389b,0.06329443514156212,MediumTruck
15033,SmallTruck65475,N2_LRP211c,0,SmallTruck
15034,SmallTruck65483,N2_LRP159b,0,SmallTruck
15035,SmallTruck65483,N2_LRP159c,0,SmallTruck
15036,SmallTruck65485,N2_LRP121a,0,SmallTruck
15037,SmallTruck65490,N2_LRP073b,0,SmallTruck
15038,SmallTruck65490,N2_LRP073c,0,SmallTruck
15039,MiniBus65500,N2_LRP070a,0,MiniBus
15040,MiniBus65500,N2_LRP069e,0,MiniBus
15041,MiniBus65500,N2_LRP069c,0,MiniBus
15042,MiniBus65502,N2_LRP206b,0,MiniBus
15043,HeavyTruck65506,N2_LRP069c,0,HeavyTruck
15044,HeavyTruck65506,N2_LRP069e,0,HeavyTruck
15045,HeavyTruck65506,N2_LRP070a,0,HeavyTruck
15046,SmallTruck65510,N1_LRP077a,0,SmallTruck
15047,SmallTruck65511,N1_LRP123a,0,SmallTruck
15048,MediumTruck65513,N1_LRP034a,0,MediumTruck
15049,MiniBus65515,N2_LRP157b,0,MiniBus
15050,SmallTruck65517,N2_LRP129b,0,SmallTruck
15051,SmallTruck65517,N2_LRP129a,0,SmallTruck
15052,SmallTruck65517,N2_LRP128b,0,SmallTruck
15053,SmallTruck65519,N2_LRP165d,0,SmallTruck
15054,SmallTruck65519,N2_LRP165c,0,SmallTruck
15055,SmallTruck65519,N2_LRP164d,0,SmallTruck
15056,LargeBus65525,N102_LRP009a,0,LargeBus
15057,SmallTruck65532,N2_LRP084a,0,SmallTruck
15058,MediumTruck65533,N2_LRP133a,0,MediumTruck
15059,MediumTruck65535,N2_LRP168c,0,MediumTruck
15060,MediumTruck65535,N2_LRP168a,0,MediumTruck
15061,MediumTruck65536,N2_LRP053a,0,MediumTruck
15062,SmallTruck65540,N1_LRP020a,0,SmallTruck
15063,MediumTruck65545,N2_LRP038c,0,MediumTruck
15064,MediumTruck65551,N2_LRP171e,0,MediumTruck
15065,MediumTruck65555,N2_LRP229c,0,MediumTruck
15066,SmallTruck65563,N2_LRP097a,0,SmallTruck
15067,LargeBus65570,N2_LRP058c,0,LargeBus
15068,LargeBus65570,N2_LRP059a,0,LargeBus
15069,SmallTruck65573,N102_LRP028c,0,SmallTruck
15070,LargeBus65574,N1_LRP088a,0,LargeBus
15071,LargeBus65575,N1_LRP134a,0,LargeBus
15072,MediumTruck65578,N2_LRP066a,0,MediumTruck
15073,MiniBus65585,N1_LRP410b,0,MiniBus
15074,MiniBus65585,N1_LRP410a,0,MiniBus
15075,MediumTruck65586,N2_LRP048b,0,MediumTruck
15076,MediumTruck65590,N1_LRP098a,0,MediumTruck
15077,MiniBus65600,N1_LRP051a,0,MiniBus
15078,MediumTruck65601,N1_LRP418b,0,MediumTruck
15079,MediumTruck65602,N2_LRP043d,0,MediumTruck
15080,MediumTruck65602,N2_LRP044a,0,MediumTruck
15081,MiniBus65603,N2_LRP236c,0,MiniBus
15082,MediumTruck65605,N102_LRP036d,0,MediumTruck
15083,MediumTruck65605,N102_LRP036b,0,MediumTruck
15084,SmallTruck65611,N2_LRP106b,0,SmallTruck
15085,SmallTruck65611,N2_LRP106a,0,SmallTruck
15086,MediumTruck65615,N208_LRP011b,0,MediumTruck
15087,LargeBus65621,N102_LRP036d,0,LargeBus
15088,LargeBus65621,N102_LRP036b,0,LargeBus
15089,MediumTruck65624,N2_LRP041b,0,MediumTruck
15090,MediumTruck65627,N2_LRP124c,0,MediumTruck
15091,MediumTruck65633,N1_LRP425a,0,MediumTruck
15092,MediumTruck65633,N1_LRP424e,0,MediumTruck
15093,MediumTruck65635,N2_LRP249a,0,MediumTruck
15094,MediumTruck65642,N2_LRP152c,0,MediumTruck
15095,MediumTruck65642,N2_LRP152d,0,MediumTruck
15096,MediumTruck65642,N2_LRP153a,0,MediumTruck
15097,MiniBus65647,N2_LRP188a,0,MiniBus
15098,MediumTruck65648,N1_LRP034a,0,MediumTruck
15099,LargeBus65649,N1_LRP425b,0,LargeBus
15100,LargeBus65649,N1_LRP425a,0,LargeBus
15101,MediumTruck65661,N2_LRP224b,0,MediumTruck
15102,MediumTruck65664,N1_LRP030a,0,MediumTruck
15103,LargeBus65676,N2_LRP176d,0,LargeBus
15104,LargeBus65676,N2_LRP176e,0,LargeBus
15105,LargeBus65676,N2_LRP177a,0,LargeBus
15106,LargeBus65677,N2_LRP165d,0,LargeBus
15107,LargeBus65677,N2_LRP165c,0,LargeBus
15108,MediumTruck65679,N208_LRP028d,0,MediumTruck
15109,LargeBus65681,N1_LRP432b,0,LargeBus
15110,MediumTruck65686,N1_LRP122a,0,MediumTruck
15111,MediumTruck65689,N105_LRP023c,0,MediumTruck
15112,MediumTruck65692,N2_LRP123e,0,MediumTruck
15113,MediumTruck65692,N2_LRP123d,0,MediumTruck
15114,SmallTruck65697,N1_LRP438c,0,SmallTruck
15115,SmallTruck65697,N1_LRP438b,0,SmallTruck
15116,SmallTruck65697,N1_LRP438a,0,SmallTruck
15117,SmallTruck65704,N105_LRP021d,0,SmallTruck
15118,MediumTruck65705,N105_LRP027c,0,MediumTruck
15119,MediumTruck65708,N2_LRP127b,0,MediumTruck
15120,SmallTruck65709,N2_LRP172d,0,SmallTruck
15121,SmallTruck65709,N2_LRP172c,0,SmallTruck
15122,MiniBus65710,N208_LRP024d,0,MiniBus
15123,MediumTruck65713,N1_LRP441a,0,MediumTruck
15124,LargeBus65714,N1_LRP027a,0,LargeBus
15125,MediumTruck65716,N102_LRP017a,0,MediumTruck
15126,MediumTruck65718,N104_LRP017b,0,MediumTruck
15127,MediumTruck65722,N2_LRP134b,0,MediumTruck
15128,MediumTruck65722,N2_LRP134c,0,MediumTruck
15129,SmallTruck65724,N2_LRP132b,0,SmallTruck
15130,SmallTruck65724,N2_LRP132a,0,SmallTruck
15131,SmallTruck65725,N2_LRP178a,0,SmallTruck
15132,HeavyTruck65731,N2_LRP274e,0,HeavyTruck
15133,MediumTruck65736,N2_LRP012f,0,MediumTruck
15134,MiniBus65738,N2_LRP102a,0,MiniBus
15135,LargeBus65745,N1_LRP449d,0,LargeBus
15136,LargeBus65745,N1_LRP449c,0,LargeBus
15137,MediumTruck65748,N102_LRP009a,0,MediumTruck
15138,MediumTruck65753,N105_LRP040c,0,MediumTruck
15139,SmallTruck65759,N2_LRP219a,0,SmallTruck
15140,MediumTruck65760,N1_LRP004b,0,MediumTruck
15141,MediumTruck65764,N1_LRP077a,0,MediumTruck
15142,MediumTruck65767,N104_LRP044d,0,MediumTruck
15143,MediumTruck65773,N2_LRP186d,0,MediumTruck
15144,MediumTruck65773,N2_LRP186c,0,MediumTruck
15145,LargeBus65780,N102_LRPSc,0,LargeBus
15146,MediumTruck65781,N102_LRP082a,0,MediumTruck
15147,MiniBus65784,N1_LRP010c,0,MiniBus
15148,MiniBus65784,N1_LRP010b,0,MiniBus
15149,SmallTruck65786,N2_LRP118a,0,SmallTruck
15150,SmallTruck65786,N2_LRP118b,0,SmallTruck
15151,SmallTruck65786,N2_LRP118e,0,SmallTruck
15152,MediumTruck65791,N2_LRP229c,0,MediumTruck
15153,MediumTruck65282,N2_LRP125a,0,MediumTruck
15154,MediumTruck65282,N2_LRP125b,0,MediumTruck
15155,MediumTruck65282,N2_LRP125c,0,MediumTruck
15156,MediumTruck65285,N1_LRP036c,0,MediumTruck
15157,MediumTruck65289,N102_LRP009a,0,MediumTruck
15158,LargeBus65296,N1_LRP137a,0,LargeBus
15159,LargeBus65298,N2_LRP132a,0,LargeBus
15160,LargeBus65299,N2_LRP158a,0,LargeBus
15161,LargeBus65308,N2_LRP018a,0,LargeBus
15162,MiniBus65311,N2_LRP103c,0,MiniBus
15163,MediumTruck65312,N2_LRP106a,0,MediumTruck
15164,MediumTruck65314,N2_LRP118a,0,MediumTruck
15165,SmallTruck65316,N2_LRP045b,0,SmallTruck
15166,MediumTruck65321,N2_LRP093a,0,MediumTruck
15167,SmallTruck65323,N2_LRP038c,0,SmallTruck
15168,MediumTruck65325,N2_LRP081b,0,MediumTruck
15169,MediumTruck65325,N2_LRP081a,0,MediumTruck
15170,MediumTruck65326,N2_LRP171f,0.22337658927602377,MediumTruck
15171,SmallTruck65331,N2_LRP179a,0,SmallTruck
15172,SmallTruck65331,N2_LRP178b,0,SmallTruck
15173,MediumTruck65335,N1_LRP077a,0,MediumTruck
15174,MediumTruck65341,N2_LRP087a,0,MediumTruck
15175,MediumTruck65342,N2_LRP175f,0,MediumTruck
15176,MediumTruck65342,N2_LRP175e,0,MediumTruck
15177,MediumTruck65342,N2_LRP175d,0,MediumTruck
15178,MediumTruck65342,N2_LRP175c,0,MediumTruck
15179,MediumTruck65345,N1_LRP357c,0,MediumTruck
15180,MediumTruck65345,N1_LRP357a,0,MediumTruck
15181,SmallTruck65355,N2_LRP186d,0,SmallTruck
15182,MediumTruck65358,N2_LRP183a,0,MediumTruck
15183,MediumTruck65358,N2_LRP182d,0,MediumTruck
15184,MediumTruck65360,N1_LRP109a,0,MediumTruck
15185,LargeBus65363,N2_LRP175f,0,LargeBus
15186,LargeBus65363,N2_LRP175e,0,LargeBus
15187,LargeBus65363,N2_LRP175d,0,LargeBus
15188,LargeBus65363,N2_LRP175c,0,LargeBus
15189,SmallTruck65372,N2_LRP043d,0,SmallTruck
15190,MediumTruck65377,N1_LRP367a,0,MediumTruck
15191,LargeBus65388,N208_LRP034d,0,LargeBus
15192,LargeBus65388,N208_LRP034c,0,LargeBus
15193,MiniBus65390,N2_LRP180c,0,MiniBus
15194,MiniBus65390,N2_LRP180a,0,MiniBus
15195,MediumTruck65402,N2_LRP021b,0,MediumTruck
15196,MediumTruck65404,N2_LRP055b,0,MediumTruck
15197,MiniBus65405,N2_LRP093a,0,MiniBus
15198,LargeBus65407,N2_LRP130a,0,LargeBus
15199,LargeBus65407,N2_LRP129c,0,LargeBus
15200,LargeBus65407,N2_LRP129b,0,LargeBus
15201,LargeBus65408,N1_LRP105a,0,LargeBus
15202,MediumTruck65409,N1_LRP372c,0,MediumTruck
15203,MediumTruck65409,N1_LRP372a,0,MediumTruck
15204,MediumTruck65410,N2_LRP092a,0,MediumTruck
15205,MediumTruck65410,N2_LRP092b,0,MediumTruck
15206,LargeBus65411,N2_LRP186d,0,LargeBus
15207,SmallTruck65416,N2_LRP091b,0,SmallTruck
15208,LargeBus65419,N2_LRP050a,0,LargeBus
15209,MediumTruck65421,N2_LRP104a,0,MediumTruck
15210,MediumTruck65425,N1_LRP375c,0,MediumTruck
15211,SmallTruck65427,N2_LRP199d,0,SmallTruck
15212,SmallTruck65430,N1_LRP230a,0.3689401263764032,SmallTruck
15213,LargeBus65431,N1_LRP196a,0,LargeBus
15214,LargeBus65434,N2_LRP021a,0,LargeBus
15215,MediumTruck65436,N2_LRP060c,0,MediumTruck
15216,MediumTruck65440,N1_LRP088a,0,MediumTruck
15217,MiniBus65442,N2_LRP091b,0,MiniBus
15218,MiniBus65442,N2_LRP092a,0,MiniBus
15219,MiniBus65442,N2_LRP092b,0,MiniBus
15220,SmallTruck65449,N1_LRP051a,0,SmallTruck
15221,SmallTruck65459,N208_LRP034d,0,SmallTruck
15222,SmallTruck65459,N208_LRP034c,0,SmallTruck
15223,HeavyTruck65460,N2_LRP012f,0,HeavyTruck
15224,MediumTruck65462,N1_LRP064c,0,MediumTruck
15225,MediumTruck65473,N1_LRP389a,0,MediumTruck
15226,MediumTruck65474,N2_LRP078a,0,MediumTruck
15227,SmallTruck65475,N2_LRP211b,0,SmallTruck
15228,SmallTruck65483,N2_LRP159d,0,SmallTruck
15229,SmallTruck65483,N2_LRP160a,0,SmallTruck
15230,SmallTruck65485,N2_LRP120a,0,SmallTruck
15231,SmallTruck65485,N2_LRP119c,0,SmallTruck
15232,SmallTruck65490,N2_LRP073g,0,SmallTruck
15233,HeavyTruck65491,N2_LRP214b,0.004864870419429706,HeavyTruck
15234,LargeBus65495,N1_LRP111a,0,LargeBus
15235,MediumTruck65497,N2_LRP050a,0,MediumTruck
15236,HeavyTruck65506,N2_LRP070c,0,HeavyTruck
15237,LargeBus65507,N2_LRP211c,0,LargeBus
15238,LargeBus65507,N2_LRP211b,0,LargeBus
15239,SmallTruck65511,N1_LRP122a,0,SmallTruck
15240,MiniBus65515,N2_LRP158a,0,MiniBus
15241,SmallTruck65517,N2_LRP128a,0,SmallTruck
15242,SmallTruck65517,N2_LRP127c,0,SmallTruck
15243,SmallTruck65519,N2_LRP164b,0,SmallTruck
15244,SmallTruck65519,N2_LRP164a,0,SmallTruck
15245,MediumTruck65521,N1_LRP400a,0,MediumTruck
15246,SmallTruck65522,N2_LRP066a,0,SmallTruck
15247,MediumTruck65533,N2_LRP132c,0,MediumTruck
15248,MediumTruck65535,N2_LRP167c,0,MediumTruck
15249,MediumTruck65535,N2_LRP167b,0,MediumTruck
15250,MediumTruck65536,N2_LRP054a,0,MediumTruck
15251,SmallTruck65539,N2_LRP225c,0.053139923510190604,SmallTruck
15252,MediumTruck65541,N102_LRP019b,0,MediumTruck
15253,MediumTruck65541,N102_LRP019a,0,MediumTruck
15254,MediumTruck65545,N2_LRP039a,0,MediumTruck
15255,MediumTruck65551,N2_LRP171d,0,MediumTruck
15256,MediumTruck65551,N2_LRP170j,0,MediumTruck
15257,MediumTruck65551,N2_LRP170i,0,MediumTruck
15258,MediumTruck65551,N2_LRP170h,0,MediumTruck
15259,MediumTruck65551,N2_LRP170g,0,MediumTruck
15260,MediumTruck65551,N2_LRP170f,0.04632305527417868,MediumTruck
15261,SmallTruck65552,N2_LRP050a,0,SmallTruck
15262,MediumTruck65555,N2_LRP229a,1.5861677566487662,MediumTruck
15263,LargeBus65557,N102_LRP017a,0,LargeBus
15264,SmallTruck65563,N2_LRP096c,0,SmallTruck
15265,MediumTruck65565,N207_LRP008c,0,MediumTruck
15266,SmallTruck65572,N102_LRP055c,0,SmallTruck
15267,LargeBus65581,N2_LRP139b,0,LargeBus
15268,LargeBus65581,N2_LRP139a,0,LargeBus
15269,MediumTruck65584,N1_LRP051a,0,MediumTruck
15270,MediumTruck65587,N2_LRP236c,0,MediumTruck
15271,SmallTruck65592,N2_LRP046c,0,SmallTruck
15272,SmallTruck65592,N2_LRP047a,0,SmallTruck
15273,SmallTruck65592,N2_LRP047c,0,SmallTruck
15274,MiniBus65599,N2_LRP183c,0,MiniBus
15275,MediumTruck65602,N2_LRP044c,0,MediumTruck
15276,MiniBus65603,N2_LRP236a,0,MiniBus
15277,MediumTruck65612,N2_LRP186b,0.028901389865750728,MediumTruck
15278,LargeBus65617,N1_LRP418b,0,LargeBus
15279,LargeBus65618,N2_LRP043d,0,LargeBus
15280,LargeBus65618,N2_LRP044a,0,LargeBus
15281,MediumTruck65624,N2_LRP042a,0,MediumTruck
15282,MediumTruck65625,N105_LRP006a,0,MediumTruck
15283,MediumTruck65625,N105_LRP005c,0,MediumTruck
15284,MediumTruck65627,N2_LRP125a,0,MediumTruck
15285,MediumTruck65627,N2_LRP125b,0,MediumTruck
15286,MediumTruck65627,N2_LRP125c,0,MediumTruck
15287,MediumTruck65627,N2_LRP125d,0,MediumTruck
15288,MediumTruck65633,N1_LRP424c,0,MediumTruck
15289,MediumTruck65633,N1_LRP424b,0,MediumTruck
15290,MediumTruck65633,N1_LRP424a,0.1670673907526055,MediumTruck
15291,MediumTruck65640,N105_LRP039b,0,MediumTruck
15292,MediumTruck65642,N2_LRP153b,0,MediumTruck
15293,MiniBus65647,N2_LRP187b,0,MiniBus
15294,LargeBus65649,N1_LRP424e,0,LargeBus
15295,LargeBus65649,N1_LRP424c,0,LargeBus
15296,LargeBus65649,N1_LRP424b,0,LargeBus
15297,LargeBus65649,N1_LRP424a,0.1818749035681012,LargeBus
15298,LargeBus65650,N2_LRP038c,0,LargeBus
15299,LargeBus65650,N2_LRP039a,0,LargeBus
15300,LargeBus65651,N2_LRP249a,0,LargeBus
15301,MediumTruck65658,N2_LRP084a,0,MediumTruck
15302,MediumTruck65665,N1_LRP431b,0,MediumTruck
15303,MediumTruck65665,N1_LRP431a,0,MediumTruck
15304,MediumTruck65665,N1_LRP430c,0,MediumTruck
15305,MiniBus65674,N2_LRP087a,0,MiniBus
15306,LargeBus65677,N2_LRP164d,0,LargeBus
15307,LargeBus65677,N2_LRP164b,0,LargeBus
15308,LargeBus65677,N2_LRP164a,0,LargeBus
15309,MediumTruck65679,N208_LRP027f,0,MediumTruck
15310,MediumTruck65679,N208_LRP027d,0,MediumTruck
15311,MediumTruck65680,N1_LRP026a,0,MediumTruck
15312,MediumTruck65680,N1_LRP026b,0,MediumTruck
15313,LargeBus65681,N1_LRP432a,0,LargeBus
15314,LargeBus65681,N1_LRP431d,0.7129535169388502,LargeBus
15315,LargeBus65683,N2_LRP258a,0,LargeBus
15316,MediumTruck65689,N105_LRP022c,0,MediumTruck
15317,MediumTruck65692,N2_LRP123c,0,MediumTruck
15318,LargeBus65693,N2_LRP219a,0,LargeBus
15319,MediumTruck65694,N208_LRP027b,0,MediumTruck
15320,MediumTruck65694,N208_LRP027d,0,MediumTruck
15321,SmallTruck65695,N208_LRP031d,0,SmallTruck
15322,MediumTruck65696,N1_LRP023a,0,MediumTruck
15323,SmallTruck65697,N1_LRP437b,0,SmallTruck
15324,SmallTruck65697,N1_LRP437a,0,SmallTruck
15325,MiniBus65698,N2_LRP024b,0,MiniBus
15326,MiniBus65698,N2_LRP025a,0,MiniBus
15327,HeavyTruck65700,N102_LRP022a,0,HeavyTruck
15328,MiniBus65702,N1_LRP123a,0,MiniBus
15329,SmallTruck65704,N105_LRP022c,0,SmallTruck
15330,MediumTruck65708,N2_LRP126d,0,MediumTruck
15331,MediumTruck65708,N2_LRP126c,0,MediumTruck
15332,MediumTruck65708,N2_LRP126b,0,MediumTruck
15333,SmallTruck65709,N2_LRP171f,1.2233765892760238,SmallTruck
15334,MediumTruck65722,N2_LRP135a,0,MediumTruck
15335,SmallTruck65725,N2_LRP177a,0,SmallTruck
15336,SmallTruck65727,N2_LRP211c,0,SmallTruck
15337,MediumTruck65729,N1_LRP445d,0,MediumTruck
15338,MediumTruck65729,N1_LRP445b,0,MediumTruck
15339,MediumTruck65737,N105_LRP035d,0,MediumTruck
15340,LargeBus65745,N1_LRP448a,0,LargeBus
15341,MediumTruck65750,N104_LRP010a,0,MediumTruck
15342,MediumTruck65753,N105_LRP039b,0,MediumTruck
15343,SmallTruck65754,N2_LRP108a,0,SmallTruck
15344,MediumTruck65761,N1_LRP452e,0,MediumTruck
15345,MediumTruck65761,N1_LRP452d,0,MediumTruck
15346,MediumTruck65768,N105_LRP005c,0,MediumTruck
15347,MediumTruck65768,N105_LRP006a,0,MediumTruck
15348,MediumTruck65773,N2_LRP186b,0.03775205099076341,MediumTruck
15349,SmallTruck65776,N1_LRP001a,0,SmallTruck
15350,MediumTruck65777,N1_LRP456c,0,MediumTruck
15351,MediumTruck65779,N2_LRP285c,0,MediumTruck
15352,LargeBus65780,N102_LRP002a,0,LargeBus
15353,LargeBus65780,N102_LRP002b,0,LargeBus
15354,LargeBus65780,N102_LRP002c,0,LargeBus
15355,LargeBus65782,N1_LRP145a,0,LargeBus
15356,SmallTruck65786,N2_LRP118g,0,SmallTruck
15357,MiniBus65280,N1_LRP142a,0,MiniBus
15358,MediumTruck65282,N2_LRP125d,0,MediumTruck
15359,MediumTruck65282,N2_LRP126a,0,MediumTruck
15360,MediumTruck65282,N2_LRP126b,0,MediumTruck
15361,MediumTruck65285,N1_LRP035a,0,MediumTruck
15362,LargeBus65298,N2_LRP132b,0,LargeBus
15363,LargeBus65298,N2_LRP132c,0,LargeBus
15364,LargeBus65299,N2_LRP157b,0,LargeBus
15365,LargeBus65299,N2_LRP157a,0,LargeBus
15366,SmallTruck65303,N1_LRP068a,0,SmallTruck
15367,SmallTruck65304,N1_LRP137a,0,SmallTruck
15368,MiniBus65311,N2_LRP102a,0,MiniBus
15369,MediumTruck65312,N2_LRP106b,0,MediumTruck
15370,LargeBus65313,N1_LRP342c,0,LargeBus
15371,LargeBus65313,N1_LRP342a,6.562221049448568,LargeBus
15372,MediumTruck65314,N2_LRP118b,0,MediumTruck
15373,MediumTruck65314,N2_LRP118e,0,MediumTruck
15374,MediumTruck65325,N2_LRP079d,0,MediumTruck
15375,MediumTruck65325,N2_LRP079b,3.1806860805226655,MediumTruck
15376,MediumTruck65326,N2_LRP171e,0,MediumTruck
15377,SmallTruck65329,N1_LRP351a,0,SmallTruck
15378,SmallTruck65331,N2_LRP178a,0,SmallTruck
15379,MediumTruck65334,N1_LRP030a,0,MediumTruck
15380,MediumTruck65337,N2_LRP090a,0,MediumTruck
15381,MediumTruck65341,N2_LRP086a,0,MediumTruck
15382,SmallTruck65346,N2_LRP106a,0,SmallTruck
15383,MediumTruck65353,N2_LRP086a,0,MediumTruck
15384,SmallTruck65355,N2_LRP187b,0,SmallTruck
15385,MediumTruck65358,N2_LRP182b,0,MediumTruck
15386,MediumTruck65358,N2_LRP182a,0,MediumTruck
15387,SmallTruck65372,N2_LRP043a,0.024311735955394282,SmallTruck
15388,SmallTruck65373,N2_LRP092b,0,SmallTruck
15389,SmallTruck65373,N2_LRP092a,0,SmallTruck
15390,SmallTruck65373,N2_LRP091b,0,SmallTruck
15391,MiniBus65390,N2_LRP179a,0,MiniBus
15392,MiniBus65393,N1_LRP364d,0,MiniBus
15393,MediumTruck65401,N1_LRP064c,0,MediumTruck
15394,MediumTruck65402,N2_LRP021a,0,MediumTruck
15395,MediumTruck65403,N2_LRP057b,0,MediumTruck
15396,MediumTruck65403,N2_LRP057a,0,MediumTruck
15397,MediumTruck65404,N2_LRP054b,0,MediumTruck
15398,MediumTruck65404,N2_LRP054a,0,MediumTruck
15399,MiniBus65405,N2_LRP092b,0,MiniBus
15400,MiniBus65405,N2_LRP092a,0,MiniBus
15401,LargeBus65407,N2_LRP129a,0,LargeBus
15402,LargeBus65407,N2_LRP128b,0,LargeBus
15403,MediumTruck65409,N1_LRP371c,0,MediumTruck
15404,MediumTruck65409,N1_LRP371a,0,MediumTruck
15405,MediumTruck65410,N2_LRP093a,0,MediumTruck
15406,LargeBus65411,N2_LRP186c,0,LargeBus
15407,LargeBus65411,N2_LRP186b,1.5918673388647353,LargeBus
15408,SmallTruck65416,N2_LRP092a,0,SmallTruck
15409,SmallTruck65416,N2_LRP092b,0,SmallTruck
15410,MiniBus65418,N2_LRP016a,0,MiniBus
15411,LargeBus65422,N2_LRP184c,0,LargeBus
15412,MediumTruck65425,N1_LRP374e,0,MediumTruck
15413,LargeBus65431,N1_LRP197a,0,LargeBus
15414,LargeBus65431,N1_LRP197b,0,LargeBus
15415,MiniBus65442,N2_LRP093a,0,MiniBus
15416,MediumTruck65457,N1_LRP384a,0,MediumTruck
15417,MediumTruck65465,N2_LRP058c,0,MediumTruck
15418,MediumTruck65465,N2_LRP059a,0,MediumTruck
15419,MediumTruck65473,N1_LRP388a,0,MediumTruck
15420,MediumTruck65474,N2_LRP079a,0,MediumTruck
15421,SmallTruck65477,N102_LRP002c,0,SmallTruck
15422,SmallTruck65477,N102_LRP002b,0,SmallTruck
15423,SmallTruck65477,N102_LRP002a,0,SmallTruck
15424,SmallTruck65483,N2_LRP161a,0,SmallTruck
15425,SmallTruck65485,N2_LRP118g,0,SmallTruck
15426,SmallTruck65490,N2_LRP074a,0,SmallTruck
15427,MiniBus65500,N2_LRP067c,0,MiniBus
15428,MediumTruck65513,N1_LRP035a,0,MediumTruck
15429,MiniBus65515,N2_LRP159b,0,MiniBus
15430,MiniBus65515,N2_LRP159c,0,MiniBus
15431,SmallTruck65517,N2_LRP127b,0,SmallTruck
15432,SmallTruck65519,N2_LRP163d,0,SmallTruck
15433,SmallTruck65519,N2_LRP163c,0,SmallTruck
15434,SmallTruck65519,N2_LRP163b,0,SmallTruck
15435,SmallTruck65519,N2_LRP163a,0,SmallTruck
15436,MediumTruck65521,N1_LRP398d,0.2192672477861605,MediumTruck
15437,SmallTruck65522,N2_LRP067c,0,SmallTruck
15438,MediumTruck65523,N2_LRP221b,0,MediumTruck
15439,MediumTruck65533,N2_LRP132b,0,MediumTruck
15440,MediumTruck65533,N2_LRP132a,0,MediumTruck
15441,MediumTruck65535,N2_LRP166e,0,MediumTruck
15442,MediumTruck65535,N2_LRP166d,0,MediumTruck
15443,MediumTruck65536,N2_LRP054b,0,MediumTruck
15444,MediumTruck65545,N2_LRP039c,0,MediumTruck
15445,MediumTruck65545,N2_LRP040a,0,MediumTruck
15446,MediumTruck65551,N2_LRP170e,0,MediumTruck
15447,MediumTruck65551,N2_LRP170c,0,MediumTruck
15448,MediumTruck65554,N1_LRP068a,0,MediumTruck
15449,SmallTruck65563,N2_LRP096a,0,SmallTruck
15450,SmallTruck65563,N2_LRP095a,0,SmallTruck
15451,LargeBus65570,N2_LRP060c,0,LargeBus
15452,LargeBus65570,N2_LRP061a,0,LargeBus
15453,MediumTruck65571,N2_LRP231d,0,MediumTruck
15454,MediumTruck65571,N2_LRP231c,0,MediumTruck
15455,MediumTruck65578,N2_LRP064b,0,MediumTruck
15456,SmallTruck65579,N2_LRP138a,0,SmallTruck
15457,SmallTruck65579,N2_LRP138b,0,SmallTruck
15458,LargeBus65581,N2_LRP138b,0,LargeBus
15459,LargeBus65581,N2_LRP138a,0,LargeBus
15460,MediumTruck65586,N2_LRP050a,0,MediumTruck
15461,MediumTruck65587,N2_LRP236a,0,MediumTruck
15462,MediumTruck65587,N2_LRP235a,0,MediumTruck
15463,SmallTruck65592,N2_LRP048a,0,SmallTruck
15464,MiniBus65599,N2_LRP183a,0,MiniBus
15465,MiniBus65599,N2_LRP182d,0,MiniBus
15466,MediumTruck65601,N1_LRP417d,0.06416540665580402,MediumTruck
15467,MediumTruck65602,N2_LRP045b,0,MediumTruck
15468,MiniBus65603,N2_LRP235a,0,MiniBus
15469,SmallTruck65611,N2_LRP104a,0,SmallTruck
15470,MediumTruck65612,N2_LRP186c,0,MediumTruck
15471,MediumTruck65616,N2_LRP035b,0,MediumTruck
15472,LargeBus65617,N1_LRP417d,0.19460993440529756,LargeBus
15473,LargeBus65618,N2_LRP044c,0,LargeBus
15474,SmallTruck65619,N2_LRP243b,0,SmallTruck
15475,LargeBus65621,N102_LRP034b,0,LargeBus
15476,MediumTruck65624,N2_LRP043a,0.10874418394361562,MediumTruck
15477,MediumTruck65627,N2_LRP126a,0,MediumTruck
15478,MediumTruck65627,N2_LRP126b,0,MediumTruck
15479,MediumTruck65627,N2_LRP126c,0,MediumTruck
15480,MediumTruck65627,N2_LRP126d,0,MediumTruck
15481,MediumTruck65635,N2_LRP248a,0,MediumTruck
15482,LargeBus65637,N102_LRP038d,0,LargeBus
15483,MediumTruck65638,N1_LRP109a,0,MediumTruck
15484,MediumTruck65640,N105_LRP040c,0,MediumTruck
15485,MediumTruck65642,N2_LRP154c,0,MediumTruck
15486,MediumTruck65645,N2_LRP228b,0,MediumTruck
15487,MiniBus65647,N2_LRP186d,0,MiniBus
15488,MediumTruck65648,N1_LRP035a,0,MediumTruck
15489,LargeBus65650,N2_LRP039c,0,LargeBus
15490,LargeBus65651,N2_LRP248a,0,LargeBus
15491,SmallTruck65654,N1_LRP112a,0,SmallTruck
15492,MediumTruck65661,N2_LRP225c,0.0024985916993275426,MediumTruck
15493,MediumTruck65665,N1_LRP430b,0,MediumTruck
15494,MediumTruck65665,N1_LRP430a,0,MediumTruck
15495,MediumTruck65665,N1_LRP429f,0,MediumTruck
15496,MediumTruck65668,N1_LRP051a,0,MediumTruck
15497,SmallTruck65673,N105_LRP017c,0,SmallTruck
15498,MiniBus65674,N2_LRP086a,0,MiniBus
15499,LargeBus65676,N2_LRP178a,0,LargeBus
15500,LargeBus65676,N2_LRP178b,0,LargeBus
15501,LargeBus65676,N2_LRP179a,0,LargeBus
15502,LargeBus65677,N2_LRP163d,0,LargeBus
15503,LargeBus65677,N2_LRP163c,0,LargeBus
15504,LargeBus65677,N2_LRP163b,0,LargeBus
15505,MiniBus65678,N208_LRP034c,0,MiniBus
15506,MiniBus65678,N208_LRP034d,0,MiniBus
15507,MediumTruck65679,N208_LRP027b,0,MediumTruck
15508,MediumTruck65680,N1_LRP027a,0,MediumTruck
15509,MediumTruck65685,N102_LRP055c,0,MediumTruck
15510,MediumTruck65686,N1_LRP120b,0,MediumTruck
15511,MediumTruck65689,N105_LRP021d,0,MediumTruck
15512,MediumTruck65692,N2_LRP122b,0,MediumTruck
15513,MediumTruck65694,N208_LRP027f,0,MediumTruck
15514,SmallTruck65695,N208_LRP031b,0,SmallTruck
15515,SmallTruck65697,N1_LRP436a,0,SmallTruck
15516,MiniBus65698,N2_LRP025b,0,MiniBus
15517,MediumTruck65699,N2_LRP264a,0,MediumTruck
15518,MiniBus65702,N1_LRP122a,0,MiniBus
15519,SmallTruck65704,N105_LRP023c,0,SmallTruck
15520,MediumTruck65708,N2_LRP126a,0,MediumTruck
15521,MediumTruck65708,N2_LRP125d,0,MediumTruck
15522,MediumTruck65708,N2_LRP125c,0,MediumTruck
15523,MediumTruck65708,N2_LRP125b,0,MediumTruck
15524,MediumTruck65713,N1_LRP440a,0,MediumTruck
15525,MediumTruck65716,N102_LRP019a,0,MediumTruck
15526,MediumTruck65716,N102_LRP019b,0,MediumTruck
15527,MediumTruck65720,N2_LRP018a,0,MediumTruck
15528,MediumTruck65722,N2_LRP135b,0,MediumTruck
15529,SmallTruck65724,N2_LRP130c,0,SmallTruck
15530,SmallTruck65724,N2_LRP130b,0,SmallTruck
15531,SmallTruck65725,N2_LRP176e,0,SmallTruck
15532,SmallTruck65725,N2_LRP176d,0,SmallTruck
15533,SmallTruck65725,N2_LRP176c,0,SmallTruck
15534,SmallTruck65725,N2_LRP176b,0,SmallTruck
15535,SmallTruck65727,N2_LRP211b,0,SmallTruck
15536,MediumTruck65729,N1_LRP444e,0,MediumTruck
15537,MediumTruck65729,N1_LRP444d,0,MediumTruck
15538,MediumTruck65729,N1_LRP444c,0,MediumTruck
15539,MediumTruck65729,N1_LRP444b,0,MediumTruck
15540,MediumTruck65729,N1_LRP444a,0,MediumTruck
15541,SmallTruck65732,N102_LRP015a,0,SmallTruck
15542,LargeBus65745,N1_LRP447c,0,LargeBus
15543,LargeBus65745,N1_LRP447b,0,LargeBus
15544,LargeBus65745,N1_LRP447a,0,LargeBus
15545,LargeBus65747,N2_LRP276a,0,LargeBus
15546,MediumTruck65761,N1_LRP452c,0,MediumTruck
15547,MediumTruck65761,N1_LRP452a,0,MediumTruck
15548,MediumTruck65761,N1_LRP451e,0,MediumTruck
15549,MediumTruck65769,N105_LRP042b,0,MediumTruck
15550,MediumTruck65777,N1_LRP456a,0,MediumTruck
15551,MediumTruck65779,N2_LRP285a,0,MediumTruck
15552,MediumTruck65779,N2_LRP284c,0,MediumTruck
15553,SmallTruck65786,N2_LRP119c,0,SmallTruck
15554,SmallTruck65786,N2_LRP120a,0,SmallTruck
15555,MediumTruck65791,N2_LRP230c,0,MediumTruck
15556,MediumTruck65791,N2_LRP230e,0,MediumTruck
15557,MiniBus65280,N1_LRP143a,0,MiniBus
15558,MediumTruck65282,N2_LRP126c,0,MediumTruck
15559,MediumTruck65282,N2_LRP126d,0,MediumTruck
15560,MediumTruck65282,N2_LRP127b,0,MediumTruck
15561,MiniBus65295,N2_LRP098b,0.5847436749212633,MiniBus
15562,LargeBus65298,N2_LRP133a,0,LargeBus
15563,LargeBus65299,N2_LRP156a,0,LargeBus
15564,MediumTruck65314,N2_LRP118g,0,MediumTruck
15565,SmallTruck65316,N2_LRP046c,0,SmallTruck
15566,SmallTruck65316,N2_LRP047a,0,SmallTruck
15567,SmallTruck65316,N2_LRP047c,0,SmallTruck
15568,MediumTruck65326,N2_LRP171d,0,MediumTruck
15569,MediumTruck65326,N2_LRP170j,0,MediumTruck
15570,MediumTruck65326,N2_LRP170i,0,MediumTruck
15571,MediumTruck65326,N2_LRP170h,0,MediumTruck
15572,MediumTruck65326,N2_LRP170g,0,MediumTruck
15573,MediumTruck65326,N2_LRP170f,0.02725630751940152,MediumTruck
15574,SmallTruck65329,N1_LRP350a,0,SmallTruck
15575,SmallTruck65331,N2_LRP177a,0,SmallTruck
15576,SmallTruck65346,N2_LRP106b,0,SmallTruck
15577,SmallTruck65347,N2_LRP183c,0,SmallTruck
15578,MediumTruck65353,N2_LRP087a,0,MediumTruck
15579,SmallTruck65355,N2_LRP188a,0,SmallTruck
15580,MediumTruck65356,N2_LRP042a,0,MediumTruck
15581,MediumTruck65358,N2_LRP181c,0,MediumTruck
15582,MiniBus65361,N1_LRP353b,0,MiniBus
15583,MiniBus65361,N1_LRP353a,0,MiniBus
15584,MiniBus65361,N1_LRP352a,0,MiniBus
15585,MediumTruck65362,N2_LRP102a,0,MediumTruck
15586,LargeBus65366,N1_LRP027a,0,LargeBus
15587,MediumTruck65367,N1_LRP083b,0,MediumTruck
15588,MediumTruck65387,N2_LRP050a,0,MediumTruck
15589,MiniBus65390,N2_LRP178b,0,MiniBus
15590,MiniBus65390,N2_LRP178a,0,MiniBus
15591,MiniBus65393,N1_LRP364c,0,MiniBus
15592,MiniBus65393,N1_LRP364a,0,MiniBus
15593,MiniBus65393,N1_LRP363b,0,MiniBus
15594,LargeBus65394,N2_LRP102a,0,LargeBus
15595,MediumTruck65403,N2_LRP056a,0,MediumTruck
15596,MediumTruck65404,N2_LRP053a,0,MediumTruck
15597,MiniBus65405,N2_LRP091b,0,MiniBus
15598,LargeBus65407,N2_LRP128a,0,LargeBus
15599,LargeBus65407,N2_LRP127c,0,LargeBus
15600,LargeBus65408,N1_LRP107a,0,LargeBus
15601,MediumTruck65409,N1_LRP370e,0,MediumTruck
15602,SmallTruck65416,N2_LRP093a,0,SmallTruck
15603,LargeBus65419,N2_LRP048b,0,LargeBus
15604,MediumTruck65421,N2_LRP103c,0,MediumTruck
15605,LargeBus65422,N2_LRP183d,0.24032646093247623,LargeBus
15606,MediumTruck65425,N1_LRP374c,0,MediumTruck
15607,MediumTruck65425,N1_LRP374a,0,MediumTruck
15608,MediumTruck65425,N1_LRP373b,0,MediumTruck
15609,SmallTruck65430,N1_LRP231a,0,SmallTruck
15610,LargeBus65431,N1_LRP198a,0,LargeBus
15611,LargeBus65434,N2_LRP018a,0,LargeBus
15612,MediumTruck65436,N2_LRP059a,0,MediumTruck
15613,MediumTruck65436,N2_LRP058c,0,MediumTruck
15614,MediumTruck65441,N1_LRP377f,0,MediumTruck
15615,MediumTruck65457,N1_LRP383b,0,MediumTruck
15616,MediumTruck65473,N1_LRP387f,0,MediumTruck
15617,MediumTruck65473,N1_LRP387e,0,MediumTruck
15618,MediumTruck65474,N2_LRP079b,3.1806860805226655,MediumTruck
15619,SmallTruck65483,N2_LRP161b,0,SmallTruck
15620,SmallTruck65483,N2_LRP161c,0,SmallTruck
15621,SmallTruck65483,N2_LRP162a,0.564337517354384,SmallTruck
15622,SmallTruck65485,N2_LRP118e,0,SmallTruck
15623,SmallTruck65485,N2_LRP118b,0,SmallTruck
15624,SmallTruck65485,N2_LRP118a,0,SmallTruck
15625,MediumTruck65488,N1_LRP077a,0,MediumTruck
15626,MediumTruck65489,N1_LRP391a,0,MediumTruck
15627,SmallTruck65490,N2_LRP076a,0,SmallTruck
15628,LargeBus65495,N1_LRP109a,0,LargeBus
15629,MiniBus65500,N2_LRP066a,0,MiniBus
15630,LargeBus65505,N1_LRP391a,0,LargeBus
15631,HeavyTruck65506,N2_LRP072a,0,HeavyTruck
15632,LargeBus65509,N102_LRP002c,0,LargeBus
15633,LargeBus65509,N102_LRP002b,0,LargeBus
15634,LargeBus65509,N102_LRP002a,0,LargeBus
15635,MediumTruck65513,N1_LRP036c,0,MediumTruck
15636,MiniBus65515,N2_LRP159d,0,MiniBus
15637,MiniBus65515,N2_LRP160a,0,MiniBus
15638,SmallTruck65517,N2_LRP126d,0,SmallTruck
15639,SmallTruck65517,N2_LRP126c,0,SmallTruck
15640,SmallTruck65517,N2_LRP126b,0,SmallTruck
15641,SmallTruck65519,N2_LRP162e,0,SmallTruck
15642,SmallTruck65519,N2_LRP162d,0,SmallTruck
15643,SmallTruck65519,N2_LRP162c,0,SmallTruck
15644,MediumTruck65521,N1_LRP398a,0,MediumTruck
15645,MediumTruck65536,N2_LRP055b,0,MediumTruck
15646,MediumTruck65536,N2_LRP056a,0,MediumTruck
15647,MediumTruck65538,N2_LRP064a,0,MediumTruck
15648,LargeBus65542,N1_LRP077a,0,LargeBus
15649,MediumTruck65545,N2_LRP040b,0,MediumTruck
15650,MediumTruck65551,N2_LRP170b,0,MediumTruck
15651,MediumTruck65551,N2_LRP170a,0,MediumTruck
15652,MediumTruck65551,N2_LRP169f,0,MediumTruck
15653,MediumTruck65551,N2_LRP169e,0,MediumTruck
15654,MediumTruck65551,N2_LRP169d,0,MediumTruck
15655,MediumTruck65551,N2_LRP169c,0,MediumTruck
15656,MediumTruck65555,N2_LRP228b,0,MediumTruck
15657,HeavyTruck65564,N207_LRP061d,0,HeavyTruck
15658,MediumTruck65569,N1_LRP414a,0,MediumTruck
15659,MediumTruck65571,N2_LRP230e,0,MediumTruck
15660,LargeBus65575,N1_LRP131b,0,LargeBus
15661,SmallTruck65577,N1_LRP020a,0,SmallTruck
15662,MediumTruck65578,N2_LRP064a,0,MediumTruck
15663,SmallTruck65579,N2_LRP139a,0,SmallTruck
15664,SmallTruck65579,N2_LRP139b,0,SmallTruck
15665,MiniBus65585,N1_LRP408a,0,MiniBus
15666,MediumTruck65589,N102_LRP029d,0,MediumTruck
15667,SmallTruck65592,N2_LRP048b,0,SmallTruck
15668,MiniBus65599,N2_LRP182b,0,MiniBus
15669,MiniBus65599,N2_LRP182a,0,MiniBus
15670,MediumTruck65605,N102_LRP034b,0,MediumTruck
15671,MediumTruck65612,N2_LRP186d,0,MediumTruck
15672,LargeBus65618,N2_LRP045b,0,LargeBus
15673,SmallTruck65619,N2_LRP243a,0,SmallTruck
15674,SmallTruck65620,N1_LRP127a,0,SmallTruck
15675,LargeBus65621,N102_LRP033c,0,LargeBus
15676,MediumTruck65622,N104_LRP044d,0,MediumTruck
15677,MediumTruck65627,N2_LRP127b,0,MediumTruck
15678,SmallTruck65631,N2_LRP188a,0,SmallTruck
15679,LargeBus65632,N2_LRP035b,0,LargeBus
15680,MediumTruck65633,N1_LRP423d,0,MediumTruck
15681,MediumTruck65633,N1_LRP423c,0,MediumTruck
15682,MediumTruck65633,N1_LRP423b,0.17496294884854915,MediumTruck
15683,LargeBus65637,N102_LRP038b,0,LargeBus
15684,LargeBus65637,N102_LRP037d,0,LargeBus
15685,MediumTruck65640,N105_LRP041c,0,MediumTruck
15686,MediumTruck65642,N2_LRP155a,0,MediumTruck
15687,MiniBus65647,N2_LRP186c,0,MiniBus
15688,MiniBus65647,N2_LRP186b,1.5918673388647353,MiniBus
15689,MediumTruck65648,N1_LRP036c,0,MediumTruck
15690,LargeBus65649,N1_LRP423d,0,LargeBus
15691,LargeBus65649,N1_LRP423c,0,LargeBus
15692,LargeBus65649,N1_LRP423b,0.495890953727345,LargeBus
15693,LargeBus65650,N2_LRP040a,0,LargeBus
15694,LargeBus65650,N2_LRP040b,0,LargeBus
15695,MediumTruck65656,N2_LRP035b,0,MediumTruck
15696,MediumTruck65665,N1_LRP429c,0,MediumTruck
15697,MediumTruck65665,N1_LRP429b,0,MediumTruck
15698,MediumTruck65665,N1_LRP429a,0,MediumTruck
15699,SmallTruck65671,N104_LRP017b,0,SmallTruck
15700,LargeBus65676,N2_LRP180a,0,LargeBus
15701,LargeBus65677,N2_LRP163a,0,LargeBus
15702,LargeBus65677,N2_LRP162e,0,LargeBus
15703,LargeBus65677,N2_LRP162d,0,LargeBus
15704,LargeBus65677,N2_LRP162c,0,LargeBus
15705,LargeBus65681,N1_LRP431b,0,LargeBus
15706,LargeBus65681,N1_LRP431a,0,LargeBus
15707,LargeBus65681,N1_LRP430c,0,LargeBus
15708,MediumTruck65689,N105_LRP020c,0,MediumTruck
15709,MediumTruck65692,N2_LRP121c,0,MediumTruck
15710,LargeBus65693,N2_LRP221b,0,LargeBus
15711,MediumTruck65694,N208_LRP028d,0,MediumTruck
15712,SmallTruck65697,N1_LRP435c,0,SmallTruck
15713,SmallTruck65701,N102_LRP058a,0,SmallTruck
15714,MediumTruck65705,N105_LRP024c,0,MediumTruck
15715,MediumTruck65708,N2_LRP125a,0,MediumTruck
15716,MediumTruck65708,N2_LRP124c,0,MediumTruck
15717,SmallTruck65709,N2_LRP171e,0,SmallTruck
15718,MiniBus65710,N208_LRP027b,0,MiniBus
15719,MiniBus65710,N208_LRP027d,0,MiniBus
15720,MediumTruck65711,N208_LRP034d,0,MediumTruck
15721,MediumTruck65711,N208_LRP034c,0,MediumTruck
15722,SmallTruck65712,N1_LRP020a,0,SmallTruck
15723,MediumTruck65713,N1_LRP439a,0,MediumTruck
15724,LargeBus65714,N1_LRP030a,0,LargeBus
15725,HeavyTruck65717,N102_LRP062c,0,HeavyTruck
15726,HeavyTruck65717,N102_LRP062b,0,HeavyTruck
15727,MiniBus65721,N105_LRP027c,0,MiniBus
15728,SmallTruck65724,N2_LRP130a,0,SmallTruck
15729,SmallTruck65724,N2_LRP129c,0,SmallTruck
15730,SmallTruck65725,N2_LRP175f,0,SmallTruck
15731,SmallTruck65725,N2_LRP175e,0,SmallTruck
15732,SmallTruck65725,N2_LRP175d,0,SmallTruck
15733,SmallTruck65725,N2_LRP175c,0,SmallTruck
15734,MediumTruck65729,N1_LRP443d,0,MediumTruck
15735,MediumTruck65729,N1_LRP443c,0,MediumTruck
15736,MediumTruck65730,N2_LRP016a,0,MediumTruck
15737,LargeBus65745,N1_LRP446d,0,LargeBus
15738,LargeBus65745,N1_LRP446b,0,LargeBus
15739,LargeBus65747,N2_LRP274e,0,LargeBus
15740,SmallTruck65754,N2_LRP106b,0,SmallTruck
15741,SmallTruck65754,N2_LRP106a,0,SmallTruck
15742,MediumTruck65758,N208_LRP011b,0,MediumTruck
15743,MediumTruck65761,N1_LRP451b,0,MediumTruck
15744,MediumTruck65761,N1_LRP450e,1.1654187209807771,MediumTruck
15745,MediumTruck65777,N1_LRP455a,0,MediumTruck
15746,MediumTruck65779,N2_LRP284b,0,MediumTruck
15747,SmallTruck65786,N2_LRP121a,0,SmallTruck
15748,SmallTruck65789,N2_LRP188a,0,SmallTruck
15749,SmallTruck65789,N2_LRP187b,0,SmallTruck
15750,MediumTruck65791,N2_LRP231c,0,MediumTruck
15751,SmallTruck65281,N1_LRP341a,0,SmallTruck
15752,SmallTruck65281,N1_LRP340a,0,SmallTruck
15753,MediumTruck65282,N2_LRP127c,0,MediumTruck
15754,MediumTruck65282,N2_LRP128a,0,MediumTruck
15755,MediumTruck65285,N1_LRP034a,0,MediumTruck
15756,LargeBus65298,N2_LRP134b,0,LargeBus
15757,LargeBus65298,N2_LRP134c,0,LargeBus
15758,LargeBus65299,N2_LRP155a,0,LargeBus
15759,LargeBus65308,N2_LRP016a,0,LargeBus
15760,MediumTruck65312,N2_LRP108a,0,MediumTruck
15761,MediumTruck65314,N2_LRP119c,0,MediumTruck
15762,MediumTruck65314,N2_LRP120a,0,MediumTruck
15763,SmallTruck65316,N2_LRP048a,0,SmallTruck
15764,MediumTruck65321,N2_LRP095a,0,MediumTruck
15765,SmallTruck65323,N2_LRP035b,0,SmallTruck
15766,MediumTruck65326,N2_LRP170e,0,MediumTruck
15767,MediumTruck65326,N2_LRP170c,0,MediumTruck
15768,SmallTruck65331,N2_LRP176e,0,SmallTruck
15769,SmallTruck65331,N2_LRP176d,0,SmallTruck
15770,SmallTruck65331,N2_LRP176c,0,SmallTruck
15771,SmallTruck65331,N2_LRP176b,0,SmallTruck
15772,MediumTruck65337,N2_LRP091b,0,MediumTruck
15773,MediumTruck65337,N2_LRP092a,0,MediumTruck
15774,MediumTruck65337,N2_LRP092b,0,MediumTruck
15775,SmallTruck65347,N2_LRP183a,0,SmallTruck
15776,SmallTruck65347,N2_LRP182d,0,SmallTruck
15777,MediumTruck65356,N2_LRP041b,0,MediumTruck
15778,MediumTruck65358,N2_LRP180c,0,MediumTruck
15779,MediumTruck65360,N1_LRP111a,0,MediumTruck
15780,MediumTruck65362,N2_LRP103c,0,MediumTruck
15781,LargeBus65366,N1_LRP026b,0,LargeBus
15782,LargeBus65366,N1_LRP026a,0,LargeBus
15783,MediumTruck65367,N1_LRP083a,0,MediumTruck
15784,SmallTruck65372,N2_LRP042a,0,SmallTruck
15785,SmallTruck65373,N2_LRP090a,0,SmallTruck
15786,MediumTruck65377,N1_LRP364d,0,MediumTruck
15787,MediumTruck65380,N2_LRP035b,0,MediumTruck
15788,LargeBus65388,N208_LRP031d,0,LargeBus
15789,LargeBus65394,N2_LRP103c,0,LargeBus
15790,LargeBus65395,N2_LRP183c,0,LargeBus
15791,MediumTruck65403,N2_LRP055b,0,MediumTruck
15792,MediumTruck65404,N2_LRP052a,0,MediumTruck
15793,MiniBus65405,N2_LRP090a,0,MiniBus
15794,LargeBus65407,N2_LRP127b,0,LargeBus
15795,LargeBus65407,N2_LRP126d,0,LargeBus
15796,LargeBus65407,N2_LRP126c,0,LargeBus
15797,LargeBus65407,N2_LRP126b,0,LargeBus
15798,LargeBus65408,N1_LRP109a,0,LargeBus
15799,MediumTruck65409,N1_LRP370c,0,MediumTruck
15800,MediumTruck65409,N1_LRP370a,0,MediumTruck
15801,MediumTruck65409,N1_LRP369c,0,MediumTruck
15802,LargeBus65419,N2_LRP048a,0,LargeBus
15803,LargeBus65419,N2_LRP047c,0,LargeBus
15804,LargeBus65419,N2_LRP047a,0,LargeBus
15805,MediumTruck65421,N2_LRP102a,0,MediumTruck
15806,LargeBus65422,N2_LRP183c,0,LargeBus
15807,MediumTruck65425,N1_LRP373a,0,MediumTruck
15808,SmallTruck65430,N1_LRP231b,0,SmallTruck
15809,LargeBus65431,N1_LRP199a,0,LargeBus
15810,LargeBus65431,N1_LRP199b,0,LargeBus
15811,MediumTruck65441,N1_LRP377d,0,MediumTruck
15812,MediumTruck65441,N1_LRP377c,0,MediumTruck
15813,MediumTruck65441,N1_LRP377a,0,MediumTruck
15814,MediumTruck65457,N1_LRP383a,0,MediumTruck
15815,MediumTruck65457,N1_LRP382b,0,MediumTruck
15816,SmallTruck65459,N208_LRP031d,0,SmallTruck
15817,MediumTruck65465,N2_LRP060c,0,MediumTruck
15818,MediumTruck65465,N2_LRP061a,0,MediumTruck
15819,MediumTruck65473,N1_LRP387b,0,MediumTruck
15820,MediumTruck65473,N1_LRP387a,0,MediumTruck
15821,MediumTruck65473,N1_LRP386f,0,MediumTruck
15822,MediumTruck65473,N1_LRP386e,0,MediumTruck
15823,MediumTruck65476,N102_LRP082a,0,MediumTruck
15824,SmallTruck65477,N102_LRPSc,0,SmallTruck
15825,SmallTruck65483,N2_LRP162c,0,SmallTruck
15826,SmallTruck65483,N2_LRP162d,0,SmallTruck
15827,SmallTruck65483,N2_LRP162e,0,SmallTruck
15828,SmallTruck65490,N2_LRP076b,0,SmallTruck
15829,MediumTruck65497,N2_LRP052a,0,MediumTruck
15830,LargeBus65505,N1_LRP390a,0,LargeBus
15831,SmallTruck65511,N1_LRP120b,0,SmallTruck
15832,MiniBus65515,N2_LRP161a,0,MiniBus
15833,SmallTruck65517,N2_LRP126a,0,SmallTruck
15834,SmallTruck65517,N2_LRP125d,0,SmallTruck
15835,SmallTruck65517,N2_LRP125c,0,SmallTruck
15836,SmallTruck65517,N2_LRP125b,0,SmallTruck
15837,SmallTruck65519,N2_LRP162a,1.5540907496853535,SmallTruck
15838,MediumTruck65523,N2_LRP219a,0,MediumTruck
15839,SmallTruck65532,N2_LRP081b,0,SmallTruck
15840,SmallTruck65532,N2_LRP081a,0,SmallTruck
15841,MediumTruck65533,N2_LRP130c,0,MediumTruck
15842,MediumTruck65533,N2_LRP130b,0,MediumTruck
15843,MediumTruck65535,N2_LRP165d,0,MediumTruck
15844,MediumTruck65535,N2_LRP165c,0,MediumTruck
15845,MediumTruck65535,N2_LRP164d,0,MediumTruck
15846,MediumTruck65536,N2_LRP057a,0,MediumTruck
15847,MediumTruck65538,N2_LRP064b,0,MediumTruck
15848,SmallTruck65539,N2_LRP224b,0,SmallTruck
15849,MediumTruck65541,N102_LRP017a,0,MediumTruck
15850,MediumTruck65545,N2_LRP041b,0,MediumTruck
15851,MediumTruck65545,N2_LRP042a,0,MediumTruck
15852,MediumTruck65551,N2_LRP169b,0,MediumTruck
15853,SmallTruck65552,N2_LRP052a,0,SmallTruck
15854,LargeBus65557,N102_LRP015a,0,LargeBus
15855,MediumTruck65571,N2_LRP230c,0,MediumTruck
15856,SmallTruck65579,N2_LRP140a,0.13059041966483467,SmallTruck
15857,MediumTruck65590,N1_LRP094a,0,MediumTruck
15858,MediumTruck65593,N2_LRP029b,0,MediumTruck
15859,MiniBus65599,N2_LRP181c,0,MiniBus
15860,MediumTruck65601,N1_LRP417b,0,MediumTruck
15861,MediumTruck65601,N1_LRP416e,0,MediumTruck
15862,MediumTruck65601,N1_LRP416d,0,MediumTruck
15863,MediumTruck65602,N2_LRP046c,0,MediumTruck
15864,MediumTruck65602,N2_LRP047a,0,MediumTruck
15865,MediumTruck65602,N2_LRP047c,0,MediumTruck
15866,MediumTruck65605,N102_LRP033c,0,MediumTruck
15867,SmallTruck65611,N2_LRP103c,0,SmallTruck
15868,MediumTruck65612,N2_LRP187b,0,MediumTruck
15869,LargeBus65617,N1_LRP417b,0,LargeBus
15870,LargeBus65617,N1_LRP416e,0,LargeBus
15871,LargeBus65617,N1_LRP416d,0,LargeBus
15872,LargeBus65618,N2_LRP046c,0,LargeBus
15873,SmallTruck65619,N2_LRP242a,0,SmallTruck
15874,MediumTruck65624,N2_LRP043d,0,MediumTruck
15875,MediumTruck65624,N2_LRP044a,0,MediumTruck
15876,MediumTruck65625,N105_LRP003a,0,MediumTruck
15877,MediumTruck65627,N2_LRP127c,0,MediumTruck
15878,MediumTruck65627,N2_LRP128a,0,MediumTruck
15879,SmallTruck65631,N2_LRP187b,0,SmallTruck
15880,MediumTruck65635,N2_LRP246c,0,MediumTruck
15881,LargeBus65637,N102_LRP037c,0,LargeBus
15882,MediumTruck65638,N1_LRP107a,0,MediumTruck
15883,MediumTruck65642,N2_LRP156a,0,MediumTruck
15884,LargeBus65650,N2_LRP041b,0,LargeBus
15885,LargeBus65651,N2_LRP246c,0,LargeBus
15886,SmallTruck65653,N102_LRP045a,0,SmallTruck
15887,SmallTruck65654,N1_LRP111a,0,SmallTruck
15888,MediumTruck65661,N2_LRP226c,0,MediumTruck
15889,MediumTruck65661,N2_LRP226d,0,MediumTruck
15890,MediumTruck65664,N1_LRP033a,0,MediumTruck
15891,MediumTruck65664,N1_LRP033b,0,MediumTruck
15892,MediumTruck65665,N1_LRP428d,0,MediumTruck
15893,MediumTruck65665,N1_LRP428c,0,MediumTruck
15894,MediumTruck65665,N1_LRP428b,0,MediumTruck
15895,MediumTruck65665,N1_LRP428a,0,MediumTruck
15896,MiniBus65674,N2_LRP084a,0,MiniBus
15897,LargeBus65676,N2_LRP180c,0,LargeBus
15898,LargeBus65677,N2_LRP162a,2.5540907496853533,LargeBus
15899,LargeBus65681,N1_LRP430b,0,LargeBus
15900,LargeBus65681,N1_LRP430a,0,LargeBus
15901,LargeBus65681,N1_LRP429f,0,LargeBus
15902,MediumTruck65682,N2_LRP029b,0,MediumTruck
15903,SmallTruck65684,N102_LRP028c,0,SmallTruck
15904,MediumTruck65686,N1_LRP119a,0,MediumTruck
15905,LargeBus65687,N104_LRP017b,0,LargeBus
15906,MiniBus65691,N204_LRP003b,0,MiniBus
15907,MediumTruck65692,N2_LRP121a,0,MediumTruck
15908,MediumTruck65694,N208_LRP029c,0,MediumTruck
15909,SmallTruck65695,N208_LRP029c,0,SmallTruck
15910,MiniBus65702,N1_LRP120b,0,MiniBus
15911,SmallTruck65704,N105_LRP024c,0,SmallTruck
15912,MediumTruck65708,N2_LRP123e,0,MediumTruck
15913,MediumTruck65708,N2_LRP123d,0,MediumTruck
15914,SmallTruck65709,N2_LRP171d,0,SmallTruck
15915,SmallTruck65709,N2_LRP170j,0,SmallTruck
15916,SmallTruck65709,N2_LRP170i,0,SmallTruck
15917,SmallTruck65709,N2_LRP170h,0,SmallTruck
15918,SmallTruck65709,N2_LRP170g,0,SmallTruck
15919,SmallTruck65709,N2_LRP170f,0.045172487715509094,SmallTruck
15920,MiniBus65710,N208_LRP027f,0,MiniBus
15921,LargeBus65715,N2_LRP264a,0,LargeBus
15922,MediumTruck65719,N104_LRP028a,0,MediumTruck
15923,SmallTruck65724,N2_LRP129b,0,SmallTruck
15924,SmallTruck65724,N2_LRP129a,0,SmallTruck
15925,SmallTruck65724,N2_LRP128b,0,SmallTruck
15926,HeavyTruck65733,N102_LRP065a,0,HeavyTruck
15927,MediumTruck65736,N2_LRP016a,0,MediumTruck
15928,MediumTruck65737,N105_LRP032c,0,MediumTruck
15929,MediumTruck65737,N105_LRP032b,0,MediumTruck
15930,LargeBus65745,N1_LRP445d,0,LargeBus
15931,LargeBus65745,N1_LRP445b,0,LargeBus
15932,SmallTruck65759,N2_LRP216b,0,SmallTruck
15933,MediumTruck65769,N105_LRP041c,0,MediumTruck
15934,MediumTruck65772,N207_LRP008c,0,MediumTruck
15935,MediumTruck65773,N2_LRP184c,0,MediumTruck
15936,MediumTruck65779,N2_LRP283b,0,MediumTruck
15937,LargeBus65782,N1_LRP143a,0,LargeBus
15938,SmallTruck65786,N2_LRP121c,0,SmallTruck
15939,MiniBus65790,N208_LRP004c,0,MiniBus
15940,MediumTruck65791,N2_LRP231d,0,MediumTruck
15941,LargeBus65798,N104_LRPSa,0,LargeBus
15942,MediumTruck65804,N2_LRP147a,0,MediumTruck
15943,MediumTruck65804,N2_LRP147b,0,MediumTruck
15944,SmallTruck65807,N2_LRP228b,0,SmallTruck
15945,MiniBus65280,N1_LRP145a,0,MiniBus
15946,MediumTruck65282,N2_LRP128b,0,MediumTruck
15947,MediumTruck65285,N1_LRP033b,0,MediumTruck
15948,MediumTruck65285,N1_LRP033a,0,MediumTruck
15949,MiniBus65295,N2_LRP097a,0,MiniBus
15950,LargeBus65298,N2_LRP135a,0,LargeBus
15951,LargeBus65298,N2_LRP135b,0,LargeBus
15952,LargeBus65299,N2_LRP154c,0,LargeBus
15953,MediumTruck65314,N2_LRP121a,0,MediumTruck
15954,SmallTruck65316,N2_LRP048b,0,SmallTruck
15955,MediumTruck65321,N2_LRP096a,0,MediumTruck
15956,MediumTruck65321,N2_LRP096c,0,MediumTruck
15957,MediumTruck65326,N2_LRP170b,0,MediumTruck
15958,MediumTruck65326,N2_LRP170a,0,MediumTruck
15959,MediumTruck65326,N2_LRP169f,0,MediumTruck
15960,MediumTruck65326,N2_LRP169e,0,MediumTruck
15961,MediumTruck65326,N2_LRP169d,0,MediumTruck
15962,MediumTruck65326,N2_LRP169c,0,MediumTruck
15963,SmallTruck65329,N1_LRP349a,0,SmallTruck
15964,SmallTruck65329,N1_LRP348b,0,SmallTruck
15965,SmallTruck65331,N2_LRP175f,0,SmallTruck
15966,SmallTruck65331,N2_LRP175e,0,SmallTruck
15967,SmallTruck65331,N2_LRP175d,0,SmallTruck
15968,SmallTruck65331,N2_LRP175c,0,SmallTruck
15969,MediumTruck65337,N2_LRP093a,0,MediumTruck
15970,MediumTruck65341,N2_LRP084a,0,MediumTruck
15971,MediumTruck65342,N2_LRP172d,0,MediumTruck
15972,MediumTruck65342,N2_LRP172c,0,MediumTruck
15973,SmallTruck65346,N2_LRP108a,0,SmallTruck
15974,SmallTruck65347,N2_LRP182b,0,SmallTruck
15975,SmallTruck65347,N2_LRP182a,0,SmallTruck
15976,MediumTruck65356,N2_LRP040b,0,MediumTruck
15977,MediumTruck65358,N2_LRP180a,0,MediumTruck
15978,MediumTruck65360,N1_LRP112a,0,MediumTruck
15979,MiniBus65361,N1_LRP351a,0,MiniBus
15980,MediumTruck65362,N2_LRP104a,0,MediumTruck
15981,LargeBus65363,N2_LRP172d,0,LargeBus
15982,LargeBus65363,N2_LRP172c,0,LargeBus
15983,SmallTruck65372,N2_LRP041b,0,SmallTruck
15984,LargeBus65376,N1_LRP118d,0,LargeBus
15985,MediumTruck65377,N1_LRP364c,0,MediumTruck
15986,MediumTruck65377,N1_LRP364a,0,MediumTruck
15987,MediumTruck65387,N2_LRP048b,0,MediumTruck
15988,LargeBus65388,N208_LRP031b,0,LargeBus
15989,MiniBus65390,N2_LRP177a,0,MiniBus
15990,MiniBus65390,N2_LRP176e,0,MiniBus
15991,MiniBus65390,N2_LRP176d,0,MiniBus
15992,MiniBus65390,N2_LRP176c,0,MiniBus
15993,MiniBus65390,N2_LRP176b,0,MiniBus
15994,LargeBus65394,N2_LRP104a,0,LargeBus
15995,LargeBus65395,N2_LRP183a,0,LargeBus
15996,LargeBus65395,N2_LRP182d,0,LargeBus
15997,MediumTruck65402,N2_LRP018a,0,MediumTruck
15998,MediumTruck65403,N2_LRP054b,0,MediumTruck
15999,MediumTruck65403,N2_LRP054a,0,MediumTruck
16000,LargeBus65407,N2_LRP126a,0,LargeBus
16001,LargeBus65407,N2_LRP125d,0,LargeBus
16002,MediumTruck65409,N1_LRP369b,0,MediumTruck
16003,MediumTruck65409,N1_LRP369a,0,MediumTruck
16004,MediumTruck65410,N2_LRP095a,0,MediumTruck
16005,LargeBus65419,N2_LRP046c,0,LargeBus
16006,LargeBus65422,N2_LRP183a,0,LargeBus
16007,LargeBus65422,N2_LRP182d,0,LargeBus
16008,MediumTruck65425,N1_LRP372c,0,MediumTruck
16009,MediumTruck65425,N1_LRP372a,0,MediumTruck
16010,SmallTruck65430,N1_LRP232a,0,SmallTruck
16011,LargeBus65431,N1_LRP199c,0,LargeBus
16012,MediumTruck65436,N2_LRP057b,0,MediumTruck
16013,MediumTruck65436,N2_LRP057a,0,MediumTruck
16014,MediumTruck65441,N1_LRP376a,0,MediumTruck
16015,SmallTruck65443,N2_LRP200c,0,SmallTruck
16016,MediumTruck65457,N1_LRP382a,0,MediumTruck
16017,MediumTruck65457,N1_LRP381c,0,MediumTruck
16018,MediumTruck65457,N1_LRP381b,0,MediumTruck
16019,HeavyTruck65460,N2_LRP016a,0,HeavyTruck
16020,MediumTruck65473,N1_LRP386c,0,MediumTruck
16021,MediumTruck65473,N1_LRP386a,0,MediumTruck
16022,MediumTruck65473,N1_LRP385g,0,MediumTruck
16023,SmallTruck65475,N2_LRP207b,0,SmallTruck
16024,SmallTruck65483,N2_LRP163a,0,SmallTruck
16025,SmallTruck65483,N2_LRP163b,0,SmallTruck
16026,SmallTruck65483,N2_LRP163c,0,SmallTruck
16027,SmallTruck65485,N2_LRP117b,0,SmallTruck
16028,SmallTruck65485,N2_LRP117a,0.0001348082164710466,SmallTruck
16029,MediumTruck65489,N1_LRP390a,0,MediumTruck
16030,MediumTruck65489,N1_LRP389d,0,MediumTruck
16031,HeavyTruck65491,N2_LRP211c,0,HeavyTruck
16032,LargeBus65495,N1_LRP107a,0,LargeBus
16033,MediumTruck65497,N2_LRP053a,0,MediumTruck
16034,LargeBus65505,N1_LRP389d,0,LargeBus
16035,HeavyTruck65506,N2_LRP073b,0,HeavyTruck
16036,HeavyTruck65506,N2_LRP073c,0,HeavyTruck
16037,LargeBus65509,N102_LRPSc,0,LargeBus
16038,MiniBus65515,N2_LRP161b,0,MiniBus
16039,MiniBus65515,N2_LRP161c,0,MiniBus
16040,MiniBus65515,N2_LRP162a,3.5540907496853533,MiniBus
16041,SmallTruck65517,N2_LRP125a,0,SmallTruck
16042,SmallTruck65517,N2_LRP124c,0,SmallTruck
16043,SmallTruck65522,N2_LRP069c,0,SmallTruck
16044,SmallTruck65522,N2_LRP069e,0,SmallTruck
16045,SmallTruck65522,N2_LRP070a,0,SmallTruck
16046,SmallTruck65532,N2_LRP079d,0,SmallTruck
16047,SmallTruck65532,N2_LRP079b,2.1806860805226655,SmallTruck
16048,MediumTruck65533,N2_LRP130a,0,MediumTruck
16049,MediumTruck65533,N2_LRP129c,0,MediumTruck
16050,MediumTruck65535,N2_LRP164b,0,MediumTruck
16051,MediumTruck65535,N2_LRP164a,0,MediumTruck
16052,MediumTruck65536,N2_LRP057b,0,MediumTruck
16053,MediumTruck65537,N1_LRP403a,0,MediumTruck
16054,MediumTruck65551,N2_LRP168c,0,MediumTruck
16055,MediumTruck65551,N2_LRP168a,0,MediumTruck
16056,SmallTruck65552,N2_LRP053a,0,SmallTruck
16057,SmallTruck65553,N1_LRP403a,0,SmallTruck
16058,MediumTruck65555,N2_LRP226d,0,MediumTruck
16059,MediumTruck65555,N2_LRP226c,0,MediumTruck
16060,LargeBus65556,N1_LRP014a,0,LargeBus
16061,SmallTruck65563,N2_LRP093a,0,SmallTruck
16062,MediumTruck65569,N1_LRP412d,0,MediumTruck
16063,MediumTruck65569,N1_LRP412b,0,MediumTruck
16064,MediumTruck65571,N2_LRP229c,0,MediumTruck
16065,SmallTruck65572,N102_LRP058a,0,SmallTruck
16066,LargeBus65581,N2_LRP135b,0,LargeBus
16067,LargeBus65581,N2_LRP135a,0,LargeBus
16068,MediumTruck65586,N2_LRP052a,0,MediumTruck
16069,MediumTruck65589,N102_LRP028c,0,MediumTruck
16070,SmallTruck65592,N2_LRP050a,0,SmallTruck
16071,MiniBus65599,N2_LRP180c,0,MiniBus
16072,MiniBus65599,N2_LRP180a,0,MiniBus
16073,MediumTruck65601,N1_LRP415c,1.6115697555484854,MediumTruck
16074,MediumTruck65602,N2_LRP048a,0,MediumTruck
16075,LargeBus65604,N102_LRP055c,0,LargeBus
16076,MediumTruck65606,N1_LRP098a,0,MediumTruck
16077,SmallTruck65611,N2_LRP102a,0,SmallTruck
16078,MediumTruck65612,N2_LRP188a,0,MediumTruck
16079,LargeBus65617,N1_LRP415c,3.423972936959945,LargeBus
16080,LargeBus65618,N2_LRP047a,0,LargeBus
16081,LargeBus65618,N2_LRP047c,0,LargeBus
16082,SmallTruck65619,N2_LRP241c,0,SmallTruck
16083,MediumTruck65624,N2_LRP044c,0,MediumTruck
16084,MediumTruck65627,N2_LRP128b,0,MediumTruck
16085,MediumTruck65627,N2_LRP129a,0,MediumTruck
16086,MediumTruck65630,N208_LRP046b,0,MediumTruck
16087,SmallTruck65631,N2_LRP186d,0,SmallTruck
16088,MediumTruck65633,N1_LRP422b,0,MediumTruck
16089,SmallTruck65634,N1_LRP051a,0,SmallTruck
16090,LargeBus65636,N1_LRP036c,0,LargeBus
16091,LargeBus65637,N102_LRP036d,0,LargeBus
16092,LargeBus65637,N102_LRP036b,0,LargeBus
16093,MediumTruck65640,N105_LRP042b,0,MediumTruck
16094,MediumTruck65642,N2_LRP157a,0,MediumTruck
16095,LargeBus65649,N1_LRP422b,0,LargeBus
16096,LargeBus65649,N1_LRP421f,0,LargeBus
16097,LargeBus65650,N2_LRP042a,0,LargeBus
16098,MediumTruck65658,N2_LRP081b,0,MediumTruck
16099,MediumTruck65658,N2_LRP081a,0,MediumTruck
16100,MediumTruck65664,N1_LRP034a,0,MediumTruck
16101,MediumTruck65665,N1_LRP427e,0,MediumTruck
16102,MediumTruck65665,N1_LRP427d,0,MediumTruck
16103,MediumTruck65665,N1_LRP427b,0,MediumTruck
16104,LargeBus65676,N2_LRP181c,0,LargeBus
16105,MediumTruck65679,N208_LRP024d,0,MediumTruck
16106,MediumTruck65680,N1_LRP030a,0,MediumTruck
16107,LargeBus65681,N1_LRP429c,0,LargeBus
16108,LargeBus65681,N1_LRP429b,0,LargeBus
16109,LargeBus65681,N1_LRP429a,0,LargeBus
16110,LargeBus65681,N1_LRP428d,0,LargeBus
16111,LargeBus65681,N1_LRP428c,0,LargeBus
16112,SmallTruck65684,N102_LRP029d,0,SmallTruck
16113,MediumTruck65686,N1_LRP118d,0,MediumTruck
16114,MediumTruck65692,N2_LRP120a,0,MediumTruck
16115,MediumTruck65692,N2_LRP119c,0,MediumTruck
16116,SmallTruck65695,N208_LRP028d,0,SmallTruck
16117,MediumTruck65699,N2_LRP262a,0,MediumTruck
16118,MediumTruck65699,N2_LRP261b,0,MediumTruck
16119,MediumTruck65705,N105_LRP023c,0,MediumTruck
16120,MediumTruck65708,N2_LRP123c,0,MediumTruck
16121,SmallTruck65709,N2_LRP170e,0,SmallTruck
16122,SmallTruck65709,N2_LRP170c,0,SmallTruck
16123,MiniBus65710,N208_LRP028d,0,MiniBus
16124,MediumTruck65713,N1_LRP438c,0,MediumTruck
16125,MediumTruck65713,N1_LRP438b,0,MediumTruck
16126,MediumTruck65713,N1_LRP438a,0,MediumTruck
16127,MediumTruck65720,N2_LRP021a,0,MediumTruck
16128,MediumTruck65722,N2_LRP138a,0,MediumTruck
16129,MediumTruck65722,N2_LRP138b,0,MediumTruck
16130,SmallTruck65724,N2_LRP128a,0,SmallTruck
16131,SmallTruck65724,N2_LRP127c,0,SmallTruck
16132,MediumTruck65729,N1_LRP441a,0,MediumTruck
16133,SmallTruck65732,N102_LRP017a,0,SmallTruck
16134,MediumTruck65734,N104_LRP017b,0,MediumTruck
16135,MiniBus65738,N2_LRP098b,0.0906583554423567,MiniBus
16136,SmallTruck65739,N204_LRP020b,0,SmallTruck
16137,LargeBus65745,N1_LRP444e,0,LargeBus
16138,LargeBus65745,N1_LRP444d,0,LargeBus
16139,LargeBus65745,N1_LRP444c,0,LargeBus
16140,SmallTruck65754,N2_LRP104a,0,SmallTruck
16141,MiniBus65757,N2_LRP206b,0,MiniBus
16142,SmallTruck65759,N2_LRP216a,0,SmallTruck
16143,MediumTruck65761,N1_LRP450c,0,MediumTruck
16144,MiniBus65766,N104_LRP010a,0,MiniBus
16145,MediumTruck65769,N105_LRP040c,0,MediumTruck
16146,MediumTruck65773,N2_LRP183d,0.08668021976499624,MediumTruck
16147,SmallTruck65776,N1_LRP004b,0,SmallTruck
16148,LargeBus65782,N1_LRP142a,0,LargeBus
16149,MediumTruck65783,N104_LRP044d,0,MediumTruck
16150,SmallTruck65786,N2_LRP122b,0,SmallTruck
16151,SmallTruck65789,N2_LRP186d,0,SmallTruck
16152,SmallTruck65789,N2_LRP186c,0,SmallTruck
16153,MediumTruck65797,N102_LRP082a,0,MediumTruck
16154,MediumTruck65804,N2_LRP147d,0,MediumTruck
16155,MediumTruck65804,N2_LRP148b,0,MediumTruck
16156,SmallTruck65281,N1_LRP339c,1.8165260484821966,SmallTruck
16157,MediumTruck65282,N2_LRP129a,0,MediumTruck
16158,MediumTruck65282,N2_LRP129b,0,MediumTruck
16159,MediumTruck65282,N2_LRP129c,0,MediumTruck
16160,MiniBus65295,N2_LRP096c,0,MiniBus
16161,MiniBus65295,N2_LRP096a,0,MiniBus
16162,MediumTruck65297,N1_LRP342c,0,MediumTruck
16163,MediumTruck65297,N1_LRP342a,4.32677760815075,MediumTruck
16164,LargeBus65299,N2_LRP153b,0,LargeBus
16165,SmallTruck65301,N1_LRP036c,0,SmallTruck
16166,MediumTruck65314,N2_LRP121c,0,MediumTruck
16167,MediumTruck65321,N2_LRP097a,0,MediumTruck
16168,MediumTruck65326,N2_LRP169b,0,MediumTruck
16169,LargeBus65328,N2_LRP117a,0.03804306326790123,LargeBus
16170,SmallTruck65329,N1_LRP348a,0,SmallTruck
16171,MediumTruck65334,N1_LRP027a,0,MediumTruck
16172,MediumTruck65334,N1_LRP026b,0,MediumTruck
16173,MediumTruck65342,N2_LRP171f,0.11356575693108603,MediumTruck
16174,MediumTruck65345,N1_LRP353b,0,MediumTruck
16175,MediumTruck65345,N1_LRP353a,0,MediumTruck
16176,MediumTruck65345,N1_LRP352a,0,MediumTruck
16177,SmallTruck65347,N2_LRP181c,0,SmallTruck
16178,MediumTruck65351,N1_LRP077a,0,MediumTruck
16179,HeavyTruck65352,N102_LRP045a,0,HeavyTruck
16180,MediumTruck65353,N2_LRP090a,0,MediumTruck
16181,MediumTruck65356,N2_LRP040a,0,MediumTruck
16182,MediumTruck65356,N2_LRP039c,0,MediumTruck
16183,MediumTruck65358,N2_LRP179a,0,MediumTruck
16184,MediumTruck65358,N2_LRP178b,0,MediumTruck
16185,MiniBus65361,N1_LRP350a,0,MiniBus
16186,LargeBus65363,N2_LRP171f,1.113565756931086,LargeBus
16187,SmallTruck65372,N2_LRP040b,0,SmallTruck
16188,LargeBus65376,N1_LRP119a,0,LargeBus
16189,MediumTruck65377,N1_LRP363b,0,MediumTruck
16190,MediumTruck65387,N2_LRP048a,0,MediumTruck
16191,LargeBus65388,N208_LRP029c,0,LargeBus
16192,MiniBus65390,N2_LRP175f,0,MiniBus
16193,MiniBus65390,N2_LRP175e,0,MiniBus
16194,MiniBus65390,N2_LRP175d,0,MiniBus
16195,MiniBus65390,N2_LRP175c,0,MiniBus
16196,MiniBus65393,N1_LRP360c,0,MiniBus
16197,LargeBus65395,N2_LRP182b,0,LargeBus
16198,LargeBus65395,N2_LRP182a,0,LargeBus
16199,MediumTruck65403,N2_LRP053a,0,MediumTruck
16200,LargeBus65407,N2_LRP125c,0,LargeBus
16201,LargeBus65407,N2_LRP125b,0,LargeBus
16202,LargeBus65407,N2_LRP125a,0,LargeBus
16203,MediumTruck65409,N1_LRP368a,0.045719685300180196,MediumTruck
16204,MediumTruck65410,N2_LRP096a,0,MediumTruck
16205,MediumTruck65410,N2_LRP096c,0,MediumTruck
16206,LargeBus65411,N2_LRP184c,0,LargeBus
16207,SmallTruck65416,N2_LRP095a,0,SmallTruck
16208,MiniBus65418,N2_LRP012f,0,MiniBus
16209,LargeBus65422,N2_LRP182b,0,LargeBus
16210,LargeBus65422,N2_LRP182a,0,LargeBus
16211,MediumTruck65425,N1_LRP371c,0,MediumTruck
16212,MediumTruck65425,N1_LRP371a,0,MediumTruck
16213,MediumTruck65426,N1_LRP105a,0,MediumTruck
16214,SmallTruck65430,N1_LRP233a,0,SmallTruck
16215,LargeBus65431,N1_LRP201a,0,LargeBus
16216,LargeBus65434,N2_LRP016a,0,LargeBus
16217,MediumTruck65441,N1_LRP375c,0,MediumTruck
16218,MiniBus65442,N2_LRP095a,0,MiniBus
16219,MiniBus65442,N2_LRP096a,0,MiniBus
16220,SmallTruck65443,N2_LRP199d,0,SmallTruck
16221,MediumTruck65456,N1_LRP088a,0,MediumTruck
16222,SmallTruck65459,N208_LRP031b,0,SmallTruck
16223,SmallTruck65483,N2_LRP163d,0,SmallTruck
16224,SmallTruck65483,N2_LRP164a,0,SmallTruck
16225,SmallTruck65483,N2_LRP164b,0,SmallTruck
16226,MediumTruck65489,N1_LRP389b,0.027789180868017974,MediumTruck
16227,SmallTruck65490,N2_LRP078a,0,SmallTruck
16228,HeavyTruck65491,N2_LRP211b,0,HeavyTruck
16229,MediumTruck65497,N2_LRP054a,0,MediumTruck
16230,MiniBus65500,N2_LRP064b,0,MiniBus
16231,MiniBus65500,N2_LRP064a,0,MiniBus
16232,LargeBus65505,N1_LRP389b,0.09923832469152001,LargeBus
16233,HeavyTruck65506,N2_LRP073g,0,HeavyTruck
16234,LargeBus65507,N2_LRP207b,0,LargeBus
16235,SmallTruck65511,N1_LRP119a,0,SmallTruck
16236,SmallTruck65511,N1_LRP118d,0,SmallTruck
16237,SmallTruck65517,N2_LRP123e,0,SmallTruck
16238,SmallTruck65517,N2_LRP123d,0,SmallTruck
16239,SmallTruck65519,N2_LRP161c,0,SmallTruck
16240,SmallTruck65519,N2_LRP161b,0,SmallTruck
16241,SmallTruck65522,N2_LRP070c,0,SmallTruck
16242,MediumTruck65533,N2_LRP129b,0,MediumTruck
16243,MediumTruck65533,N2_LRP129a,0,MediumTruck
16244,MediumTruck65533,N2_LRP128b,0,MediumTruck
16245,MediumTruck65535,N2_LRP163d,0,MediumTruck
16246,MediumTruck65535,N2_LRP163c,0,MediumTruck
16247,MediumTruck65535,N2_LRP163b,0,MediumTruck
16248,MediumTruck65535,N2_LRP163a,0,MediumTruck
16249,MediumTruck65537,N1_LRP402b,0,MediumTruck
16250,MediumTruck65538,N2_LRP066a,0,MediumTruck
16251,MediumTruck65541,N102_LRP015a,0,MediumTruck
16252,MediumTruck65545,N2_LRP043a,0.11499271744242401,MediumTruck
16253,MediumTruck65551,N2_LRP167c,0,MediumTruck
16254,MediumTruck65551,N2_LRP167b,0,MediumTruck
16255,SmallTruck65552,N2_LRP054a,0,SmallTruck
16256,SmallTruck65553,N1_LRP402b,0,SmallTruck
16257,LargeBus65556,N1_LRP012b,0,LargeBus
16258,LargeBus65556,N1_LRP012a,0,LargeBus
16259,MediumTruck65569,N1_LRP412a,0,MediumTruck
16260,MediumTruck65569,N1_LRP411b,0,MediumTruck
16261,MediumTruck65571,N2_LRP229a,1.3524069350761745,MediumTruck
16262,LargeBus65574,N1_LRP083b,0,LargeBus
16263,LargeBus65574,N1_LRP083a,0,LargeBus
16264,SmallTruck65577,N1_LRP023a,0,SmallTruck
16265,SmallTruck65579,N2_LRP140c,0.07014865329777228,SmallTruck
16266,LargeBus65581,N2_LRP134c,0,LargeBus
16267,MediumTruck65586,N2_LRP053a,0,MediumTruck
16268,MediumTruck65588,N102_LRP055c,0,MediumTruck
16269,SmallTruck65598,N208_LRP055a,0,SmallTruck
16270,MiniBus65599,N2_LRP179a,0,MiniBus
16271,MediumTruck65602,N2_LRP048b,0,MediumTruck
16272,MiniBus65603,N2_LRP231d,0,MiniBus
16273,MiniBus65603,N2_LRP231c,0,MiniBus
16274,MiniBus65614,N208_LRP055a,0,MiniBus
16275,MediumTruck65616,N2_LRP038c,0,MediumTruck
16276,MediumTruck65616,N2_LRP039a,0,MediumTruck
16277,LargeBus65618,N2_LRP048a,0,LargeBus
16278,MediumTruck65624,N2_LRP045b,0,MediumTruck
16279,MediumTruck65627,N2_LRP129b,0,MediumTruck
16280,MediumTruck65627,N2_LRP129c,0,MediumTruck
16281,MediumTruck65627,N2_LRP130a,0,MediumTruck
16282,SmallTruck65631,N2_LRP186c,0,SmallTruck
16283,LargeBus65632,N2_LRP038c,0,LargeBus
16284,LargeBus65632,N2_LRP039a,0,LargeBus
16285,MediumTruck65633,N1_LRP421f,0,MediumTruck
16286,MediumTruck65633,N1_LRP421d,0,MediumTruck
16287,LargeBus65636,N1_LRP035a,0,LargeBus
16288,MediumTruck65638,N1_LRP105a,0,MediumTruck
16289,MediumTruck65641,N105_LRP006a,0,MediumTruck
16290,MediumTruck65641,N105_LRP005c,0,MediumTruck
16291,MediumTruck65642,N2_LRP157b,0,MediumTruck
16292,MiniBus65646,N208_LRP046b,0,MiniBus
16293,LargeBus65649,N1_LRP421d,0,LargeBus
16294,LargeBus65650,N2_LRP043a,1.1149927174424241,LargeBus
16295,MediumTruck65658,N2_LRP079d,0,MediumTruck
16296,MediumTruck65658,N2_LRP079b,2.1806860805226655,MediumTruck
16297,MediumTruck65665,N1_LRP426e,0,MediumTruck
16298,MediumTruck65665,N1_LRP426d,0,MediumTruck
16299,LargeBus65676,N2_LRP182a,0,LargeBus
16300,LargeBus65676,N2_LRP182b,0,LargeBus
16301,LargeBus65676,N2_LRP182d,0,LargeBus
16302,LargeBus65681,N1_LRP428b,0,LargeBus
16303,LargeBus65681,N1_LRP428a,0,LargeBus
16304,LargeBus65681,N1_LRP427e,0,LargeBus
16305,MediumTruck65692,N2_LRP118g,0,MediumTruck
16306,LargeBus65693,N2_LRP224b,0,LargeBus
16307,MediumTruck65694,N208_LRP031b,0,MediumTruck
16308,MediumTruck65694,N208_LRP031d,0,MediumTruck
16309,SmallTruck65695,N208_LRP027f,0,SmallTruck
16310,SmallTruck65695,N208_LRP027d,0,SmallTruck
16311,MediumTruck65696,N1_LRP026a,0,MediumTruck
16312,MediumTruck65696,N1_LRP026b,0,MediumTruck
16313,SmallTruck65697,N1_LRP433c,0,SmallTruck
16314,SmallTruck65697,N1_LRP433b,1.115555245396039,SmallTruck
16315,MiniBus65698,N2_LRP029b,0,MiniBus
16316,MediumTruck65699,N2_LRP261a,0,MediumTruck
16317,MiniBus65702,N1_LRP119a,0,MiniBus
16318,MediumTruck65705,N105_LRP022c,0,MediumTruck
16319,MediumTruck65708,N2_LRP122b,0,MediumTruck
16320,SmallTruck65709,N2_LRP170b,0,SmallTruck
16321,SmallTruck65709,N2_LRP170a,0,SmallTruck
16322,SmallTruck65709,N2_LRP169f,0,SmallTruck
16323,SmallTruck65709,N2_LRP169e,0,SmallTruck
16324,SmallTruck65709,N2_LRP169d,0,SmallTruck
16325,SmallTruck65709,N2_LRP169c,0,SmallTruck
16326,MiniBus65710,N208_LRP029c,0,MiniBus
16327,MediumTruck65711,N208_LRP031d,0,MediumTruck
16328,SmallTruck65712,N1_LRP023a,0,SmallTruck
16329,MediumTruck65713,N1_LRP437b,0,MediumTruck
16330,MediumTruck65713,N1_LRP437a,0,MediumTruck
16331,LargeBus65714,N1_LRP033a,0,LargeBus
16332,LargeBus65714,N1_LRP033b,0,LargeBus
16333,MediumTruck65716,N102_LRP022a,0,MediumTruck
16334,MediumTruck65720,N2_LRP021b,0,MediumTruck
16335,MiniBus65721,N105_LRP024c,0,MiniBus
16336,MediumTruck65722,N2_LRP139a,0,MediumTruck
16337,MediumTruck65722,N2_LRP139b,0,MediumTruck
16338,SmallTruck65724,N2_LRP127b,0,SmallTruck
16339,SmallTruck65727,N2_LRP207b,0,SmallTruck
16340,MediumTruck65730,N2_LRP018a,0,MediumTruck
16341,MediumTruck65737,N105_LRP030c,0,MediumTruck
16342,LargeBus65745,N1_LRP444b,0,LargeBus
16343,LargeBus65745,N1_LRP444a,0,LargeBus
16344,LargeBus65745,N1_LRP443d,0,LargeBus
16345,MediumTruck65753,N105_LRP035d,0,MediumTruck
16346,MiniBus65757,N2_LRP207b,0,MiniBus
16347,MediumTruck65761,N1_LRP450a,0,MediumTruck
16348,LargeBus65762,N2_LRP012c,0,LargeBus
16349,MediumTruck65769,N105_LRP039b,0,MediumTruck
16350,MediumTruck65773,N2_LRP183c,0,MediumTruck
16351,MediumTruck65777,N1_LRP452e,0,MediumTruck
16352,MediumTruck65777,N1_LRP452d,0,MediumTruck
16353,SmallTruck65786,N2_LRP123c,0,SmallTruck
16354,SmallTruck65789,N2_LRP186b,0.2611234627453147,SmallTruck
16355,SmallTruck65792,N1_LRP001a,0,SmallTruck
16356,LargeBus65793,N1_LRP456c,0,LargeBus
16357,MediumTruck65795,N2_LRP285c,0,MediumTruck
16358,SmallTruck65807,N2_LRP226d,0,SmallTruck
16359,SmallTruck65807,N2_LRP226c,0,SmallTruck
16360,MediumTruck65282,N2_LRP130a,0,MediumTruck
16361,MediumTruck65282,N2_LRP130b,0,MediumTruck
16362,MediumTruck65282,N2_LRP130c,0,MediumTruck
16363,MiniBus65295,N2_LRP095a,0,MiniBus
16364,LargeBus65296,N1_LRP142a,0,LargeBus
16365,LargeBus65299,N2_LRP153a,0,LargeBus
16366,LargeBus65299,N2_LRP152d,0,LargeBus
16367,LargeBus65299,N2_LRP152c,0,LargeBus
16368,SmallTruck65301,N1_LRP035a,0,SmallTruck
16369,SmallTruck65303,N1_LRP064c,0,SmallTruck
16370,MiniBus65311,N2_LRP098b,0.9134832500723695,MiniBus
16371,MediumTruck65314,N2_LRP122b,0,MediumTruck
16372,SmallTruck65316,N2_LRP050a,0,SmallTruck
16373,MediumTruck65321,N2_LRP098b,1.9134832500723695,MediumTruck
16374,MediumTruck65325,N2_LRP079a,0,MediumTruck
16375,MediumTruck65326,N2_LRP168c,0,MediumTruck
16376,MediumTruck65326,N2_LRP168a,0,MediumTruck
16377,LargeBus65328,N2_LRP117b,0,LargeBus
16378,SmallTruck65329,N1_LRP347b,0,SmallTruck
16379,SmallTruck65329,N1_LRP347a,0,SmallTruck
16380,MediumTruck65334,N1_LRP026a,0,MediumTruck
16381,MediumTruck65342,N2_LRP171e,0,MediumTruck
16382,SmallTruck65347,N2_LRP180c,0,SmallTruck
16383,MediumTruck65356,N2_LRP039a,0,MediumTruck
16384,MediumTruck65358,N2_LRP178a,0,MediumTruck
16385,MiniBus65361,N1_LRP349a,0,MiniBus
16386,MediumTruck65362,N2_LRP106a,0,MediumTruck
16387,SmallTruck65372,N2_LRP040a,0,SmallTruck
16388,SmallTruck65372,N2_LRP039c,0,SmallTruck
16389,SmallTruck65373,N2_LRP087a,0,SmallTruck
16390,LargeBus65376,N1_LRP120b,0,LargeBus
16391,MediumTruck65384,N2_LRP102a,0,MediumTruck
16392,MediumTruck65387,N2_LRP047c,0,MediumTruck
16393,MediumTruck65387,N2_LRP047a,0,MediumTruck
16394,MediumTruck65387,N2_LRP046c,0,MediumTruck
16395,LargeBus65388,N208_LRP028d,0,LargeBus
16396,MediumTruck65392,N1_LRP105a,0,MediumTruck
16397,MiniBus65393,N1_LRP360a,0,MiniBus
16398,LargeBus65394,N2_LRP106a,0,LargeBus
16399,LargeBus65395,N2_LRP181c,0,LargeBus
16400,MediumTruck65401,N1_LRP068a,0,MediumTruck
16401,MediumTruck65403,N2_LRP052a,0,MediumTruck
16402,MediumTruck65404,N2_LRP050a,0,MediumTruck
16403,MiniBus65405,N2_LRP087a,0,MiniBus
16404,LargeBus65407,N2_LRP124c,0,LargeBus
16405,LargeBus65407,N2_LRP123e,0,LargeBus
16406,LargeBus65408,N1_LRP111a,0,LargeBus
16407,MediumTruck65410,N2_LRP097a,0,MediumTruck
16408,LargeBus65411,N2_LRP183d,0.342079463090377,LargeBus
16409,SmallTruck65416,N2_LRP096a,0,SmallTruck
16410,SmallTruck65416,N2_LRP096c,0,SmallTruck
16411,MiniBus65418,N2_LRP012c,0,MiniBus
16412,LargeBus65419,N2_LRP045b,0,LargeBus
16413,LargeBus65422,N2_LRP181c,0,LargeBus
16414,MediumTruck65425,N1_LRP370e,0,MediumTruck
16415,MediumTruck65429,N1_LRP068a,0,MediumTruck
16416,SmallTruck65430,N1_LRP234a,0,SmallTruck
16417,LargeBus65431,N1_LRP201b,0,LargeBus
16418,LargeBus65431,N1_LRP202a,0,LargeBus
16419,MediumTruck65436,N2_LRP056a,0,MediumTruck
16420,MediumTruck65436,N2_LRP055b,0,MediumTruck
16421,MediumTruck65441,N1_LRP374e,0,MediumTruck
16422,MiniBus65442,N2_LRP096c,0,MiniBus
16423,MiniBus65442,N2_LRP097a,0,MiniBus
16424,MediumTruck65457,N1_LRP380c,0,MediumTruck
16425,MediumTruck65457,N1_LRP380a,0,MediumTruck
16426,MediumTruck65473,N1_LRP384a,0,MediumTruck
16427,MediumTruck65474,N2_LRP079d,0,MediumTruck
16428,SmallTruck65483,N2_LRP164d,0,SmallTruck
16429,SmallTruck65483,N2_LRP165c,0,SmallTruck
16430,MediumTruck65489,N1_LRP389a,0,MediumTruck
16431,SmallTruck65490,N2_LRP079a,0,SmallTruck
16432,MediumTruck65493,N102_LRP002c,0,MediumTruck
16433,MediumTruck65493,N102_LRP002b,0,MediumTruck
16434,MediumTruck65493,N102_LRP002a,0,MediumTruck
16435,LargeBus65495,N1_LRP105a,0,LargeBus
16436,MediumTruck65497,N2_LRP054b,0,MediumTruck
16437,MiniBus65502,N2_LRP200c,0,MiniBus
16438,LargeBus65505,N1_LRP389a,0,LargeBus
16439,HeavyTruck65506,N2_LRP074a,0,HeavyTruck
16440,LargeBus65507,N2_LRP206b,0,LargeBus
16441,SmallTruck65517,N2_LRP123c,0,SmallTruck
16442,SmallTruck65519,N2_LRP161a,0,SmallTruck
16443,MediumTruck65533,N2_LRP128a,0,MediumTruck
16444,MediumTruck65533,N2_LRP127c,0,MediumTruck
16445,MediumTruck65535,N2_LRP162e,0,MediumTruck
16446,MediumTruck65535,N2_LRP162d,0,MediumTruck
16447,MediumTruck65535,N2_LRP162c,0,MediumTruck
16448,MediumTruck65536,N2_LRP058c,0,MediumTruck
16449,MediumTruck65536,N2_LRP059a,0,MediumTruck
16450,MediumTruck65538,N2_LRP067c,0,MediumTruck
16451,SmallTruck65539,N2_LRP221b,0,SmallTruck
16452,SmallTruck65540,N1_LRP014a,0,SmallTruck
16453,MediumTruck65551,N2_LRP166e,0,MediumTruck
16454,MediumTruck65551,N2_LRP166d,0,MediumTruck
16455,SmallTruck65552,N2_LRP054b,0,SmallTruck
16456,MediumTruck65555,N2_LRP225c,0.04223995576666738,MediumTruck
16457,SmallTruck65563,N2_LRP092b,0,SmallTruck
16458,SmallTruck65563,N2_LRP092a,0,SmallTruck
16459,SmallTruck65563,N2_LRP091b,0,SmallTruck
16460,MediumTruck65569,N1_LRP411a,0,MediumTruck
16461,LargeBus65570,N2_LRP064a,0,LargeBus
16462,LargeBus65570,N2_LRP064b,0,LargeBus
16463,SmallTruck65573,N102_LRP022a,0,SmallTruck
16464,MediumTruck65578,N2_LRP061a,0,MediumTruck
16465,LargeBus65581,N2_LRP134b,0,LargeBus
16466,LargeBus65581,N2_LRP133a,0,LargeBus
16467,MediumTruck65586,N2_LRP054a,0,MediumTruck
16468,MediumTruck65587,N2_LRP231d,0,MediumTruck
16469,MediumTruck65587,N2_LRP231c,0,MediumTruck
16470,MiniBus65599,N2_LRP178b,0,MiniBus
16471,MiniBus65599,N2_LRP178a,0,MiniBus
16472,MiniBus65603,N2_LRP230e,0,MiniBus
16473,MediumTruck65616,N2_LRP039c,0,MediumTruck
16474,LargeBus65618,N2_LRP048b,0,LargeBus
16475,SmallTruck65619,N2_LRP240a,0,SmallTruck
16476,MediumTruck65627,N2_LRP130b,0,MediumTruck
16477,MediumTruck65627,N2_LRP130c,0,MediumTruck
16478,SmallTruck65631,N2_LRP186b,1.2611234627453147,SmallTruck
16479,LargeBus65632,N2_LRP039c,0,LargeBus
16480,MediumTruck65633,N1_LRP420e,0,MediumTruck
16481,MediumTruck65635,N2_LRP243b,0,MediumTruck
16482,LargeBus65636,N1_LRP034a,0,LargeBus
16483,LargeBus65637,N102_LRP034b,0,LargeBus
16484,MiniBus65639,N1_LRP145a,0,MiniBus
16485,MediumTruck65642,N2_LRP158a,0,MediumTruck
16486,MiniBus65647,N2_LRP184c,0,MiniBus
16487,LargeBus65649,N1_LRP420e,0,LargeBus
16488,LargeBus65649,N1_LRP420d,0,LargeBus
16489,LargeBus65649,N1_LRP420c,0,LargeBus
16490,LargeBus65649,N1_LRP420a,0,LargeBus
16491,LargeBus65651,N2_LRP243b,0,LargeBus
16492,SmallTruck65654,N1_LRP109a,0,SmallTruck
16493,MediumTruck65655,N104_LRP010a,0,MediumTruck
16494,MediumTruck65656,N2_LRP038c,0,MediumTruck
16495,MediumTruck65656,N2_LRP039a,0,MediumTruck
16496,MediumTruck65661,N2_LRP228b,0,MediumTruck
16497,MediumTruck65664,N1_LRP035a,0,MediumTruck
16498,MediumTruck65665,N1_LRP426c,0,MediumTruck
16499,MediumTruck65665,N1_LRP426b,0,MediumTruck
16500,MediumTruck65665,N1_LRP426a,0,MediumTruck
16501,MediumTruck65665,N1_LRP425e,0,MediumTruck
16502,LargeBus65676,N2_LRP183a,0,LargeBus
16503,LargeBus65676,N2_LRP183c,0,LargeBus
16504,LargeBus65677,N2_LRP161c,0,LargeBus
16505,LargeBus65677,N2_LRP161b,0,LargeBus
16506,LargeBus65681,N1_LRP427d,0,LargeBus
16507,LargeBus65681,N1_LRP427b,0,LargeBus
16508,MediumTruck65689,N105_LRP017c,0,MediumTruck
16509,MediumTruck65692,N2_LRP118e,0,MediumTruck
16510,MediumTruck65692,N2_LRP118b,0,MediumTruck
16511,MediumTruck65692,N2_LRP118a,0,MediumTruck
16512,LargeBus65693,N2_LRP225c,0.11216503051034006,LargeBus
16513,SmallTruck65695,N208_LRP027b,0,SmallTruck
16514,MediumTruck65696,N1_LRP027a,0,MediumTruck
16515,SmallTruck65701,N102_LRP055c,0,SmallTruck
16516,MiniBus65702,N1_LRP118d,0,MiniBus
16517,SmallTruck65704,N105_LRP027c,0,SmallTruck
16518,MediumTruck65705,N105_LRP021d,0,MediumTruck
16519,MediumTruck65708,N2_LRP121c,0,MediumTruck
16520,SmallTruck65709,N2_LRP169b,0,SmallTruck
16521,MiniBus65710,N208_LRP031b,0,MiniBus
16522,MediumTruck65711,N208_LRP031b,0,MediumTruck
16523,MediumTruck65713,N1_LRP436a,0,MediumTruck
16524,LargeBus65714,N1_LRP034a,0,LargeBus
16525,LargeBus65715,N2_LRP262a,0,LargeBus
16526,LargeBus65715,N2_LRP261b,0,LargeBus
16527,MiniBus65721,N105_LRP023c,0,MiniBus
16528,MediumTruck65722,N2_LRP140a,0.21709500808623486,MediumTruck
16529,SmallTruck65724,N2_LRP126d,0,SmallTruck
16530,SmallTruck65724,N2_LRP126c,0,SmallTruck
16531,SmallTruck65724,N2_LRP126b,0,SmallTruck
16532,SmallTruck65725,N2_LRP172d,0,SmallTruck
16533,SmallTruck65725,N2_LRP172c,0,SmallTruck
16534,MediumTruck65729,N1_LRP440a,0,MediumTruck
16535,SmallTruck65732,N102_LRP019a,0,SmallTruck
16536,SmallTruck65732,N102_LRP019b,0,SmallTruck
16537,MediumTruck65736,N2_LRP018a,0,MediumTruck
16538,MiniBus65738,N2_LRP097a,0,MiniBus
16539,LargeBus65745,N1_LRP443c,0,LargeBus
16540,MediumTruck65748,N102_LRP015a,0,MediumTruck
16541,SmallTruck65754,N2_LRP103c,0,SmallTruck
16542,SmallTruck65759,N2_LRP214b,0.15081586404372735,SmallTruck
16543,MediumTruck65760,N1_LRP010b,0,MediumTruck
16544,MediumTruck65760,N1_LRP010c,0,MediumTruck
16545,MediumTruck65760,N1_LRP011a,0,MediumTruck
16546,MediumTruck65761,N1_LRP449d,0,MediumTruck
16547,MediumTruck65761,N1_LRP449c,0,MediumTruck
16548,LargeBus65762,N2_LRP012f,0,LargeBus
16549,LargeBus65763,N2_LRP276a,0,LargeBus
16550,MediumTruck65773,N2_LRP183a,0,MediumTruck
16551,MediumTruck65773,N2_LRP182d,0,MediumTruck
16552,MiniBus65774,N208_LRP011b,0,MiniBus
16553,MediumTruck65777,N1_LRP452c,0,MediumTruck
16554,MediumTruck65777,N1_LRP452a,0,MediumTruck
16555,MediumTruck65777,N1_LRP451e,0,MediumTruck
16556,MediumTruck65785,N105_LRP042b,0,MediumTruck
16557,SmallTruck65786,N2_LRP123d,0,SmallTruck
16558,SmallTruck65786,N2_LRP123e,0,SmallTruck
16559,LargeBus65793,N1_LRP456a,0,LargeBus
16560,MediumTruck65795,N2_LRP285a,0,MediumTruck
16561,MediumTruck65795,N2_LRP284c,0,MediumTruck
16562,SmallTruck65802,N204_LRP003b,0,SmallTruck
16563,SmallTruck65807,N2_LRP225c,1.11216503051034,SmallTruck
16564,MiniBus65280,N1_LRP148a,0,MiniBus
16565,SmallTruck65281,N1_LRP339a,0,SmallTruck
16566,MediumTruck65285,N1_LRP030a,0,MediumTruck
16567,MediumTruck65289,N102_LRP015a,0,MediumTruck
16568,LargeBus65296,N1_LRP143a,0,LargeBus
16569,LargeBus65298,N2_LRP138a,0,LargeBus
16570,LargeBus65299,N2_LRP152b,0,LargeBus
16571,LargeBus65299,N2_LRP152a,0,LargeBus
16572,LargeBus65299,N2_LRP151b,0,LargeBus
16573,SmallTruck65304,N1_LRP142a,0,SmallTruck
16574,LargeBus65308,N2_LRP012f,0,LargeBus
16575,MediumTruck65314,N2_LRP123c,0,MediumTruck
16576,MediumTruck65314,N2_LRP123d,0,MediumTruck
16577,MediumTruck65325,N2_LRP078a,0,MediumTruck
16578,MediumTruck65326,N2_LRP167c,0,MediumTruck
16579,MediumTruck65326,N2_LRP167b,0,MediumTruck
16580,LargeBus65328,N2_LRP118a,0,LargeBus
16581,MediumTruck65342,N2_LRP171d,0,MediumTruck
16582,MediumTruck65342,N2_LRP170j,0,MediumTruck
16583,MediumTruck65342,N2_LRP170i,0,MediumTruck
16584,MediumTruck65342,N2_LRP170h,0,MediumTruck
16585,MediumTruck65342,N2_LRP170g,0,MediumTruck
16586,MediumTruck65342,N2_LRP170f,0.0025796015347034516,MediumTruck
16587,MediumTruck65345,N1_LRP351a,0,MediumTruck
16588,SmallTruck65347,N2_LRP180a,0,SmallTruck
16589,MediumTruck65353,N2_LRP091b,0,MediumTruck
16590,MediumTruck65353,N2_LRP092a,0,MediumTruck
16591,MediumTruck65353,N2_LRP092b,0,MediumTruck
16592,MediumTruck65356,N2_LRP038c,0,MediumTruck
16593,MediumTruck65358,N2_LRP177a,0,MediumTruck
16594,MiniBus65361,N1_LRP348b,0,MiniBus
16595,MediumTruck65362,N2_LRP106b,0,MediumTruck
16596,LargeBus65363,N2_LRP171e,0,LargeBus
16597,MediumTruck65365,N1_LRP051a,0,MediumTruck
16598,LargeBus65366,N1_LRP023a,0,LargeBus
16599,SmallTruck65372,N2_LRP039a,0,SmallTruck
16600,SmallTruck65373,N2_LRP086a,0,SmallTruck
16601,MediumTruck65380,N2_LRP038c,0,MediumTruck
16602,MediumTruck65380,N2_LRP039a,0,MediumTruck
16603,MediumTruck65384,N2_LRP103c,0,MediumTruck
16604,LargeBus65388,N208_LRP027f,0,LargeBus
16605,MiniBus65393,N1_LRP359b,0,MiniBus
16606,MiniBus65393,N1_LRP359a,0,MiniBus
16607,LargeBus65394,N2_LRP106b,0,LargeBus
16608,LargeBus65395,N2_LRP180c,0,LargeBus
16609,LargeBus65395,N2_LRP180a,0,LargeBus
16610,MediumTruck65402,N2_LRP016a,0,MediumTruck
16611,MiniBus65405,N2_LRP086a,0,MiniBus
16612,LargeBus65407,N2_LRP123d,0,LargeBus
16613,LargeBus65407,N2_LRP123c,0,LargeBus
16614,LargeBus65408,N1_LRP112a,0,LargeBus
16615,MediumTruck65409,N1_LRP367a,0,MediumTruck
16616,MediumTruck65410,N2_LRP098b,1.9134832500723695,MediumTruck
16617,LargeBus65411,N2_LRP183c,0,LargeBus
16618,SmallTruck65416,N2_LRP097a,0,SmallTruck
16619,LargeBus65419,N2_LRP044c,0,LargeBus
16620,LargeBus65419,N2_LRP044a,0,LargeBus
16621,LargeBus65422,N2_LRP180c,0,LargeBus
16622,LargeBus65422,N2_LRP180a,0,LargeBus
16623,MediumTruck65425,N1_LRP370c,0,MediumTruck
16624,MediumTruck65425,N1_LRP370a,0,MediumTruck
16625,MediumTruck65425,N1_LRP369c,0,MediumTruck
16626,LargeBus65431,N1_LRP203a,0,LargeBus
16627,MediumTruck65436,N2_LRP054b,0,MediumTruck
16628,MediumTruck65440,N1_LRP094a,0,MediumTruck
16629,MediumTruck65441,N1_LRP374c,0,MediumTruck
16630,MediumTruck65441,N1_LRP374a,0,MediumTruck
16631,MediumTruck65441,N1_LRP373b,0,MediumTruck
16632,MiniBus65442,N2_LRP098b,2.9134832500723693,MiniBus
16633,SmallTruck65459,N208_LRP029c,0,SmallTruck
16634,HeavyTruck65460,N2_LRP018a,0,HeavyTruck
16635,MediumTruck65465,N2_LRP064a,0,MediumTruck
16636,MediumTruck65473,N1_LRP383b,0,MediumTruck
16637,MediumTruck65474,N2_LRP081a,0,MediumTruck
16638,SmallTruck65475,N2_LRP206b,0,SmallTruck
16639,SmallTruck65483,N2_LRP165d,0,SmallTruck
16640,MediumTruck65489,N1_LRP388a,0,MediumTruck
16641,SmallTruck65490,N2_LRP079b,2.1806860805226655,SmallTruck
16642,MediumTruck65497,N2_LRP055b,0,MediumTruck
16643,MediumTruck65497,N2_LRP056a,0,MediumTruck
16644,MiniBus65502,N2_LRP199d,0,MiniBus
16645,LargeBus65505,N1_LRP388a,0,LargeBus
16646,LargeBus65505,N1_LRP387f,0,LargeBus
16647,HeavyTruck65506,N2_LRP076a,0,HeavyTruck
16648,SmallTruck65517,N2_LRP122b,0,SmallTruck
16649,SmallTruck65519,N2_LRP160a,0,SmallTruck
16650,SmallTruck65522,N2_LRP072a,0,SmallTruck
16651,MediumTruck65523,N2_LRP216b,0,MediumTruck
16652,LargeBus65525,N102_LRP002c,0,LargeBus
16653,LargeBus65525,N102_LRP002b,0,LargeBus
16654,LargeBus65525,N102_LRP002a,0,LargeBus
16655,MediumTruck65533,N2_LRP127b,0,MediumTruck
16656,MediumTruck65535,N2_LRP162a,1.5540907496853533,MediumTruck
16657,MediumTruck65545,N2_LRP043d,0,MediumTruck
16658,MediumTruck65545,N2_LRP044a,0,MediumTruck
16659,SmallTruck65552,N2_LRP055b,0,SmallTruck
16660,SmallTruck65552,N2_LRP056a,0,SmallTruck
16661,MediumTruck65569,N1_LRP410c,0.01634391854244831,MediumTruck
16662,MediumTruck65571,N2_LRP228b,0,MediumTruck
16663,LargeBus65575,N1_LRP127a,0,LargeBus
16664,MediumTruck65578,N2_LRP060c,0,MediumTruck
16665,SmallTruck65579,N2_LRP141a,0,SmallTruck
16666,SmallTruck65579,N2_LRP141b,0,SmallTruck
16667,SmallTruck65580,N207_LRP061d,0,SmallTruck
16668,MiniBus65585,N1_LRP403a,0,MiniBus
16669,MediumTruck65586,N2_LRP054b,0,MediumTruck
16670,MediumTruck65587,N2_LRP230e,0,MediumTruck
16671,SmallTruck65592,N2_LRP052a,0,SmallTruck
16672,MediumTruck65601,N1_LRP414a,0,MediumTruck
16673,MediumTruck65602,N2_LRP050a,0,MediumTruck
16674,MiniBus65603,N2_LRP230c,0,MiniBus
16675,MediumTruck65605,N102_LRP029d,0,MediumTruck
16676,MediumTruck65615,N208_LRP004c,0,MediumTruck
16677,MediumTruck65616,N2_LRP040a,0,MediumTruck
16678,MediumTruck65616,N2_LRP040b,0,MediumTruck
16679,LargeBus65618,N2_LRP050a,0,LargeBus
16680,SmallTruck65619,N2_LRP239a,0,SmallTruck
16681,SmallTruck65619,N2_LRP238c,0,SmallTruck
16682,LargeBus65621,N102_LRP029d,0,LargeBus
16683,MediumTruck65623,N1_LRP145a,0,MediumTruck
16684,MediumTruck65624,N2_LRP046c,0,MediumTruck
16685,MediumTruck65624,N2_LRP047a,0,MediumTruck
16686,MediumTruck65624,N2_LRP047c,0,MediumTruck
16687,LargeBus65632,N2_LRP040a,0,LargeBus
16688,LargeBus65632,N2_LRP040b,0,LargeBus
16689,MediumTruck65633,N1_LRP420d,0,MediumTruck
16690,MediumTruck65633,N1_LRP420c,0,MediumTruck
16691,MediumTruck65633,N1_LRP420a,0,MediumTruck
16692,MediumTruck65635,N2_LRP243a,0,MediumTruck
16693,LargeBus65636,N1_LRP033b,0,LargeBus
16694,LargeBus65636,N1_LRP033a,0,LargeBus
16695,LargeBus65637,N102_LRP033c,0,LargeBus
16696,MediumTruck65642,N2_LRP159b,0,MediumTruck
16697,MediumTruck65642,N2_LRP159c,0,MediumTruck
16698,MiniBus65647,N2_LRP183d,0.07391663266615982,MiniBus
16699,LargeBus65651,N2_LRP243a,0,LargeBus
16700,MediumTruck65656,N2_LRP039c,0,MediumTruck
16701,MediumTruck65664,N1_LRP036c,0,MediumTruck
16702,MediumTruck65665,N1_LRP425c,0.17081911467006142,MediumTruck
16703,MiniBus65674,N2_LRP081b,0,MiniBus
16704,MiniBus65674,N2_LRP081a,0,MiniBus
16705,LargeBus65676,N2_LRP183d,0.3087711716287922,LargeBus
16706,LargeBus65677,N2_LRP161a,0,LargeBus
16707,LargeBus65681,N1_LRP426e,0,LargeBus
16708,LargeBus65681,N1_LRP426d,0,LargeBus
16709,LargeBus65681,N1_LRP426c,0,LargeBus
16710,LargeBus65681,N1_LRP426b,0,LargeBus
16711,LargeBus65681,N1_LRP426a,0,LargeBus
16712,SmallTruck65697,N1_LRP432b,0,SmallTruck
16713,MediumTruck65705,N105_LRP020c,0,MediumTruck
16714,MediumTruck65708,N2_LRP121a,0,MediumTruck
16715,SmallTruck65709,N2_LRP168c,0,SmallTruck
16716,SmallTruck65709,N2_LRP168a,0,SmallTruck
16717,MediumTruck65713,N1_LRP435c,0,MediumTruck
16718,LargeBus65715,N2_LRP261a,0,LargeBus
16719,HeavyTruck65717,N102_LRP058a,0,HeavyTruck
16720,MiniBus65721,N105_LRP022c,0,MiniBus
16721,SmallTruck65724,N2_LRP126a,0,SmallTruck
16722,SmallTruck65724,N2_LRP125d,0,SmallTruck
16723,SmallTruck65724,N2_LRP125c,0,SmallTruck
16724,SmallTruck65724,N2_LRP125b,0,SmallTruck
16725,SmallTruck65725,N2_LRP171f,0.04064530958074504,SmallTruck
16726,MediumTruck65726,N208_LRP024d,0,MediumTruck
16727,MediumTruck65729,N1_LRP439a,0,MediumTruck
16728,HeavyTruck65733,N102_LRP062c,0,HeavyTruck
16729,HeavyTruck65733,N102_LRP062b,0,HeavyTruck
16730,MiniBus65738,N2_LRP096c,0,MiniBus
16731,MiniBus65738,N2_LRP096a,0,MiniBus
16732,LargeBus65745,N1_LRP441a,0,LargeBus
16733,SmallTruck65754,N2_LRP102a,0,SmallTruck
16734,MediumTruck65761,N1_LRP448a,0,MediumTruck
16735,LargeBus65763,N2_LRP274e,0,LargeBus
16736,MediumTruck65773,N2_LRP182b,0,MediumTruck
16737,MediumTruck65773,N2_LRP182a,0,MediumTruck
16738,MediumTruck65775,N208_LRP046b,0,MediumTruck
16739,MediumTruck65777,N1_LRP451b,0,MediumTruck
16740,MediumTruck65777,N1_LRP450e,0.11327148828735573,MediumTruck
16741,SmallTruck65786,N2_LRP124c,0,SmallTruck
16742,MiniBus65788,N207_LRP008c,0,MiniBus
16743,MediumTruck65791,N2_LRP235a,0,MediumTruck
16744,LargeBus65793,N1_LRP455a,0,LargeBus
16745,MediumTruck65795,N2_LRP284b,0,MediumTruck
16746,SmallTruck65800,N105_LRP003a,0,SmallTruck
16747,SmallTruck65805,N2_LRP188a,0,SmallTruck
16748,SmallTruck65805,N2_LRP187b,0,SmallTruck
16749,MiniBus65280,N1_LRP149a,0,MiniBus
16750,MiniBus65280,N1_LRP149c,0,MiniBus
16751,LargeBus65298,N2_LRP138b,0,LargeBus
16752,LargeBus65298,N2_LRP139a,0,LargeBus
16753,LargeBus65299,N2_LRP151a,0,LargeBus
16754,SmallTruck65301,N1_LRP034a,0,SmallTruck
16755,LargeBus65308,N2_LRP012c,0,LargeBus
16756,MiniBus65311,N2_LRP097a,0,MiniBus
16757,MediumTruck65314,N2_LRP123e,0,MediumTruck
16758,MediumTruck65314,N2_LRP124c,0,MediumTruck
16759,MediumTruck65326,N2_LRP166e,0,MediumTruck
16760,MediumTruck65326,N2_LRP166d,0,MediumTruck
16761,LargeBus65328,N2_LRP118b,0,LargeBus
16762,LargeBus65328,N2_LRP118e,0,LargeBus
16763,LargeBus65328,N2_LRP118g,0,LargeBus
16764,SmallTruck65331,N2_LRP172d,0,SmallTruck
16765,SmallTruck65331,N2_LRP172c,0,SmallTruck
16766,MediumTruck65336,N2_LRP117a,0.04255728979797167,MediumTruck
16767,MediumTruck65337,N2_LRP095a,0,MediumTruck
16768,MediumTruck65337,N2_LRP096a,0,MediumTruck
16769,MediumTruck65341,N2_LRP081b,0,MediumTruck
16770,MediumTruck65341,N2_LRP081a,0,MediumTruck
16771,MediumTruck65342,N2_LRP170e,0,MediumTruck
16772,MediumTruck65342,N2_LRP170c,0,MediumTruck
16773,MediumTruck65345,N1_LRP350a,0,MediumTruck
16774,SmallTruck65347,N2_LRP179a,0,SmallTruck
16775,SmallTruck65347,N2_LRP178b,0,SmallTruck
16776,MediumTruck65353,N2_LRP093a,0,MediumTruck
16777,MediumTruck65358,N2_LRP176e,0,MediumTruck
16778,MediumTruck65358,N2_LRP176d,0,MediumTruck
16779,MediumTruck65358,N2_LRP176c,0,MediumTruck
16780,MediumTruck65358,N2_LRP176b,0,MediumTruck
16781,MiniBus65361,N1_LRP348a,0,MiniBus
16782,MiniBus65361,N1_LRP347b,0,MiniBus
16783,LargeBus65363,N2_LRP171d,0,LargeBus
16784,LargeBus65363,N2_LRP170j,0,LargeBus
16785,LargeBus65363,N2_LRP170i,0,LargeBus
16786,LargeBus65363,N2_LRP170h,0,LargeBus
16787,LargeBus65363,N2_LRP170g,0,LargeBus
16788,LargeBus65363,N2_LRP170f,0.008647389620156497,LargeBus
16789,SmallTruck65372,N2_LRP038c,0,SmallTruck
16790,LargeBus65376,N1_LRP122a,0,LargeBus
16791,MediumTruck65377,N1_LRP360c,0,MediumTruck
16792,MediumTruck65377,N1_LRP360a,0,MediumTruck
16793,MediumTruck65380,N2_LRP039c,0,MediumTruck
16794,MediumTruck65380,N2_LRP040a,0,MediumTruck
16795,MediumTruck65384,N2_LRP104a,0,MediumTruck
16796,MediumTruck65387,N2_LRP045b,0,MediumTruck
16797,LargeBus65388,N208_LRP027d,0,LargeBus
16798,LargeBus65388,N208_LRP027b,0,LargeBus
16799,MediumTruck65392,N1_LRP107a,0,MediumTruck
16800,MiniBus65393,N1_LRP358b,0,MiniBus
16801,MiniBus65393,N1_LRP358a,0,MiniBus
16802,LargeBus65395,N2_LRP179a,0,LargeBus
16803,MediumTruck65404,N2_LRP048b,0,MediumTruck
16804,LargeBus65407,N2_LRP122b,0,LargeBus
16805,LargeBus65411,N2_LRP183a,0,LargeBus
16806,LargeBus65411,N2_LRP182d,0,LargeBus
16807,SmallTruck65416,N2_LRP098b,3.9134832500723693,SmallTruck
16808,LargeBus65419,N2_LRP043d,0,LargeBus
16809,LargeBus65422,N2_LRP179a,0,LargeBus
16810,MediumTruck65425,N1_LRP369b,0,MediumTruck
16811,MediumTruck65425,N1_LRP369a,0,MediumTruck
16812,MediumTruck65426,N1_LRP107a,0,MediumTruck
16813,LargeBus65431,N1_LRP203b,0,LargeBus
16814,LargeBus65431,N1_LRP204a,0,LargeBus
16815,MediumTruck65436,N2_LRP054a,0,MediumTruck
16816,MediumTruck65441,N1_LRP373a,0,MediumTruck
16817,SmallTruck65459,N208_LRP028d,0,SmallTruck
16818,MediumTruck65465,N2_LRP064b,0,MediumTruck
16819,MediumTruck65473,N1_LRP383a,0,MediumTruck
16820,MediumTruck65473,N1_LRP382b,0,MediumTruck
16821,MediumTruck65474,N2_LRP081b,0,MediumTruck
16822,SmallTruck65483,N2_LRP166d,0,SmallTruck
16823,SmallTruck65483,N2_LRP166e,0,SmallTruck
16824,MediumTruck65489,N1_LRP387f,0,MediumTruck
16825,MediumTruck65489,N1_LRP387e,0,MediumTruck
16826,MediumTruck65493,N102_LRPSc,0,MediumTruck
16827,MediumTruck65497,N2_LRP057a,0,MediumTruck
16828,LargeBus65505,N1_LRP387e,0,LargeBus
16829,LargeBus65505,N1_LRP387b,0,LargeBus
16830,LargeBus65505,N1_LRP387a,0,LargeBus
16831,HeavyTruck65506,N2_LRP076b,0,HeavyTruck
16832,MiniBus65515,N2_LRP162c,0,MiniBus
16833,MiniBus65515,N2_LRP162d,0,MiniBus
16834,SmallTruck65517,N2_LRP121c,0,SmallTruck
16835,SmallTruck65519,N2_LRP159d,0,SmallTruck
16836,SmallTruck65519,N2_LRP159c,0,SmallTruck
16837,SmallTruck65519,N2_LRP159b,0,SmallTruck
16838,MediumTruck65523,N2_LRP216a,0,MediumTruck
16839,SmallTruck65532,N2_LRP079a,0,SmallTruck
16840,MediumTruck65533,N2_LRP126d,0,MediumTruck
16841,MediumTruck65533,N2_LRP126c,0,MediumTruck
16842,MediumTruck65533,N2_LRP126b,0,MediumTruck
16843,MediumTruck65536,N2_LRP060c,0,MediumTruck
16844,MediumTruck65536,N2_LRP061a,0,MediumTruck
16845,MediumTruck65537,N1_LRP400a,0,MediumTruck
16846,SmallTruck65539,N2_LRP219a,0,SmallTruck
16847,SmallTruck65540,N1_LRP012b,0,SmallTruck
16848,SmallTruck65540,N1_LRP012a,0,SmallTruck
16849,MediumTruck65545,N2_LRP044c,0,MediumTruck
16850,MediumTruck65551,N2_LRP165d,0,MediumTruck
16851,MediumTruck65551,N2_LRP165c,0,MediumTruck
16852,MediumTruck65551,N2_LRP164d,0,MediumTruck
16853,SmallTruck65552,N2_LRP057a,0,SmallTruck
16854,SmallTruck65553,N1_LRP400a,0,SmallTruck
16855,SmallTruck65563,N2_LRP090a,0,SmallTruck
16856,HeavyTruck65564,N207_LRP066b,0,HeavyTruck
16857,MediumTruck65569,N1_LRP410b,0,MediumTruck
16858,LargeBus65570,N2_LRP066a,0,LargeBus
16859,MediumTruck65578,N2_LRP059a,0,MediumTruck
16860,LargeBus65581,N2_LRP132c,0,LargeBus
16861,LargeBus65581,N2_LRP132b,0,LargeBus
16862,LargeBus65581,N2_LRP132a,0,LargeBus
16863,MiniBus65585,N1_LRP402b,0,MiniBus
16864,MediumTruck65586,N2_LRP055b,0,MediumTruck
16865,MediumTruck65586,N2_LRP056a,0,MediumTruck
16866,MediumTruck65587,N2_LRP230c,0,MediumTruck
16867,SmallTruck65592,N2_LRP053a,0,SmallTruck
16868,MiniBus65599,N2_LRP177a,0,MiniBus
16869,MiniBus65599,N2_LRP176e,0,MiniBus
16870,MiniBus65599,N2_LRP176d,0,MiniBus
16871,MiniBus65599,N2_LRP176c,0,MiniBus
16872,MiniBus65599,N2_LRP176b,0,MiniBus
16873,MiniBus65603,N2_LRP229c,0,MiniBus
16874,MiniBus65603,N2_LRP229a,0.24641153376094932,MiniBus
16875,LargeBus65604,N102_LRP058a,0,LargeBus
16876,MediumTruck65606,N1_LRP094a,0,MediumTruck
16877,MediumTruck65616,N2_LRP041b,0,MediumTruck
16878,SmallTruck65620,N1_LRP131b,0,SmallTruck
16879,LargeBus65621,N102_LRP028c,0,LargeBus
16880,MediumTruck65624,N2_LRP048a,0,MediumTruck
16881,MediumTruck65627,N2_LRP132a,0,MediumTruck
16882,MediumTruck65627,N2_LRP132b,0,MediumTruck
16883,LargeBus65632,N2_LRP041b,0,LargeBus
16884,MediumTruck65635,N2_LRP242a,0,MediumTruck
16885,MediumTruck65641,N105_LRP003a,0,MediumTruck
16886,MediumTruck65642,N2_LRP159d,0,MediumTruck
16887,MediumTruck65642,N2_LRP160a,0,MediumTruck
16888,MiniBus65647,N2_LRP183c,0,MiniBus
16889,LargeBus65649,N1_LRP418b,0,LargeBus
16890,LargeBus65650,N2_LRP043d,0,LargeBus
16891,LargeBus65650,N2_LRP044a,0,LargeBus
16892,LargeBus65651,N2_LRP242a,0,LargeBus
16893,SmallTruck65654,N1_LRP107a,0,SmallTruck
16894,MediumTruck65656,N2_LRP040a,0,MediumTruck
16895,MediumTruck65656,N2_LRP040b,0,MediumTruck
16896,MediumTruck65665,N1_LRP425b,0,MediumTruck
16897,MediumTruck65665,N1_LRP425a,0,MediumTruck
16898,HeavyTruck65669,N102_LRP045a,0,HeavyTruck
16899,MiniBus65674,N2_LRP079d,0,MiniBus
16900,MiniBus65674,N2_LRP079b,2.1806860805226655,MiniBus
16901,LargeBus65677,N2_LRP160a,0,LargeBus
16902,MediumTruck65680,N1_LRP033a,0,MediumTruck
16903,MediumTruck65680,N1_LRP033b,0,MediumTruck
16904,LargeBus65681,N1_LRP425e,0,LargeBus
16905,LargeBus65681,N1_LRP425c,0.3054488099569728,LargeBus
16906,MediumTruck65692,N2_LRP117b,0,MediumTruck
16907,MediumTruck65692,N2_LRP117a,0.09347301039171713,MediumTruck
16908,LargeBus65693,N2_LRP226c,0,LargeBus
16909,LargeBus65693,N2_LRP226d,0,LargeBus
16910,SmallTruck65697,N1_LRP432a,0,SmallTruck
16911,MediumTruck65699,N2_LRP258a,0,MediumTruck
16912,HeavyTruck65700,N102_LRP028c,0,HeavyTruck
16913,LargeBus65707,N204_LRP003b,0,LargeBus
16914,MediumTruck65708,N2_LRP120a,0,MediumTruck
16915,MediumTruck65708,N2_LRP119c,0,MediumTruck
16916,SmallTruck65709,N2_LRP167c,0,SmallTruck
16917,SmallTruck65709,N2_LRP167b,0,SmallTruck
16918,MiniBus65710,N208_LRP031d,0,MiniBus
16919,MediumTruck65711,N208_LRP029c,0,MediumTruck
16920,LargeBus65714,N1_LRP035a,0,LargeBus
16921,LargeBus65714,N1_LRP036c,0,LargeBus
16922,MiniBus65721,N105_LRP021d,0,MiniBus
16923,MediumTruck65722,N2_LRP140c,0.1756153600392948,MediumTruck
16924,SmallTruck65724,N2_LRP125a,0,SmallTruck
16925,SmallTruck65724,N2_LRP124c,0,SmallTruck
16926,SmallTruck65725,N2_LRP171e,0,SmallTruck
16927,SmallTruck65727,N2_LRP206b,0,SmallTruck
16928,MediumTruck65730,N2_LRP021a,0,MediumTruck
16929,MediumTruck65735,N104_LRP028a,0,MediumTruck
16930,MiniBus65738,N2_LRP095a,0,MiniBus
16931,MediumTruck65749,N102_LRP065a,0,MediumTruck
16932,MediumTruck65753,N105_LRP032c,0,MediumTruck
16933,MediumTruck65753,N105_LRP032b,0,MediumTruck
16934,MediumTruck65760,N1_LRP012a,0,MediumTruck
16935,MediumTruck65760,N1_LRP012b,0,MediumTruck
16936,MediumTruck65761,N1_LRP447c,0,MediumTruck
16937,MediumTruck65773,N2_LRP181c,0,MediumTruck
16938,MediumTruck65777,N1_LRP450c,0,MediumTruck
16939,LargeBus65780,N102_LRP009a,0,LargeBus
16940,MediumTruck65785,N105_LRP041c,0,MediumTruck
16941,SmallTruck65786,N2_LRP125a,0,SmallTruck
16942,SmallTruck65786,N2_LRP125b,0,SmallTruck
16943,SmallTruck65786,N2_LRP125c,0,SmallTruck
16944,SmallTruck65786,N2_LRP125d,0,SmallTruck
16945,SmallTruck65789,N2_LRP184c,0,SmallTruck
16946,MediumTruck65791,N2_LRP236a,0,MediumTruck
16947,MediumTruck65795,N2_LRP283b,0,MediumTruck
16948,LargeBus65799,N104_LRP044d,0,LargeBus
16949,MediumTruck65804,N2_LRP151a,0,MediumTruck
16950,MediumTruck65806,N208_LRP004c,0,MediumTruck
16951,MediumTruck65812,N1_LRP083a,0,MediumTruck
16952,MediumTruck65814,N104_LRPSa,0,MediumTruck
16953,MediumTruck65823,N2_LRP229a,1.2464115337609494,MediumTruck
16954,MediumTruck65282,N2_LRP132a,0,MediumTruck
16955,MediumTruck65282,N2_LRP132b,0,MediumTruck
16956,MediumTruck65282,N2_LRP132c,0,MediumTruck
16957,MediumTruck65289,N102_LRP017a,0,MediumTruck
16958,MiniBus65295,N2_LRP093a,0,MiniBus
16959,LargeBus65296,N1_LRP145a,0,LargeBus
16960,LargeBus65298,N2_LRP139b,0,LargeBus
16961,LargeBus65298,N2_LRP140a,0.03756917793177032,LargeBus
16962,SmallTruck65301,N1_LRP033b,0,SmallTruck
16963,SmallTruck65301,N1_LRP033a,0,SmallTruck
16964,SmallTruck65304,N1_LRP143a,0,SmallTruck
16965,MiniBus65311,N2_LRP096c,0,MiniBus
16966,MiniBus65311,N2_LRP096a,0,MiniBus
16967,LargeBus65313,N1_LRP341a,0,LargeBus
16968,LargeBus65313,N1_LRP340a,0,LargeBus
16969,SmallTruck65316,N2_LRP052a,0,SmallTruck
16970,MediumTruck65325,N2_LRP076b,0,MediumTruck
16971,LargeBus65328,N2_LRP119c,0,LargeBus
16972,LargeBus65328,N2_LRP120a,0,LargeBus
16973,SmallTruck65331,N2_LRP171f,0.13625022293612585,SmallTruck
16974,MediumTruck65336,N2_LRP117b,0,MediumTruck
16975,MediumTruck65337,N2_LRP096c,0,MediumTruck
16976,MediumTruck65341,N2_LRP079d,0,MediumTruck
16977,MediumTruck65341,N2_LRP079b,3.1806860805226655,MediumTruck
16978,MediumTruck65342,N2_LRP170b,0,MediumTruck
16979,MediumTruck65342,N2_LRP170a,0,MediumTruck
16980,MediumTruck65342,N2_LRP169f,0,MediumTruck
16981,MediumTruck65342,N2_LRP169e,0,MediumTruck
16982,MediumTruck65342,N2_LRP169d,0,MediumTruck
16983,MediumTruck65342,N2_LRP169c,0,MediumTruck
16984,SmallTruck65347,N2_LRP178a,0,SmallTruck
16985,MediumTruck65358,N2_LRP175f,0,MediumTruck
16986,MediumTruck65358,N2_LRP175e,0,MediumTruck
16987,MediumTruck65358,N2_LRP175d,0,MediumTruck
16988,MediumTruck65358,N2_LRP175c,0,MediumTruck
16989,MiniBus65361,N1_LRP347a,0,MiniBus
16990,MediumTruck65362,N2_LRP108a,0,MediumTruck
16991,LargeBus65363,N2_LRP170e,0,LargeBus
16992,LargeBus65363,N2_LRP170c,0,LargeBus
16993,MediumTruck65380,N2_LRP040b,0,MediumTruck
16994,MediumTruck65382,N1_LRP036c,0,MediumTruck
16995,MediumTruck65387,N2_LRP044c,0,MediumTruck
16996,MiniBus65390,N2_LRP172d,0,MiniBus
16997,MiniBus65390,N2_LRP172c,0,MiniBus
16998,MiniBus65393,N1_LRP357f,0,MiniBus
16999,MiniBus65393,N1_LRP357d,0,MiniBus
17000,LargeBus65394,N2_LRP108a,0,LargeBus
17001,LargeBus65395,N2_LRP178b,0,LargeBus
17002,LargeBus65395,N2_LRP178a,0,LargeBus
17003,MediumTruck65403,N2_LRP050a,0,MediumTruck
17004,MediumTruck65404,N2_LRP048a,0,MediumTruck
17005,MiniBus65405,N2_LRP084a,0,MiniBus
17006,LargeBus65407,N2_LRP121c,0,LargeBus
17007,LargeBus65411,N2_LRP182b,0,LargeBus
17008,LargeBus65411,N2_LRP182a,0,LargeBus
17009,LargeBus65419,N2_LRP043a,0.30819659052866677,LargeBus
17010,MediumTruck65421,N2_LRP098b,3.9134832500723693,MediumTruck
17011,LargeBus65422,N2_LRP178b,0,LargeBus
17012,LargeBus65422,N2_LRP178a,0,LargeBus
17013,MediumTruck65425,N1_LRP368a,0.019838419360839174,MediumTruck
17014,LargeBus65431,N1_LRP205a,0,LargeBus
17015,LargeBus65434,N2_LRP012f,0,LargeBus
17016,MediumTruck65436,N2_LRP053a,0,MediumTruck
17017,MediumTruck65441,N1_LRP372c,0,MediumTruck
17018,MediumTruck65441,N1_LRP372a,0,MediumTruck
17019,MediumTruck65457,N1_LRP377f,0,MediumTruck
17020,SmallTruck65459,N208_LRP027f,0,SmallTruck
17021,SmallTruck65459,N208_LRP027d,0,SmallTruck
17022,MiniBus65470,N2_LRP188a,0,MiniBus
17023,MediumTruck65473,N1_LRP382a,0,MediumTruck
17024,MediumTruck65473,N1_LRP381c,0,MediumTruck
17025,MediumTruck65473,N1_LRP381b,0,MediumTruck
17026,SmallTruck65483,N2_LRP167b,0,SmallTruck
17027,MediumTruck65489,N1_LRP387b,0,MediumTruck
17028,MediumTruck65489,N1_LRP387a,0,MediumTruck
17029,MediumTruck65489,N1_LRP386f,0,MediumTruck
17030,MediumTruck65489,N1_LRP386e,0,MediumTruck
17031,HeavyTruck65491,N2_LRP207b,0,HeavyTruck
17032,MediumTruck65497,N2_LRP057b,0,MediumTruck
17033,MiniBus65500,N2_LRP061a,0,MiniBus
17034,MiniBus65500,N2_LRP060c,0,MiniBus
17035,LargeBus65505,N1_LRP386f,0,LargeBus
17036,LargeBus65505,N1_LRP386e,0,LargeBus
17037,LargeBus65505,N1_LRP386c,0,LargeBus
17038,MiniBus65515,N2_LRP162e,0,MiniBus
17039,MiniBus65515,N2_LRP163a,0,MiniBus
17040,MiniBus65515,N2_LRP163b,0,MiniBus
17041,SmallTruck65517,N2_LRP121a,0,SmallTruck
17042,SmallTruck65519,N2_LRP158a,0,SmallTruck
17043,SmallTruck65522,N2_LRP073b,0,SmallTruck
17044,SmallTruck65522,N2_LRP073c,0,SmallTruck
17045,MiniBus65524,N102_LRP082a,0,MiniBus
17046,LargeBus65525,N102_LRPSc,0,LargeBus
17047,SmallTruck65532,N2_LRP078a,0,SmallTruck
17048,MediumTruck65533,N2_LRP126a,0,MediumTruck
17049,MediumTruck65533,N2_LRP125d,0,MediumTruck
17050,MediumTruck65533,N2_LRP125c,0,MediumTruck
17051,MediumTruck65533,N2_LRP125b,0,MediumTruck
17052,MediumTruck65535,N2_LRP161c,0,MediumTruck
17053,MediumTruck65535,N2_LRP161b,0,MediumTruck
17054,MediumTruck65537,N1_LRP398d,0.14439062735760105,MediumTruck
17055,MediumTruck65538,N2_LRP069c,0,MediumTruck
17056,MediumTruck65538,N2_LRP069e,0,MediumTruck
17057,MediumTruck65538,N2_LRP070a,0,MediumTruck
17058,SmallTruck65540,N1_LRP011a,0,SmallTruck
17059,MediumTruck65545,N2_LRP045b,0,MediumTruck
17060,MediumTruck65551,N2_LRP164b,0,MediumTruck
17061,MediumTruck65551,N2_LRP164a,0,MediumTruck
17062,SmallTruck65552,N2_LRP057b,0,SmallTruck
17063,SmallTruck65553,N1_LRP398d,1.144390627357601,SmallTruck
17064,MediumTruck65555,N2_LRP224b,0,MediumTruck
17065,LargeBus65557,N102_LRP009a,0,LargeBus
17066,MediumTruck65569,N1_LRP410a,0,MediumTruck
17067,LargeBus65570,N2_LRP067c,0,LargeBus
17068,MediumTruck65571,N2_LRP226d,0,MediumTruck
17069,MediumTruck65571,N2_LRP226c,0,MediumTruck
17070,SmallTruck65572,N102_LRP062b,0,SmallTruck
17071,MediumTruck65578,N2_LRP058c,0,MediumTruck
17072,MediumTruck65586,N2_LRP057a,0,MediumTruck
17073,MediumTruck65587,N2_LRP229c,0,MediumTruck
17074,MediumTruck65588,N102_LRP058a,0,MediumTruck
17075,SmallTruck65592,N2_LRP054a,0,SmallTruck
17076,MiniBus65599,N2_LRP175f,0,MiniBus
17077,MiniBus65599,N2_LRP175e,0,MiniBus
17078,MiniBus65599,N2_LRP175d,0,MiniBus
17079,MiniBus65599,N2_LRP175c,0,MiniBus
17080,MediumTruck65601,N1_LRP412d,0,MediumTruck
17081,MediumTruck65601,N1_LRP412b,0,MediumTruck
17082,MediumTruck65605,N102_LRP028c,0,MediumTruck
17083,MediumTruck65616,N2_LRP042a,0,MediumTruck
17084,LargeBus65617,N1_LRP414a,0,LargeBus
17085,MediumTruck65623,N1_LRP143a,0,MediumTruck
17086,MediumTruck65624,N2_LRP048b,0,MediumTruck
17087,MediumTruck65627,N2_LRP132c,0,MediumTruck
17088,LargeBus65632,N2_LRP042a,0,LargeBus
17089,MediumTruck65633,N1_LRP418b,0,MediumTruck
17090,MediumTruck65635,N2_LRP241c,0,MediumTruck
17091,MiniBus65639,N1_LRP143a,0,MiniBus
17092,MediumTruck65642,N2_LRP161a,0,MediumTruck
17093,MiniBus65647,N2_LRP183a,0,MiniBus
17094,MiniBus65647,N2_LRP182d,0,MiniBus
17095,LargeBus65649,N1_LRP417d,0.001757553915897758,LargeBus
17096,LargeBus65650,N2_LRP044c,0,LargeBus
17097,LargeBus65651,N2_LRP241c,0,LargeBus
17098,MediumTruck65656,N2_LRP041b,0,MediumTruck
17099,MediumTruck65658,N2_LRP079a,0,MediumTruck
17100,MediumTruck65661,N208_LRP055a,0,MediumTruck
17101,MediumTruck65665,N1_LRP424e,0,MediumTruck
17102,MediumTruck65665,N1_LRP424c,0,MediumTruck
17103,MediumTruck65665,N1_LRP424b,0,MediumTruck
17104,MediumTruck65665,N1_LRP424a,0.4534232466540903,MediumTruck
17105,SmallTruck65667,N2_LRP249a,0,SmallTruck
17106,LargeBus65676,N2_LRP184c,0,LargeBus
17107,LargeBus65677,N2_LRP159d,0,LargeBus
17108,LargeBus65677,N2_LRP159c,0,LargeBus
17109,LargeBus65677,N2_LRP159b,0,LargeBus
17110,MediumTruck65680,N1_LRP034a,0,MediumTruck
17111,LargeBus65681,N1_LRP425b,0,LargeBus
17112,LargeBus65681,N1_LRP425a,0,LargeBus
17113,SmallTruck65684,N102_LRP033c,0,SmallTruck
17114,MediumTruck65694,N208_LRP034c,0,MediumTruck
17115,MediumTruck65694,N208_LRP034d,0,MediumTruck
17116,SmallTruck65695,N208_LRP024d,0,SmallTruck
17117,MediumTruck65696,N1_LRP030a,0,MediumTruck
17118,SmallTruck65697,N1_LRP431d,0.7812996742300159,SmallTruck
17119,HeavyTruck65700,N102_LRP029d,0,HeavyTruck
17120,MediumTruck65708,N2_LRP118g,0,MediumTruck
17121,SmallTruck65709,N2_LRP166e,0,SmallTruck
17122,SmallTruck65709,N2_LRP166d,0,SmallTruck
17123,MediumTruck65711,N208_LRP028d,0,MediumTruck
17124,MediumTruck65720,N2_LRP024b,0,MediumTruck
17125,MediumTruck65720,N2_LRP025a,0,MediumTruck
17126,MiniBus65721,N105_LRP020c,0,MiniBus
17127,SmallTruck65724,N2_LRP123e,0,SmallTruck
17128,SmallTruck65724,N2_LRP123d,0,SmallTruck
17129,SmallTruck65725,N2_LRP171d,0,SmallTruck
17130,SmallTruck65725,N2_LRP170j,0,SmallTruck
17131,SmallTruck65725,N2_LRP170i,0,SmallTruck
17132,SmallTruck65725,N2_LRP170h,0,SmallTruck
17133,SmallTruck65725,N2_LRP170g,0,SmallTruck
17134,SmallTruck65725,N2_LRP170f,0.004054924857171386,SmallTruck
17135,MediumTruck65729,N1_LRP438c,0,MediumTruck
17136,MediumTruck65729,N1_LRP438b,0,MediumTruck
17137,MediumTruck65729,N1_LRP438a,0,MediumTruck
17138,MediumTruck65730,N2_LRP021b,0,MediumTruck
17139,MediumTruck65736,N2_LRP021a,0,MediumTruck
17140,MediumTruck65737,N105_LRP027c,0,MediumTruck
17141,MiniBus65743,N208_LRP034d,0,MiniBus
17142,MiniBus65743,N208_LRP034c,0,MiniBus
17143,LargeBus65745,N1_LRP440a,0,LargeBus
17144,MediumTruck65748,N102_LRP017a,0,MediumTruck
17145,MediumTruck65750,N104_LRP017b,0,MediumTruck
17146,MediumTruck65752,N105_LRP017c,0,MediumTruck
17147,SmallTruck65755,N204_LRP020b,0,SmallTruck
17148,MediumTruck65760,N1_LRP014a,0,MediumTruck
17149,MediumTruck65761,N1_LRP447b,0,MediumTruck
17150,MediumTruck65761,N1_LRP447a,0,MediumTruck
17151,MediumTruck65761,N1_LRP446d,0,MediumTruck
17152,MediumTruck65761,N1_LRP446b,0,MediumTruck
17153,MediumTruck65773,N2_LRP180c,0,MediumTruck
17154,MediumTruck65777,N1_LRP450a,0,MediumTruck
17155,MediumTruck65785,N105_LRP040c,0,MediumTruck
17156,SmallTruck65786,N2_LRP126a,0,SmallTruck
17157,SmallTruck65786,N2_LRP126b,0,SmallTruck
17158,SmallTruck65786,N2_LRP126c,0,SmallTruck
17159,SmallTruck65786,N2_LRP126d,0,SmallTruck
17160,SmallTruck65789,N2_LRP183d,0.3045076284433508,SmallTruck
17161,MediumTruck65791,N2_LRP236c,0,MediumTruck
17162,SmallTruck65792,N1_LRP004b,0,SmallTruck
17163,SmallTruck65796,N1_LRP077a,0,SmallTruck
17164,MediumTruck65804,N2_LRP151b,0,MediumTruck
17165,MediumTruck65804,N2_LRP152a,0,MediumTruck
17166,MediumTruck65804,N2_LRP152b,0,MediumTruck
17167,SmallTruck65805,N2_LRP186d,0,SmallTruck
17168,SmallTruck65805,N2_LRP186c,0,SmallTruck
17169,MediumTruck65812,N1_LRP083b,0,MediumTruck
17170,MediumTruck65813,N102_LRP082a,0,MediumTruck
17171,SmallTruck65820,N2_LRP146a,0,SmallTruck
17172,MediumTruck65282,N2_LRP133a,0,MediumTruck
17173,MiniBus65295,N2_LRP092b,0,MiniBus
17174,MiniBus65295,N2_LRP092a,0,MiniBus
17175,MiniBus65311,N2_LRP095a,0,MiniBus
17176,LargeBus65313,N1_LRP339c,0.22236133147385959,LargeBus
17177,MediumTruck65314,N2_LRP125a,0,MediumTruck
17178,MediumTruck65314,N2_LRP125b,0,MediumTruck
17179,MediumTruck65314,N2_LRP125c,0,MediumTruck
17180,SmallTruck65316,N2_LRP053a,0,SmallTruck
17181,MediumTruck65325,N2_LRP076a,0,MediumTruck
17182,MediumTruck65326,N2_LRP165d,0,MediumTruck
17183,MediumTruck65326,N2_LRP165c,0,MediumTruck
17184,MediumTruck65326,N2_LRP164d,0,MediumTruck
17185,SmallTruck65331,N2_LRP171e,0,SmallTruck
17186,MediumTruck65336,N2_LRP118a,0,MediumTruck
17187,MediumTruck65337,N2_LRP097a,0,MediumTruck
17188,MediumTruck65342,N2_LRP169b,0,MediumTruck
17189,MediumTruck65345,N1_LRP349a,0,MediumTruck
17190,MediumTruck65345,N1_LRP348b,0,MediumTruck
17191,SmallTruck65347,N2_LRP177a,0,SmallTruck
17192,MediumTruck65356,N2_LRP035b,0,MediumTruck
17193,LargeBus65363,N2_LRP170b,0,LargeBus
17194,LargeBus65363,N2_LRP170a,0,LargeBus
17195,LargeBus65363,N2_LRP169f,0,LargeBus
17196,LargeBus65363,N2_LRP169e,0,LargeBus
17197,LargeBus65363,N2_LRP169d,0,LargeBus
17198,LargeBus65363,N2_LRP169c,0,LargeBus
17199,LargeBus65366,N1_LRP020a,0,LargeBus
17200,MediumTruck65367,N1_LRP077a,0,MediumTruck
17201,SmallTruck65373,N2_LRP084a,0,SmallTruck
17202,LargeBus65376,N1_LRP123a,0,LargeBus
17203,MediumTruck65377,N1_LRP359b,0,MediumTruck
17204,MediumTruck65377,N1_LRP359a,0,MediumTruck
17205,MediumTruck65380,N2_LRP041b,0,MediumTruck
17206,MediumTruck65382,N1_LRP035a,0,MediumTruck
17207,MediumTruck65384,N2_LRP106a,0,MediumTruck
17208,MediumTruck65387,N2_LRP044a,0,MediumTruck
17209,MediumTruck65387,N2_LRP043d,0,MediumTruck
17210,MiniBus65390,N2_LRP171f,0.2491038216899025,MiniBus
17211,MediumTruck65392,N1_LRP109a,0,MediumTruck
17212,MiniBus65393,N1_LRP357c,0,MiniBus
17213,MiniBus65393,N1_LRP357a,0,MiniBus
17214,MediumTruck65404,N2_LRP047c,0,MediumTruck
17215,MediumTruck65404,N2_LRP047a,0,MediumTruck
17216,MediumTruck65404,N2_LRP046c,0,MediumTruck
17217,LargeBus65407,N2_LRP121a,0,LargeBus
17218,MediumTruck65409,N1_LRP364d,0,MediumTruck
17219,LargeBus65411,N2_LRP181c,0,LargeBus
17220,MediumTruck65426,N1_LRP109a,0,MediumTruck
17221,LargeBus65431,N1_LRP206a,0,LargeBus
17222,LargeBus65434,N2_LRP012c,0,LargeBus
17223,MediumTruck65436,N2_LRP052a,0,MediumTruck
17224,MediumTruck65441,N1_LRP371c,0,MediumTruck
17225,MediumTruck65441,N1_LRP371a,0,MediumTruck
17226,MediumTruck65457,N1_LRP377d,0,MediumTruck
17227,MediumTruck65457,N1_LRP377c,0,MediumTruck
17228,MediumTruck65457,N1_LRP377a,0,MediumTruck
17229,SmallTruck65459,N208_LRP027b,0,SmallTruck
17230,HeavyTruck65460,N2_LRP021a,0,HeavyTruck
17231,MediumTruck65465,N2_LRP066a,0,MediumTruck
17232,MiniBus65470,N2_LRP187b,0,MiniBus
17233,MediumTruck65481,N1_LRP051a,0,MediumTruck
17234,SmallTruck65483,N2_LRP167c,0,SmallTruck
17235,SmallTruck65483,N2_LRP168a,0,SmallTruck
17236,MediumTruck65489,N1_LRP386c,0,MediumTruck
17237,MediumTruck65489,N1_LRP386a,0,MediumTruck
17238,MediumTruck65489,N1_LRP385g,0,MediumTruck
17239,SmallTruck65490,N2_LRP079d,0,SmallTruck
17240,LargeBus65505,N1_LRP386a,0,LargeBus
17241,LargeBus65505,N1_LRP385g,0,LargeBus
17242,HeavyTruck65506,N2_LRP078a,0,HeavyTruck
17243,SmallTruck65510,N1_LRP068a,0,SmallTruck
17244,MiniBus65515,N2_LRP163c,0,MiniBus
17245,MiniBus65515,N2_LRP163d,0,MiniBus
17246,SmallTruck65517,N2_LRP120a,0,SmallTruck
17247,SmallTruck65517,N2_LRP119c,0,SmallTruck
17248,SmallTruck65522,N2_LRP073g,0,SmallTruck
17249,MediumTruck65523,N2_LRP214b,0.12838182760547537,MediumTruck
17250,LargeBus65525,N1_LRP083a,0,LargeBus
17251,MediumTruck65533,N2_LRP125a,0,MediumTruck
17252,MediumTruck65533,N2_LRP124c,0,MediumTruck
17253,MediumTruck65535,N2_LRP161a,0,MediumTruck
17254,MediumTruck65538,N2_LRP070c,0,MediumTruck
17255,SmallTruck65540,N1_LRP010c,0,SmallTruck
17256,SmallTruck65540,N1_LRP010b,0,SmallTruck
17257,MediumTruck65551,N2_LRP163d,0,MediumTruck
17258,MediumTruck65551,N2_LRP163c,0,MediumTruck
17259,MediumTruck65551,N2_LRP163b,0,MediumTruck
17260,MediumTruck65551,N2_LRP163a,0,MediumTruck
17261,LargeBus65556,N105_LRP003a,0,LargeBus
17262,SmallTruck65572,N102_LRP062c,0,SmallTruck
17263,SmallTruck65573,N102_LRP019b,0,SmallTruck
17264,SmallTruck65573,N102_LRP019a,0,SmallTruck
17265,SmallTruck65577,N1_LRP026a,0,SmallTruck
17266,SmallTruck65577,N1_LRP026b,0,SmallTruck
17267,LargeBus65581,N2_LRP130c,0,LargeBus
17268,LargeBus65581,N2_LRP130b,0,LargeBus
17269,MediumTruck65586,N2_LRP057b,0,MediumTruck
17270,MediumTruck65587,N2_LRP229a,1.460689662579231,MediumTruck
17271,SmallTruck65592,N2_LRP054b,0,SmallTruck
17272,SmallTruck65597,N207_LRP008c,0,SmallTruck
17273,MediumTruck65601,N1_LRP412a,0,MediumTruck
17274,MediumTruck65601,N1_LRP411b,0,MediumTruck
17275,MediumTruck65602,N2_LRP052a,0,MediumTruck
17276,MiniBus65603,N2_LRP228b,0,MiniBus
17277,SmallTruck65611,N2_LRP098b,3.9134832500723693,SmallTruck
17278,MediumTruck65616,N2_LRP043a,0.018540428137728125,MediumTruck
17279,LargeBus65618,N2_LRP052a,0,LargeBus
17280,SmallTruck65619,N2_LRP236c,0,SmallTruck
17281,SmallTruck65620,N1_LRP134a,0,SmallTruck
17282,MediumTruck65627,N2_LRP133a,0,MediumTruck
17283,SmallTruck65631,N2_LRP184c,0,SmallTruck
17284,LargeBus65632,N2_LRP043a,0.13035995532257671,LargeBus
17285,MediumTruck65633,N1_LRP417d,0.09763075857101379,MediumTruck
17286,MiniBus65639,N1_LRP142a,0,MiniBus
17287,MediumTruck65642,N2_LRP161b,0,MediumTruck
17288,MediumTruck65642,N2_LRP161c,0,MediumTruck
17289,MediumTruck65642,N2_LRP162a,0.0402966399882901,MediumTruck
17290,MiniBus65647,N2_LRP182b,0,MiniBus
17291,MiniBus65647,N2_LRP182a,0,MiniBus
17292,LargeBus65650,N2_LRP045b,0,LargeBus
17293,SmallTruck65654,N1_LRP105a,0,SmallTruck
17294,MediumTruck65656,N2_LRP042a,0,MediumTruck
17295,MediumTruck65657,N105_LRP006a,0,MediumTruck
17296,MediumTruck65657,N105_LRP005c,0,MediumTruck
17297,MediumTruck65658,N2_LRP078a,0,MediumTruck
17298,MiniBus65662,N208_LRP046b,0,MiniBus
17299,LargeBus65677,N2_LRP158a,0,LargeBus
17300,LargeBus65681,N1_LRP424e,0,LargeBus
17301,LargeBus65681,N1_LRP424c,0,LargeBus
17302,LargeBus65681,N1_LRP424b,0,LargeBus
17303,LargeBus65681,N1_LRP424a,0.5825523081917614,LargeBus
17304,LargeBus65683,N2_LRP249a,0,LargeBus
17305,SmallTruck65684,N102_LRP034b,0,SmallTruck
17306,LargeBus65693,N2_LRP228b,0,LargeBus
17307,SmallTruck65704,N105_LRP030c,0,SmallTruck
17308,MediumTruck65708,N2_LRP118e,0,MediumTruck
17309,MediumTruck65708,N2_LRP118b,0,MediumTruck
17310,MediumTruck65708,N2_LRP118a,0,MediumTruck
17311,MediumTruck65711,N208_LRP027f,0,MediumTruck
17312,MediumTruck65711,N208_LRP027d,0,MediumTruck
17313,SmallTruck65712,N1_LRP026a,0,SmallTruck
17314,SmallTruck65712,N1_LRP026b,0,SmallTruck
17315,MediumTruck65713,N1_LRP433c,0,MediumTruck
17316,MediumTruck65713,N1_LRP433b,0.2666994193741306,MediumTruck
17317,LargeBus65715,N2_LRP258a,0,LargeBus
17318,MediumTruck65720,N2_LRP025b,0,MediumTruck
17319,MediumTruck65722,N2_LRP141a,0,MediumTruck
17320,MediumTruck65722,N2_LRP141b,0,MediumTruck
17321,SmallTruck65724,N2_LRP123c,0,SmallTruck
17322,SmallTruck65725,N2_LRP170e,0,SmallTruck
17323,SmallTruck65725,N2_LRP170c,0,SmallTruck
17324,MediumTruck65726,N208_LRP027b,0,MediumTruck
17325,MediumTruck65726,N208_LRP027d,0,MediumTruck
17326,MediumTruck65729,N1_LRP437b,0,MediumTruck
17327,MediumTruck65729,N1_LRP437a,0,MediumTruck
17328,SmallTruck65732,N102_LRP022a,0,SmallTruck
17329,MediumTruck65736,N2_LRP021b,0,MediumTruck
17330,LargeBus65745,N1_LRP439a,0,LargeBus
17331,MediumTruck65753,N105_LRP030c,0,MediumTruck
17332,MiniBus65757,N2_LRP211b,0,MiniBus
17333,MiniBus65757,N2_LRP211c,0,MiniBus
17334,SmallTruck65759,N2_LRP211c,0,SmallTruck
17335,LargeBus65762,N2_LRP016a,0,LargeBus
17336,MediumTruck65764,N1_LRP068a,0,MediumTruck
17337,MediumTruck65769,N105_LRP035d,0,MediumTruck
17338,MediumTruck65773,N2_LRP180a,0,MediumTruck
17339,MediumTruck65777,N1_LRP449d,0,MediumTruck
17340,MediumTruck65777,N1_LRP449c,0,MediumTruck
17341,LargeBus65782,N1_LRP137a,0,LargeBus
17342,MediumTruck65785,N105_LRP039b,0,MediumTruck
17343,SmallTruck65786,N2_LRP127b,0,SmallTruck
17344,SmallTruck65789,N2_LRP183c,0,SmallTruck
17345,LargeBus65793,N1_LRP452e,0,LargeBus
17346,LargeBus65793,N1_LRP452d,0,LargeBus
17347,LargeBus65793,N1_LRP452c,0,LargeBus
17348,LargeBus65793,N1_LRP452a,0,LargeBus
17349,SmallTruck65800,N105_LRP005c,0,SmallTruck
17350,SmallTruck65800,N105_LRP006a,0,SmallTruck
17351,MediumTruck65804,N2_LRP152c,0,MediumTruck
17352,MediumTruck65804,N2_LRP152d,0,MediumTruck
17353,MediumTruck65804,N2_LRP153a,0,MediumTruck
17354,SmallTruck65805,N2_LRP186b,1.7181917885813331,SmallTruck
17355,SmallTruck65807,N2_LRP224b,0,SmallTruck
17356,MediumTruck65808,N1_LRP001a,0,MediumTruck
17357,SmallTruck65809,N1_LRP456c,0,SmallTruck
17358,LargeBus65811,N2_LRP285c,0,LargeBus
17359,LargeBus65811,N2_LRP285a,0,LargeBus
17360,SmallTruck65821,N207_LRP066b,0,SmallTruck
17361,MediumTruck65823,N2_LRP229c,0,MediumTruck
17362,SmallTruck65281,N1_LRP336a,0,SmallTruck
17363,MediumTruck65282,N2_LRP134b,0,MediumTruck
17364,MediumTruck65282,N2_LRP134c,0,MediumTruck
17365,MediumTruck65285,N1_LRP027a,0,MediumTruck
17366,MediumTruck65285,N1_LRP026b,0,MediumTruck
17367,MediumTruck65289,N102_LRP019a,0,MediumTruck
17368,MiniBus65295,N2_LRP091b,0,MiniBus
17369,MediumTruck65297,N1_LRP341a,0,MediumTruck
17370,MediumTruck65297,N1_LRP340a,0,MediumTruck
17371,LargeBus65298,N2_LRP140c,0.03455634491087409,LargeBus
17372,LargeBus65299,N2_LRP148b,0,LargeBus
17373,SmallTruck65304,N1_LRP145a,0,SmallTruck
17374,LargeBus65313,N1_LRP339a,0,LargeBus
17375,MediumTruck65314,N2_LRP125d,0,MediumTruck
17376,MediumTruck65314,N2_LRP126a,0,MediumTruck
17377,MediumTruck65314,N2_LRP126b,0,MediumTruck
17378,SmallTruck65316,N2_LRP054a,0,SmallTruck
17379,SmallTruck65323,N2_LRP029b,0,SmallTruck
17380,MediumTruck65326,N2_LRP164b,0,MediumTruck
17381,MediumTruck65326,N2_LRP164a,0,MediumTruck
17382,LargeBus65328,N2_LRP121a,0,LargeBus
17383,SmallTruck65331,N2_LRP171d,0,SmallTruck
17384,SmallTruck65331,N2_LRP170j,0,SmallTruck
17385,SmallTruck65331,N2_LRP170i,0,SmallTruck
17386,SmallTruck65331,N2_LRP170h,0,SmallTruck
17387,SmallTruck65331,N2_LRP170g,0,SmallTruck
17388,SmallTruck65331,N2_LRP170f,0.11443115424433559,SmallTruck
17389,MediumTruck65334,N1_LRP023a,0,MediumTruck
17390,MediumTruck65335,N1_LRP068a,0,MediumTruck
17391,MediumTruck65336,N2_LRP118b,0,MediumTruck
17392,MediumTruck65336,N2_LRP118e,0,MediumTruck
17393,MediumTruck65337,N2_LRP098b,4.913483250072369,MediumTruck
17394,MediumTruck65342,N2_LRP168c,0,MediumTruck
17395,MediumTruck65342,N2_LRP168a,0,MediumTruck
17396,MediumTruck65345,N1_LRP348a,0,MediumTruck
17397,SmallTruck65347,N2_LRP176e,0,SmallTruck
17398,SmallTruck65347,N2_LRP176d,0,SmallTruck
17399,SmallTruck65347,N2_LRP176c,0,SmallTruck
17400,SmallTruck65347,N2_LRP176b,0,SmallTruck
17401,LargeBus65363,N2_LRP169b,0,LargeBus
17402,LargeBus65363,N2_LRP168c,0,LargeBus
17403,SmallTruck65372,N2_LRP035b,0,SmallTruck
17404,MediumTruck65377,N1_LRP358b,0,MediumTruck
17405,MediumTruck65377,N1_LRP358a,0,MediumTruck
17406,MediumTruck65380,N2_LRP042a,0,MediumTruck
17407,MediumTruck65384,N2_LRP106b,0,MediumTruck
17408,MediumTruck65387,N2_LRP043a,1.1303599553225767,MediumTruck
17409,LargeBus65388,N208_LRP024d,0,LargeBus
17410,MiniBus65390,N2_LRP171e,0,MiniBus
17411,LargeBus65395,N2_LRP177a,0,LargeBus
17412,LargeBus65395,N2_LRP176e,0,LargeBus
17413,LargeBus65395,N2_LRP176d,0,LargeBus
17414,LargeBus65395,N2_LRP176c,0,LargeBus
17415,LargeBus65395,N2_LRP176b,0,LargeBus
17416,MediumTruck65402,N2_LRP012f,0,MediumTruck
17417,MediumTruck65403,N2_LRP048b,0,MediumTruck
17418,LargeBus65407,N2_LRP120a,0,LargeBus
17419,LargeBus65407,N2_LRP119c,0,LargeBus
17420,MediumTruck65409,N1_LRP364c,0,MediumTruck
17421,MediumTruck65409,N1_LRP364a,0,MediumTruck
17422,LargeBus65411,N2_LRP180c,0,LargeBus
17423,LargeBus65411,N2_LRP180a,0,LargeBus
17424,LargeBus65419,N2_LRP042a,0,LargeBus
17425,LargeBus65422,N2_LRP177a,0,LargeBus
17426,LargeBus65422,N2_LRP176e,0,LargeBus
17427,LargeBus65422,N2_LRP176d,0,LargeBus
17428,LargeBus65422,N2_LRP176c,0,LargeBus
17429,LargeBus65422,N2_LRP176b,0,LargeBus
17430,MediumTruck65425,N1_LRP367a,0,MediumTruck
17431,MediumTruck65429,N1_LRP064c,0,MediumTruck
17432,LargeBus65431,N1_LRP207a,0,LargeBus
17433,MediumTruck65441,N1_LRP370e,0,MediumTruck
17434,MediumTruck65446,N1_LRP051a,0,MediumTruck
17435,MediumTruck65457,N1_LRP376a,0,MediumTruck
17436,HeavyTruck65460,N2_LRP021b,0,HeavyTruck
17437,MediumTruck65465,N2_LRP067c,0,MediumTruck
17438,MiniBus65470,N2_LRP186d,0,MiniBus
17439,MediumTruck65473,N1_LRP380c,0,MediumTruck
17440,MediumTruck65473,N1_LRP380a,0,MediumTruck
17441,SmallTruck65483,N2_LRP168c,0,SmallTruck
17442,SmallTruck65490,N2_LRP081a,0,SmallTruck
17443,MediumTruck65497,N2_LRP058c,0,MediumTruck
17444,MediumTruck65497,N2_LRP059a,0,MediumTruck
17445,MiniBus65500,N2_LRP059a,0,MiniBus
17446,MiniBus65500,N2_LRP058c,0,MiniBus
17447,LargeBus65505,N1_LRP384a,0,LargeBus
17448,HeavyTruck65506,N2_LRP079a,0,HeavyTruck
17449,LargeBus65509,N1_LRP077a,0,LargeBus
17450,MiniBus65515,N2_LRP164a,0,MiniBus
17451,MiniBus65515,N2_LRP164b,0,MiniBus
17452,MiniBus65515,N2_LRP164d,0,MiniBus
17453,SmallTruck65517,N2_LRP118g,0,SmallTruck
17454,SmallTruck65519,N2_LRP157b,0,SmallTruck
17455,SmallTruck65519,N2_LRP157a,0,SmallTruck
17456,MediumTruck65521,N1_LRP391a,0,MediumTruck
17457,SmallTruck65522,N2_LRP074a,0,SmallTruck
17458,LargeBus65525,N1_LRP083b,0,LargeBus
17459,SmallTruck65532,N2_LRP076b,0,SmallTruck
17460,MediumTruck65533,N2_LRP123e,0,MediumTruck
17461,MediumTruck65533,N2_LRP123d,0,MediumTruck
17462,MediumTruck65535,N2_LRP160a,0,MediumTruck
17463,MediumTruck65535,N2_LRP159d,0,MediumTruck
17464,MediumTruck65537,N1_LRP398a,0,MediumTruck
17465,LargeBus65542,N1_LRP068a,0,LargeBus
17466,MediumTruck65545,N2_LRP046c,0,MediumTruck
17467,MediumTruck65545,N2_LRP047a,0,MediumTruck
17468,MediumTruck65545,N2_LRP047c,0,MediumTruck
17469,MediumTruck65551,N2_LRP162e,0,MediumTruck
17470,MediumTruck65551,N2_LRP162d,0,MediumTruck
17471,MediumTruck65551,N2_LRP162c,0,MediumTruck
17472,SmallTruck65552,N2_LRP058c,0,SmallTruck
17473,SmallTruck65552,N2_LRP059a,0,SmallTruck
17474,SmallTruck65553,N1_LRP398a,0,SmallTruck
17475,MediumTruck65554,N1_LRP077a,0,MediumTruck
17476,SmallTruck65563,N2_LRP087a,0,SmallTruck
17477,MediumTruck65568,N1_LRP064c,0,MediumTruck
17478,MediumTruck65569,N1_LRP408a,0,MediumTruck
17479,MediumTruck65571,N2_LRP225c,0.09564974471755316,MediumTruck
17480,LargeBus65575,N1_LRP123a,0,LargeBus
17481,SmallTruck65577,N1_LRP027a,0,SmallTruck
17482,MediumTruck65578,N2_LRP057b,0,MediumTruck
17483,MediumTruck65578,N2_LRP057a,0,MediumTruck
17484,LargeBus65581,N2_LRP130a,0,LargeBus
17485,LargeBus65581,N2_LRP129c,0,LargeBus
17486,LargeBus65581,N2_LRP129b,0,LargeBus
17487,MiniBus65585,N1_LRP400a,0,MiniBus
17488,MediumTruck65589,N102_LRP022a,0,MediumTruck
17489,MediumTruck65590,N1_LRP088a,0,MediumTruck
17490,SmallTruck65592,N2_LRP055b,0,SmallTruck
17491,SmallTruck65592,N2_LRP056a,0,SmallTruck
17492,MediumTruck65593,N2_LRP035b,0,MediumTruck
17493,MediumTruck65601,N1_LRP411a,0,MediumTruck
17494,MediumTruck65602,N2_LRP053a,0,MediumTruck
17495,LargeBus65617,N1_LRP412d,0,LargeBus
17496,LargeBus65617,N1_LRP412b,0,LargeBus
17497,LargeBus65618,N2_LRP053a,0,LargeBus
17498,LargeBus65618,N2_LRP054a,0,LargeBus
17499,SmallTruck65619,N2_LRP236a,0,SmallTruck
17500,SmallTruck65619,N2_LRP235a,0,SmallTruck
17501,MediumTruck65623,N1_LRP142a,0,MediumTruck
17502,MediumTruck65624,N2_LRP050a,0,MediumTruck
17503,MediumTruck65627,N2_LRP134b,0,MediumTruck
17504,MediumTruck65627,N2_LRP134c,0,MediumTruck
17505,SmallTruck65631,N2_LRP183d,0.08723255326380094,SmallTruck
17506,MediumTruck65635,N2_LRP240a,0,MediumTruck
17507,LargeBus65636,N1_LRP030a,0,LargeBus
17508,MediumTruck65642,N2_LRP162c,0,MediumTruck
17509,MediumTruck65642,N2_LRP162d,0,MediumTruck
17510,MediumTruck65642,N2_LRP162e,0,MediumTruck
17511,MiniBus65647,N2_LRP181c,0,MiniBus
17512,LargeBus65649,N1_LRP417b,0,LargeBus
17513,LargeBus65649,N1_LRP416e,0,LargeBus
17514,LargeBus65649,N1_LRP416d,0,LargeBus
17515,LargeBus65650,N2_LRP046c,0,LargeBus
17516,LargeBus65651,N2_LRP240a,0,LargeBus
17517,SmallTruck65653,N102_LRP038d,0,SmallTruck
17518,MediumTruck65656,N2_LRP043a,2.130359955322577,MediumTruck
17519,MediumTruck65665,N1_LRP423d,0,MediumTruck
17520,MediumTruck65665,N1_LRP423c,0,MediumTruck
17521,MediumTruck65665,N1_LRP423b,1.7954929288353203,MediumTruck
17522,SmallTruck65667,N2_LRP248a,0,SmallTruck
17523,SmallTruck65671,N104_LRP010a,0,SmallTruck
17524,LargeBus65676,N2_LRP186b,2.718191788581333,LargeBus
17525,LargeBus65677,N2_LRP157b,0,LargeBus
17526,MediumTruck65680,N1_LRP035a,0,MediumTruck
17527,MediumTruck65682,N2_LRP035b,0,MediumTruck
17528,LargeBus65683,N2_LRP248a,0,LargeBus
17529,MediumTruck65686,N1_LRP112a,0,MediumTruck
17530,LargeBus65687,N104_LRP010a,0,LargeBus
17531,SmallTruck65697,N1_LRP431b,0,SmallTruck
17532,SmallTruck65697,N1_LRP431a,0,SmallTruck
17533,SmallTruck65697,N1_LRP430c,0,SmallTruck
17534,MediumTruck65705,N105_LRP017c,0,MediumTruck
17535,SmallTruck65709,N2_LRP165d,0,SmallTruck
17536,SmallTruck65709,N2_LRP165c,0,SmallTruck
17537,SmallTruck65709,N2_LRP164d,0,SmallTruck
17538,MiniBus65710,N208_LRP034c,0,MiniBus
17539,MiniBus65710,N208_LRP034d,0,MiniBus
17540,MediumTruck65711,N208_LRP027b,0,MediumTruck
17541,SmallTruck65712,N1_LRP027a,0,SmallTruck
17542,MediumTruck65713,N1_LRP432b,0,MediumTruck
17543,HeavyTruck65717,N102_LRP055c,0,HeavyTruck
17544,SmallTruck65724,N2_LRP122b,0,SmallTruck
17545,SmallTruck65725,N2_LRP170b,0,SmallTruck
17546,SmallTruck65725,N2_LRP170a,0,SmallTruck
17547,SmallTruck65725,N2_LRP169f,0,SmallTruck
17548,SmallTruck65725,N2_LRP169e,0,SmallTruck
17549,SmallTruck65725,N2_LRP169d,0,SmallTruck
17550,SmallTruck65725,N2_LRP169c,0,SmallTruck
17551,MediumTruck65726,N208_LRP027f,0,MediumTruck
17552,MediumTruck65729,N1_LRP436a,0,MediumTruck
17553,HeavyTruck65731,N2_LRP264a,0,HeavyTruck
17554,MiniBus65738,N2_LRP093a,0,MiniBus
17555,LargeBus65745,N1_LRP438c,0,LargeBus
17556,LargeBus65745,N1_LRP438b,0,LargeBus
17557,MediumTruck65748,N102_LRP019a,0,MediumTruck
17558,MediumTruck65748,N102_LRP019b,0,MediumTruck
17559,SmallTruck65759,N2_LRP211b,0,SmallTruck
17560,MediumTruck65761,N1_LRP445d,0,MediumTruck
17561,MediumTruck65761,N1_LRP445b,0,MediumTruck
17562,MediumTruck65773,N2_LRP179a,0,MediumTruck
17563,MediumTruck65773,N2_LRP178b,0,MediumTruck
17564,SmallTruck65776,N1_LRP010b,0,SmallTruck
17565,SmallTruck65776,N1_LRP010c,0,SmallTruck
17566,SmallTruck65776,N1_LRP011a,0,SmallTruck
17567,MediumTruck65777,N1_LRP448a,0,MediumTruck
17568,LargeBus65782,N1_LRP136a,0,LargeBus
17569,SmallTruck65786,N2_LRP127c,0,SmallTruck
17570,SmallTruck65786,N2_LRP128a,0,SmallTruck
17571,SmallTruck65789,N2_LRP183a,0,SmallTruck
17572,SmallTruck65789,N2_LRP182d,0,SmallTruck
17573,MiniBus65790,N208_LRP011b,0,MiniBus
17574,MediumTruck65791,N2_LRP238c,0,MediumTruck
17575,MediumTruck65791,N2_LRP239a,0,MediumTruck
17576,LargeBus65793,N1_LRP451e,0,LargeBus
17577,LargeBus65793,N1_LRP451b,0,LargeBus
17578,LargeBus65793,N1_LRP450e,0.06470099724873275,LargeBus
17579,MediumTruck65801,N105_LRP042b,0,MediumTruck
17580,MediumTruck65804,N2_LRP153b,0,MediumTruck
17581,SmallTruck65809,N1_LRP456a,0,SmallTruck
17582,LargeBus65811,N2_LRP284c,0,LargeBus
17583,LargeBus65811,N2_LRP284b,0,LargeBus
17584,SmallTruck65818,N204_LRP003b,0,SmallTruck
17585,SmallTruck65281,N1_LRP335a,0,SmallTruck
17586,MediumTruck65282,N2_LRP135a,0,MediumTruck
17587,MediumTruck65285,N1_LRP026a,0,MediumTruck
17588,MiniBus65295,N2_LRP090a,0,MiniBus
17589,LargeBus65296,N1_LRP148a,0,LargeBus
17590,LargeBus65299,N2_LRP147d,0,LargeBus
17591,LargeBus65299,N2_LRP147b,0,LargeBus
17592,SmallTruck65301,N1_LRP030a,0,SmallTruck
17593,MediumTruck65312,N2_LRP117a,0.07737442028983484,MediumTruck
17594,MediumTruck65314,N2_LRP126c,0,MediumTruck
17595,MediumTruck65314,N2_LRP126d,0,MediumTruck
17596,MediumTruck65314,N2_LRP127b,0,MediumTruck
17597,SmallTruck65316,N2_LRP054b,0,SmallTruck
17598,MediumTruck65325,N2_LRP074a,0,MediumTruck
17599,MediumTruck65325,N2_LRP073g,0,MediumTruck
17600,MediumTruck65326,N2_LRP163d,0,MediumTruck
17601,MediumTruck65326,N2_LRP163c,0,MediumTruck
17602,MediumTruck65326,N2_LRP163b,0,MediumTruck
17603,MediumTruck65326,N2_LRP163a,0,MediumTruck
17604,LargeBus65328,N2_LRP121c,0,LargeBus
17605,LargeBus65328,N2_LRP122b,0,LargeBus
17606,SmallTruck65329,N1_LRP342c,0,SmallTruck
17607,SmallTruck65329,N1_LRP342a,0.030187689007061227,SmallTruck
17608,SmallTruck65331,N2_LRP170e,0,SmallTruck
17609,SmallTruck65331,N2_LRP170c,0,SmallTruck
17610,MediumTruck65336,N2_LRP118g,0,MediumTruck
17611,MediumTruck65342,N2_LRP167c,0,MediumTruck
17612,MediumTruck65342,N2_LRP167b,0,MediumTruck
17613,MediumTruck65345,N1_LRP347b,0,MediumTruck
17614,MediumTruck65345,N1_LRP347a,0,MediumTruck
17615,SmallTruck65347,N2_LRP175f,0,SmallTruck
17616,SmallTruck65347,N2_LRP175e,0,SmallTruck
17617,SmallTruck65347,N2_LRP175d,0,SmallTruck
17618,SmallTruck65347,N2_LRP175c,0,SmallTruck
17619,MediumTruck65353,N2_LRP095a,0,MediumTruck
17620,MediumTruck65353,N2_LRP096a,0,MediumTruck
17621,MediumTruck65360,N1_LRP118d,0,MediumTruck
17622,MediumTruck65360,N1_LRP119a,0,MediumTruck
17623,LargeBus65363,N2_LRP168a,0,LargeBus
17624,LargeBus65363,N2_LRP167c,0,LargeBus
17625,MediumTruck65377,N1_LRP357f,0,MediumTruck
17626,MediumTruck65377,N1_LRP357d,0,MediumTruck
17627,MediumTruck65380,N2_LRP043a,3.130359955322577,MediumTruck
17628,MediumTruck65382,N1_LRP034a,0,MediumTruck
17629,MiniBus65390,N2_LRP171d,0,MiniBus
17630,MiniBus65390,N2_LRP170j,0,MiniBus
17631,MiniBus65390,N2_LRP170i,0,MiniBus
17632,MiniBus65390,N2_LRP170h,0,MiniBus
17633,MiniBus65390,N2_LRP170g,0,MiniBus
17634,MiniBus65390,N2_LRP170f,0.12229967290673885,MiniBus
17635,LargeBus65395,N2_LRP175f,0,LargeBus
17636,LargeBus65395,N2_LRP175e,0,LargeBus
17637,LargeBus65395,N2_LRP175d,0,LargeBus
17638,LargeBus65395,N2_LRP175c,0,LargeBus
17639,MediumTruck65402,N2_LRP012c,0,MediumTruck
17640,MediumTruck65403,N2_LRP048a,0,MediumTruck
17641,MediumTruck65404,N2_LRP045b,0,MediumTruck
17642,LargeBus65407,N2_LRP118g,0,LargeBus
17643,LargeBus65407,N2_LRP118e,0,LargeBus
17644,MediumTruck65409,N1_LRP363b,0,MediumTruck
17645,LargeBus65411,N2_LRP179a,0,LargeBus
17646,LargeBus65419,N2_LRP041b,0,LargeBus
17647,LargeBus65422,N2_LRP175f,0,LargeBus
17648,LargeBus65422,N2_LRP175e,0,LargeBus
17649,LargeBus65422,N2_LRP175d,0,LargeBus
17650,LargeBus65422,N2_LRP175c,0,LargeBus
17651,MediumTruck65440,N1_LRP098a,0,MediumTruck
17652,MediumTruck65441,N1_LRP370c,0,MediumTruck
17653,MediumTruck65441,N1_LRP370a,0,MediumTruck
17654,MediumTruck65441,N1_LRP369c,0,MediumTruck
17655,MediumTruck65456,N1_LRP094a,0,MediumTruck
17656,MediumTruck65457,N1_LRP375c,0,MediumTruck
17657,SmallTruck65459,N208_LRP024d,0,SmallTruck
17658,MiniBus65470,N2_LRP186c,0,MiniBus
17659,MiniBus65470,N2_LRP186b,3.718191788581333,MiniBus
17660,MediumTruck65474,N2_LRP084a,0,MediumTruck
17661,SmallTruck65483,N2_LRP169b,0,SmallTruck
17662,SmallTruck65483,N2_LRP169c,0,SmallTruck
17663,SmallTruck65483,N2_LRP169d,0,SmallTruck
17664,SmallTruck65483,N2_LRP169e,0,SmallTruck
17665,SmallTruck65483,N2_LRP169f,0,SmallTruck
17666,SmallTruck65483,N2_LRP170a,0,SmallTruck
17667,MediumTruck65489,N1_LRP384a,0,MediumTruck
17668,SmallTruck65490,N2_LRP081b,0,SmallTruck
17669,HeavyTruck65491,N2_LRP206b,0,HeavyTruck
17670,LargeBus65505,N1_LRP383b,0,LargeBus
17671,HeavyTruck65506,N2_LRP079b,0.3572696174095518,HeavyTruck
17672,MiniBus65515,N2_LRP165c,0,MiniBus
17673,MiniBus65515,N2_LRP165d,0,MiniBus
17674,SmallTruck65517,N2_LRP118e,0,SmallTruck
17675,SmallTruck65517,N2_LRP118b,0,SmallTruck
17676,SmallTruck65517,N2_LRP118a,0,SmallTruck
17677,SmallTruck65519,N2_LRP156a,0,SmallTruck
17678,MediumTruck65521,N1_LRP390a,0,MediumTruck
17679,SmallTruck65522,N2_LRP076a,0,SmallTruck
17680,SmallTruck65532,N2_LRP076a,0,SmallTruck
17681,MediumTruck65533,N2_LRP123c,0,MediumTruck
17682,MediumTruck65535,N2_LRP159c,0,MediumTruck
17683,MediumTruck65535,N2_LRP159b,0,MediumTruck
17684,MediumTruck65536,N2_LRP064a,0,MediumTruck
17685,MediumTruck65538,N2_LRP072a,0,MediumTruck
17686,SmallTruck65539,N2_LRP216b,0,SmallTruck
17687,MediumTruck65541,N102_LRP009a,0,MediumTruck
17688,MediumTruck65545,N2_LRP048a,0,MediumTruck
17689,MediumTruck65551,N2_LRP162a,0.9514709002293364,MediumTruck
17690,MediumTruck65555,N2_LRP221b,0,MediumTruck
17691,LargeBus65556,N105_LRP005c,0,LargeBus
17692,SmallTruck65563,N2_LRP086a,0,SmallTruck
17693,LargeBus65570,N2_LRP069c,0,LargeBus
17694,LargeBus65570,N2_LRP069e,0,LargeBus
17695,LargeBus65570,N2_LRP070a,0,LargeBus
17696,LargeBus65570,N2_LRP070c,0,LargeBus
17697,LargeBus65574,N1_LRP077a,0,LargeBus
17698,LargeBus65575,N1_LRP122a,0,LargeBus
17699,MediumTruck65578,N2_LRP056a,0,MediumTruck
17700,LargeBus65581,N2_LRP129a,0,LargeBus
17701,LargeBus65581,N2_LRP128b,0,LargeBus
17702,MiniBus65585,N1_LRP398d,0.33958464113990877,MiniBus
17703,MediumTruck65586,N2_LRP058c,0,MediumTruck
17704,MediumTruck65586,N2_LRP059a,0,MediumTruck
17705,MediumTruck65587,N2_LRP228b,0,MediumTruck
17706,SmallTruck65592,N2_LRP057a,0,SmallTruck
17707,MediumTruck65601,N1_LRP410c,0.026548064006797777,MediumTruck
17708,MediumTruck65602,N2_LRP054a,0,MediumTruck
17709,MiniBus65603,N2_LRP226d,0,MiniBus
17710,MiniBus65603,N2_LRP226c,0,MiniBus
17711,LargeBus65604,N102_LRP062b,0,LargeBus
17712,MediumTruck65616,N2_LRP043d,0,MediumTruck
17713,MediumTruck65616,N2_LRP044a,0,MediumTruck
17714,LargeBus65617,N1_LRP412a,0,LargeBus
17715,LargeBus65617,N1_LRP411b,0,LargeBus
17716,LargeBus65617,N1_LRP411a,0,LargeBus
17717,LargeBus65618,N2_LRP054b,0,LargeBus
17718,MediumTruck65627,N2_LRP135a,0,MediumTruck
17719,SmallTruck65631,N2_LRP183c,0,SmallTruck
17720,LargeBus65632,N2_LRP043d,0,LargeBus
17721,LargeBus65632,N2_LRP044a,0,LargeBus
17722,MediumTruck65633,N1_LRP417b,0,MediumTruck
17723,MediumTruck65633,N1_LRP416e,0,MediumTruck
17724,MediumTruck65633,N1_LRP416d,0,MediumTruck
17725,MediumTruck65635,N2_LRP239a,0,MediumTruck
17726,MediumTruck65635,N2_LRP238c,0,MediumTruck
17727,LargeBus65637,N102_LRP029d,0,LargeBus
17728,MediumTruck65642,N2_LRP163a,0,MediumTruck
17729,MediumTruck65642,N2_LRP163b,0,MediumTruck
17730,MediumTruck65642,N2_LRP163c,0,MediumTruck
17731,MiniBus65647,N2_LRP180c,0,MiniBus
17732,MiniBus65647,N2_LRP180a,0,MiniBus
17733,LargeBus65649,N1_LRP415c,2.3523280996773686,LargeBus
17734,LargeBus65650,N2_LRP047a,0,LargeBus
17735,LargeBus65650,N2_LRP047c,0,LargeBus
17736,LargeBus65651,N2_LRP239a,0,LargeBus
17737,LargeBus65651,N2_LRP238c,0,LargeBus
17738,SmallTruck65653,N102_LRP038b,0,SmallTruck
17739,SmallTruck65653,N102_LRP037d,0,SmallTruck
17740,MediumTruck65658,N2_LRP076b,0,MediumTruck
17741,MiniBus65674,N2_LRP079a,0,MiniBus
17742,LargeBus65677,N2_LRP157a,0,LargeBus
17743,LargeBus65677,N2_LRP156a,0,LargeBus
17744,MediumTruck65680,N1_LRP036c,0,MediumTruck
17745,LargeBus65681,N1_LRP423d,0,LargeBus
17746,LargeBus65681,N1_LRP423c,0,LargeBus
17747,LargeBus65681,N1_LRP423b,1.7954929288353203,LargeBus
17748,SmallTruck65697,N1_LRP430b,0,SmallTruck
17749,SmallTruck65697,N1_LRP430a,0,SmallTruck
17750,SmallTruck65697,N1_LRP429f,0,SmallTruck
17751,MiniBus65698,N2_LRP035b,0,MiniBus
17752,MiniBus65702,N1_LRP112a,0,MiniBus
17753,SmallTruck65703,N104_LRP017b,0,SmallTruck
17754,SmallTruck65704,N105_LRP032b,0,SmallTruck
17755,SmallTruck65704,N105_LRP032c,0,SmallTruck
17756,LargeBus65707,N2_LRP118a,0,LargeBus
17757,LargeBus65707,N2_LRP118b,0,LargeBus
17758,MediumTruck65708,N2_LRP117b,0,MediumTruck
17759,MediumTruck65708,N2_LRP117a,0.38256396527404607,MediumTruck
17760,SmallTruck65709,N2_LRP164b,0,SmallTruck
17761,SmallTruck65709,N2_LRP164a,0,SmallTruck
17762,MediumTruck65713,N1_LRP432a,0,MediumTruck
17763,MediumTruck65718,N104_LRP028a,0,MediumTruck
17764,SmallTruck65724,N2_LRP121c,0,SmallTruck
17765,SmallTruck65725,N2_LRP169b,0,SmallTruck
17766,MediumTruck65726,N208_LRP028d,0,MediumTruck
17767,MediumTruck65729,N1_LRP435c,0,MediumTruck
17768,MediumTruck65730,N2_LRP024b,0,MediumTruck
17769,HeavyTruck65733,N102_LRP058a,0,HeavyTruck
17770,MediumTruck65737,N105_LRP024c,0,MediumTruck
17771,MiniBus65738,N2_LRP092b,0,MiniBus
17772,MiniBus65738,N2_LRP092a,0,MiniBus
17773,SmallTruck65742,N208_LRP024d,0,SmallTruck
17774,MiniBus65743,N208_LRP031d,0,MiniBus
17775,LargeBus65745,N1_LRP438a,0,LargeBus
17776,MediumTruck65749,N102_LRP062c,0,MediumTruck
17777,MediumTruck65749,N102_LRP062b,0,MediumTruck
17778,MediumTruck65761,N1_LRP444e,0,MediumTruck
17779,MediumTruck65761,N1_LRP444d,0,MediumTruck
17780,MediumTruck65761,N1_LRP444c,0,MediumTruck
17781,MediumTruck65761,N1_LRP444b,0,MediumTruck
17782,MediumTruck65761,N1_LRP444a,0,MediumTruck
17783,MiniBus65766,N104_LRP017b,0,MiniBus
17784,MediumTruck65773,N2_LRP178a,0,MediumTruck
17785,MediumTruck65777,N1_LRP447c,0,MediumTruck
17786,MediumTruck65778,N2_LRP012c,0,MediumTruck
17787,MediumTruck65779,N2_LRP276a,0,MediumTruck
17788,SmallTruck65786,N2_LRP128b,0,SmallTruck
17789,SmallTruck65786,N2_LRP129a,0,SmallTruck
17790,SmallTruck65789,N2_LRP182b,0,SmallTruck
17791,SmallTruck65789,N2_LRP182a,0,SmallTruck
17792,MediumTruck65791,N2_LRP240a,0,MediumTruck
17793,LargeBus65793,N1_LRP450c,0,LargeBus
17794,MediumTruck65804,N2_LRP154c,0,MediumTruck
17795,SmallTruck65809,N1_LRP455a,0,SmallTruck
17796,LargeBus65811,N2_LRP283b,0,LargeBus
17797,MediumTruck65816,N105_LRP003a,0,MediumTruck
17798,MediumTruck65823,N2_LRP230c,0,MediumTruck
17799,MediumTruck65282,N2_LRP135b,0,MediumTruck
17800,MediumTruck65289,N102_LRP019b,0,MediumTruck
17801,LargeBus65296,N1_LRP149a,0,LargeBus
17802,LargeBus65296,N1_LRP149c,0,LargeBus
17803,MediumTruck65297,N1_LRP339c,1.4208058132151913,MediumTruck
17804,LargeBus65298,N2_LRP141a,0,LargeBus
17805,LargeBus65298,N2_LRP141b,0,LargeBus
17806,LargeBus65299,N2_LRP147a,0,LargeBus
17807,MiniBus65311,N2_LRP093a,0,MiniBus
17808,MediumTruck65312,N2_LRP117b,0,MediumTruck
17809,MediumTruck65314,N2_LRP127c,0,MediumTruck
17810,MediumTruck65314,N2_LRP128a,0,MediumTruck
17811,SmallTruck65316,N2_LRP055b,0,SmallTruck
17812,SmallTruck65316,N2_LRP056a,0,SmallTruck
17813,MediumTruck65325,N2_LRP073c,0,MediumTruck
17814,MediumTruck65325,N2_LRP073b,0,MediumTruck
17815,MediumTruck65326,N2_LRP162e,0,MediumTruck
17816,MediumTruck65326,N2_LRP162d,0,MediumTruck
17817,MediumTruck65326,N2_LRP162c,0,MediumTruck
17818,LargeBus65328,N2_LRP123c,0,LargeBus
17819,SmallTruck65331,N2_LRP170b,0,SmallTruck
17820,SmallTruck65331,N2_LRP170a,0,SmallTruck
17821,SmallTruck65331,N2_LRP169f,0,SmallTruck
17822,SmallTruck65331,N2_LRP169e,0,SmallTruck
17823,SmallTruck65331,N2_LRP169d,0,SmallTruck
17824,SmallTruck65331,N2_LRP169c,0,SmallTruck
17825,MediumTruck65336,N2_LRP119c,0,MediumTruck
17826,MediumTruck65336,N2_LRP120a,0,MediumTruck
17827,MediumTruck65342,N2_LRP166e,0,MediumTruck
17828,MediumTruck65342,N2_LRP166d,0,MediumTruck
17829,SmallTruck65346,N2_LRP117a,1.382563965274046,SmallTruck
17830,MediumTruck65353,N2_LRP096c,0,MediumTruck
17831,MediumTruck65358,N2_LRP172d,0,MediumTruck
17832,MediumTruck65358,N2_LRP172c,0,MediumTruck
17833,LargeBus65363,N2_LRP167b,0,LargeBus
17834,LargeBus65363,N2_LRP166e,0,LargeBus
17835,MediumTruck65377,N1_LRP357c,0,MediumTruck
17836,MediumTruck65377,N1_LRP357a,0,MediumTruck
17837,MediumTruck65382,N1_LRP033b,0,MediumTruck
17838,MediumTruck65382,N1_LRP033a,0,MediumTruck
17839,MediumTruck65384,N2_LRP108a,0,MediumTruck
17840,MiniBus65390,N2_LRP170e,0,MiniBus
17841,MiniBus65390,N2_LRP170c,0,MiniBus
17842,MediumTruck65392,N1_LRP111a,0,MediumTruck
17843,MediumTruck65403,N2_LRP047c,0,MediumTruck
17844,MediumTruck65403,N2_LRP047a,0,MediumTruck
17845,MediumTruck65403,N2_LRP046c,0,MediumTruck
17846,MediumTruck65404,N2_LRP044c,0,MediumTruck
17847,MiniBus65405,N2_LRP081b,0,MiniBus
17848,MiniBus65405,N2_LRP081a,0,MiniBus
17849,LargeBus65407,N2_LRP118b,0,LargeBus
17850,LargeBus65407,N2_LRP118a,0,LargeBus
17851,LargeBus65411,N2_LRP178b,0,LargeBus
17852,LargeBus65411,N2_LRP178a,0,LargeBus
17853,MiniBus65418,N105_LRP006a,0,MiniBus
17854,LargeBus65419,N2_LRP040b,0,LargeBus
17855,LargeBus65419,N2_LRP040a,0,LargeBus
17856,MediumTruck65426,N1_LRP111a,0,MediumTruck
17857,SmallTruck65427,N2_LRP188a,0,SmallTruck
17858,LargeBus65431,N1_LRP208d,0,LargeBus
17859,MediumTruck65436,N2_LRP050a,0,MediumTruck
17860,MediumTruck65441,N1_LRP369b,0,MediumTruck
17861,MediumTruck65441,N1_LRP369a,0,MediumTruck
17862,MediumTruck65457,N1_LRP374e,0,MediumTruck
17863,SmallTruck65483,N2_LRP170b,0,SmallTruck
17864,SmallTruck65483,N2_LRP170c,0,SmallTruck
17865,SmallTruck65483,N2_LRP170e,0,SmallTruck
17866,SmallTruck65483,N2_LRP170f,0.08351827617354354,SmallTruck
17867,MediumTruck65489,N1_LRP383b,0,MediumTruck
17868,MediumTruck65497,N2_LRP060c,0,MediumTruck
17869,MediumTruck65497,N2_LRP061a,0,MediumTruck
17870,MiniBus65500,N2_LRP057b,0,MiniBus
17871,MiniBus65500,N2_LRP057a,0,MiniBus
17872,LargeBus65505,N1_LRP383a,0,LargeBus
17873,HeavyTruck65506,N2_LRP079d,0,HeavyTruck
17874,LargeBus65507,N2_LRP200c,0,LargeBus
17875,SmallTruck65508,N102_LRP082a,0,SmallTruck
17876,SmallTruck65511,N1_LRP112a,0,SmallTruck
17877,MiniBus65515,N2_LRP166d,0,MiniBus
17878,MiniBus65515,N2_LRP166e,0,MiniBus
17879,MediumTruck65521,N1_LRP389d,0,MediumTruck
17880,SmallTruck65522,N2_LRP076b,0,SmallTruck
17881,MediumTruck65533,N2_LRP122b,0,MediumTruck
17882,MediumTruck65535,N2_LRP158a,0,MediumTruck
17883,MediumTruck65536,N2_LRP064b,0,MediumTruck
17884,SmallTruck65539,N2_LRP216a,0,SmallTruck
17885,MediumTruck65545,N2_LRP048b,0,MediumTruck
17886,MediumTruck65551,N2_LRP161c,0,MediumTruck
17887,MediumTruck65551,N2_LRP161b,0,MediumTruck
17888,SmallTruck65552,N2_LRP060c,0,SmallTruck
17889,SmallTruck65552,N2_LRP061a,0,SmallTruck
17890,LargeBus65556,N105_LRP006a,0,LargeBus
17891,SmallTruck65572,N102_LRP065a,0,SmallTruck
17892,SmallTruck65573,N102_LRP017a,0,SmallTruck
17893,MediumTruck65578,N2_LRP055b,0,MediumTruck
17894,SmallTruck65579,N2_LRP146a,0,SmallTruck
17895,SmallTruck65580,N207_LRP066b,0,SmallTruck
17896,LargeBus65581,N2_LRP128a,0,LargeBus
17897,LargeBus65581,N2_LRP127c,0,LargeBus
17898,MiniBus65585,N1_LRP398a,0,MiniBus
17899,SmallTruck65592,N2_LRP057b,0,SmallTruck
17900,MiniBus65599,N2_LRP172d,0,MiniBus
17901,MiniBus65599,N2_LRP172c,0,MiniBus
17902,MediumTruck65601,N1_LRP410b,0,MediumTruck
17903,MediumTruck65602,N2_LRP054b,0,MediumTruck
17904,MiniBus65603,N2_LRP225c,0.0769553092225129,MiniBus
17905,LargeBus65604,N102_LRP062c,0,LargeBus
17906,MediumTruck65616,N2_LRP044c,0,MediumTruck
17907,LargeBus65617,N1_LRP410c,0.05946329037918454,LargeBus
17908,LargeBus65618,N2_LRP055b,0,LargeBus
17909,SmallTruck65620,N1_LRP136a,0,SmallTruck
17910,MediumTruck65627,N2_LRP135b,0,MediumTruck
17911,SmallTruck65631,N2_LRP183a,0,SmallTruck
17912,SmallTruck65631,N2_LRP182d,0,SmallTruck
17913,LargeBus65632,N2_LRP044c,0,LargeBus
17914,MediumTruck65633,N1_LRP415c,2.5131452914396233,MediumTruck
17915,LargeBus65637,N102_LRP028c,0,LargeBus
17916,MediumTruck65642,N2_LRP163d,0,MediumTruck
17917,MediumTruck65642,N2_LRP164a,0,MediumTruck
17918,MediumTruck65642,N2_LRP164b,0,MediumTruck
17919,MiniBus65647,N2_LRP179a,0,MiniBus
17920,LargeBus65650,N2_LRP048a,0,LargeBus
17921,SmallTruck65653,N102_LRP037c,0,SmallTruck
17922,MediumTruck65657,N105_LRP003a,0,MediumTruck
17923,MediumTruck65658,N2_LRP076a,0,MediumTruck
17924,SmallTruck65667,N2_LRP246c,0,SmallTruck
17925,MiniBus65674,N2_LRP078a,0,MiniBus
17926,LargeBus65683,N2_LRP246c,0,LargeBus
17927,SmallTruck65684,N102_LRP036b,0,SmallTruck
17928,SmallTruck65684,N102_LRP036d,0,SmallTruck
17929,MediumTruck65685,N102_LRP045a,0,MediumTruck
17930,MediumTruck65686,N1_LRP111a,0,MediumTruck
17931,MediumTruck65696,N1_LRP033a,0,MediumTruck
17932,MediumTruck65696,N1_LRP033b,0,MediumTruck
17933,SmallTruck65697,N1_LRP429c,0,SmallTruck
17934,SmallTruck65697,N1_LRP429b,0,SmallTruck
17935,SmallTruck65697,N1_LRP429a,0,SmallTruck
17936,LargeBus65707,N2_LRP118e,0,LargeBus
17937,LargeBus65707,N2_LRP118g,0,LargeBus
17938,SmallTruck65709,N2_LRP163d,0,SmallTruck
17939,SmallTruck65709,N2_LRP163c,0,SmallTruck
17940,SmallTruck65709,N2_LRP163b,0,SmallTruck
17941,SmallTruck65709,N2_LRP163a,0,SmallTruck
17942,MediumTruck65713,N1_LRP431d,0.26967123827920114,MediumTruck
17943,MediumTruck65716,N102_LRP028c,0,MediumTruck
17944,MiniBus65721,N105_LRP017c,0,MiniBus
17945,MiniBus65723,N204_LRP003b,0,MiniBus
17946,SmallTruck65724,N2_LRP121a,0,SmallTruck
17947,SmallTruck65725,N2_LRP168c,0,SmallTruck
17948,SmallTruck65725,N2_LRP168a,0,SmallTruck
17949,MediumTruck65726,N208_LRP029c,0,MediumTruck
17950,MediumTruck65730,N2_LRP025a,0,MediumTruck
17951,MediumTruck65730,N2_LRP025b,0,MediumTruck
17952,MiniBus65738,N2_LRP091b,0,MiniBus
17953,MiniBus65743,N208_LRP031b,0,MiniBus
17954,LargeBus65745,N1_LRP437b,0,LargeBus
17955,LargeBus65745,N1_LRP437a,0,LargeBus
17956,LargeBus65747,N2_LRP264a,0,LargeBus
17957,MediumTruck65751,N104_LRP028a,0,MediumTruck
17958,MediumTruck65752,N105_LRP020c,0,MediumTruck
17959,SmallTruck65754,N2_LRP098b,3.9134832500723693,SmallTruck
17960,MiniBus65757,N2_LRP214b,0.007809694617381453,MiniBus
17961,MediumTruck65761,N1_LRP443d,0,MediumTruck
17962,MediumTruck65761,N1_LRP443c,0,MediumTruck
17963,LargeBus65762,N2_LRP018a,0,LargeBus
17964,MediumTruck65765,N102_LRP065a,0,MediumTruck
17965,MediumTruck65769,N105_LRP032c,0,MediumTruck
17966,MediumTruck65769,N105_LRP032b,0,MediumTruck
17967,MediumTruck65773,N2_LRP177a,0,MediumTruck
17968,SmallTruck65776,N1_LRP012a,0,SmallTruck
17969,SmallTruck65776,N1_LRP012b,0,SmallTruck
17970,MediumTruck65777,N1_LRP447b,0,MediumTruck
17971,MediumTruck65777,N1_LRP447a,0,MediumTruck
17972,MediumTruck65777,N1_LRP446d,0,MediumTruck
17973,MediumTruck65777,N1_LRP446b,0,MediumTruck
17974,MediumTruck65778,N2_LRP012f,0,MediumTruck
17975,LargeBus65782,N1_LRP134a,0,LargeBus
17976,SmallTruck65786,N2_LRP129b,0,SmallTruck
17977,SmallTruck65786,N2_LRP129c,0,SmallTruck
17978,SmallTruck65786,N2_LRP130a,0,SmallTruck
17979,SmallTruck65789,N2_LRP181c,0,SmallTruck
17980,LargeBus65793,N1_LRP450a,0,LargeBus
17981,MediumTruck65801,N105_LRP041c,0,MediumTruck
17982,MediumTruck65804,N2_LRP155a,0,MediumTruck
17983,SmallTruck65807,N2_LRP221b,0,SmallTruck
17984,LargeBus65815,N104_LRP044d,0,LargeBus
17985,SmallTruck65822,N208_LRP004c,0,SmallTruck
17986,MediumTruck65823,N2_LRP230e,0,MediumTruck
17987,SmallTruck65830,N104_LRPSa,0,SmallTruck
17988,MediumTruck65832,N1_LRP011a,0,MediumTruck
17989,SmallTruck65281,N1_LRP333a,0,SmallTruck
17990,LargeBus65299,N2_LRP146a,0,LargeBus
17991,MiniBus65311,N2_LRP092b,0,MiniBus
17992,MiniBus65311,N2_LRP092a,0,MiniBus
17993,MediumTruck65312,N2_LRP118a,0,MediumTruck
17994,MediumTruck65314,N2_LRP128b,0,MediumTruck
17995,SmallTruck65316,N2_LRP057a,0,SmallTruck
17996,MediumTruck65321,N2_LRP102a,0,MediumTruck
17997,MediumTruck65326,N2_LRP162a,0.003078362279424033,MediumTruck
17998,LargeBus65328,N2_LRP123d,0,LargeBus
17999,LargeBus65328,N2_LRP123e,0,LargeBus
18000,SmallTruck65329,N1_LRP341a,0,SmallTruck
18001,SmallTruck65329,N1_LRP340a,0,SmallTruck
18002,SmallTruck65331,N2_LRP169b,0,SmallTruck
18003,MediumTruck65336,N2_LRP121a,0,MediumTruck
18004,MediumTruck65341,N2_LRP079a,0,MediumTruck
18005,MediumTruck65353,N2_LRP097a,0,MediumTruck
18006,MediumTruck65358,N2_LRP171f,0.0019874825191599473,MediumTruck
18007,MediumTruck65360,N1_LRP120b,0,MediumTruck
18008,MiniBus65361,N1_LRP342c,0,MiniBus
18009,MiniBus65361,N1_LRP342a,4.132532550478481,MiniBus
18010,LargeBus65363,N2_LRP166d,0,LargeBus
18011,SmallTruck65373,N2_LRP081b,0,SmallTruck
18012,SmallTruck65373,N2_LRP081a,0,SmallTruck
18013,LargeBus65376,N1_LRP127a,0,LargeBus
18014,MediumTruck65387,N2_LRP042a,0,MediumTruck
18015,MiniBus65390,N2_LRP170b,0,MiniBus
18016,MiniBus65390,N2_LRP170a,0,MiniBus
18017,MiniBus65390,N2_LRP169f,0,MiniBus
18018,MiniBus65390,N2_LRP169e,0,MiniBus
18019,MiniBus65390,N2_LRP169d,0,MiniBus
18020,MiniBus65390,N2_LRP169c,0,MiniBus
18021,MediumTruck65392,N1_LRP112a,0,MediumTruck
18022,MiniBus65393,N1_LRP353b,0,MiniBus
18023,MiniBus65393,N1_LRP353a,0,MiniBus
18024,MiniBus65393,N1_LRP352a,0,MiniBus
18025,MediumTruck65404,N2_LRP044a,0,MediumTruck
18026,MediumTruck65404,N2_LRP043d,0,MediumTruck
18027,MiniBus65405,N2_LRP079d,0,MiniBus
18028,MiniBus65405,N2_LRP079b,0.39602180308648754,MiniBus
18029,LargeBus65407,N2_LRP117b,0,LargeBus
18030,LargeBus65407,N2_LRP117a,1.382563965274046,LargeBus
18031,LargeBus65408,N1_LRP118d,0,LargeBus
18032,MiniBus65418,N105_LRP005c,0,MiniBus
18033,LargeBus65419,N2_LRP039c,0,LargeBus
18034,MediumTruck65421,N2_LRP097a,0,MediumTruck
18035,MediumTruck65425,N1_LRP364d,0,MediumTruck
18036,MediumTruck65426,N1_LRP112a,0,MediumTruck
18037,SmallTruck65427,N2_LRP187b,0,SmallTruck
18038,LargeBus65431,N1_LRP209a,0,LargeBus
18039,MediumTruck65441,N1_LRP368a,0.0460533798317992,MediumTruck
18040,MediumTruck65457,N1_LRP374c,0,MediumTruck
18041,MediumTruck65457,N1_LRP374a,0,MediumTruck
18042,MediumTruck65457,N1_LRP373b,0,MediumTruck
18043,MediumTruck65465,N2_LRP069c,0,MediumTruck
18044,MediumTruck65465,N2_LRP069e,0,MediumTruck
18045,MediumTruck65465,N2_LRP070a,0,MediumTruck
18046,MediumTruck65473,N1_LRP377f,0,MediumTruck
18047,MediumTruck65474,N2_LRP086a,0,MediumTruck
18048,SmallTruck65475,N2_LRP200c,0,SmallTruck
18049,SmallTruck65483,N2_LRP170g,0,SmallTruck
18050,SmallTruck65483,N2_LRP170h,0,SmallTruck
18051,SmallTruck65483,N2_LRP170i,0,SmallTruck
18052,SmallTruck65483,N2_LRP170j,0,SmallTruck
18053,MediumTruck65489,N1_LRP383a,0,MediumTruck
18054,MediumTruck65489,N1_LRP382b,0,MediumTruck
18055,MiniBus65500,N2_LRP056a,0,MiniBus
18056,LargeBus65505,N1_LRP382b,0,LargeBus
18057,LargeBus65505,N1_LRP382a,0,LargeBus
18058,LargeBus65505,N1_LRP381c,0,LargeBus
18059,HeavyTruck65506,N2_LRP081a,0,HeavyTruck
18060,LargeBus65507,N2_LRP199d,0,LargeBus
18061,SmallTruck65511,N1_LRP111a,0,SmallTruck
18062,MiniBus65515,N2_LRP167b,0,MiniBus
18063,MiniBus65515,N2_LRP167c,0,MiniBus
18064,SmallTruck65517,N2_LRP117b,0,SmallTruck
18065,SmallTruck65517,N2_LRP117a,2.382563965274046,SmallTruck
18066,SmallTruck65519,N2_LRP155a,0,SmallTruck
18067,MediumTruck65521,N1_LRP389b,0.03550154060231025,MediumTruck
18068,MediumTruck65523,N2_LRP211c,0,MediumTruck
18069,SmallTruck65532,N2_LRP074a,0,SmallTruck
18070,SmallTruck65532,N2_LRP073g,0,SmallTruck
18071,MediumTruck65533,N2_LRP121c,0,MediumTruck
18072,MediumTruck65535,N2_LRP157b,0,MediumTruck
18073,MediumTruck65538,N2_LRP073b,0,MediumTruck
18074,MediumTruck65538,N2_LRP073c,0,MediumTruck
18075,MediumTruck65551,N2_LRP161a,0,MediumTruck
18076,MediumTruck65555,N2_LRP219a,0,MediumTruck
18077,LargeBus65570,N2_LRP072a,0,LargeBus
18078,MediumTruck65571,N2_LRP224b,0,MediumTruck
18079,LargeBus65575,N1_LRP120b,0,LargeBus
18080,MediumTruck65578,N2_LRP054b,0,MediumTruck
18081,MediumTruck65578,N2_LRP054a,0,MediumTruck
18082,SmallTruck65579,N2_LRP147a,0,SmallTruck
18083,SmallTruck65579,N2_LRP147b,0,SmallTruck
18084,LargeBus65581,N2_LRP127b,0,LargeBus
18085,LargeBus65581,N2_LRP126d,0,LargeBus
18086,LargeBus65581,N2_LRP126c,0,LargeBus
18087,LargeBus65581,N2_LRP126b,0,LargeBus
18088,MediumTruck65586,N2_LRP060c,0,MediumTruck
18089,MediumTruck65586,N2_LRP061a,0,MediumTruck
18090,MediumTruck65587,N2_LRP226d,0,MediumTruck
18091,MediumTruck65587,N2_LRP226c,0,MediumTruck
18092,MediumTruck65588,N102_LRP062b,0,MediumTruck
18093,MediumTruck65593,N2_LRP038c,0,MediumTruck
18094,MiniBus65599,N2_LRP171f,0.01962576628541951,MiniBus
18095,MiniBus65600,N1_LRP064c,0,MiniBus
18096,MediumTruck65601,N1_LRP410a,0,MediumTruck
18097,MediumTruck65602,N2_LRP055b,0,MediumTruck
18098,MediumTruck65602,N2_LRP056a,0,MediumTruck
18099,MediumTruck65616,N2_LRP045b,0,MediumTruck
18100,LargeBus65617,N1_LRP410b,0,LargeBus
18101,LargeBus65617,N1_LRP410a,0,LargeBus
18102,LargeBus65618,N2_LRP056a,0,LargeBus
18103,SmallTruck65620,N1_LRP137a,0,SmallTruck
18104,MediumTruck65624,N2_LRP052a,0,MediumTruck
18105,SmallTruck65631,N2_LRP182b,0,SmallTruck
18106,SmallTruck65631,N2_LRP182a,0,SmallTruck
18107,LargeBus65632,N2_LRP045b,0,LargeBus
18108,LargeBus65636,N1_LRP027a,0,LargeBus
18109,LargeBus65636,N1_LRP026b,0,LargeBus
18110,MediumTruck65638,N1_LRP098a,0,MediumTruck
18111,MediumTruck65642,N2_LRP164d,0,MediumTruck
18112,MediumTruck65642,N2_LRP165c,0,MediumTruck
18113,MiniBus65647,N2_LRP178b,0,MiniBus
18114,MiniBus65647,N2_LRP178a,0,MiniBus
18115,LargeBus65650,N2_LRP048b,0,LargeBus
18116,LargeBus65651,N2_LRP236c,0,LargeBus
18117,MediumTruck65652,N1_LRP036c,0,MediumTruck
18118,SmallTruck65653,N102_LRP036d,0,SmallTruck
18119,SmallTruck65653,N102_LRP036b,0,SmallTruck
18120,MediumTruck65665,N1_LRP422b,0,MediumTruck
18121,MediumTruck65666,N1_LRP051a,0,MediumTruck
18122,MiniBus65674,N2_LRP076b,0,MiniBus
18123,LargeBus65676,N2_LRP186c,0,LargeBus
18124,LargeBus65677,N2_LRP155a,0,LargeBus
18125,MediumTruck65682,N2_LRP038c,0,MediumTruck
18126,SmallTruck65684,N102_LRP037c,0,SmallTruck
18127,SmallTruck65684,N102_LRP037d,0,SmallTruck
18128,MediumTruck65696,N1_LRP034a,0,MediumTruck
18129,SmallTruck65697,N1_LRP428d,0,SmallTruck
18130,SmallTruck65697,N1_LRP428c,0,SmallTruck
18131,SmallTruck65697,N1_LRP428b,0,SmallTruck
18132,SmallTruck65697,N1_LRP428a,0,SmallTruck
18133,HeavyTruck65700,N102_LRP033c,0,HeavyTruck
18134,MiniBus65702,N1_LRP111a,0,MiniBus
18135,LargeBus65707,N2_LRP119c,0,LargeBus
18136,LargeBus65707,N2_LRP120a,0,LargeBus
18137,SmallTruck65709,N2_LRP162e,0,SmallTruck
18138,SmallTruck65709,N2_LRP162d,0,SmallTruck
18139,SmallTruck65709,N2_LRP162c,0,SmallTruck
18140,MediumTruck65711,N208_LRP024d,0,MediumTruck
18141,SmallTruck65712,N1_LRP030a,0,SmallTruck
18142,MediumTruck65716,N102_LRP029d,0,MediumTruck
18143,SmallTruck65724,N2_LRP120a,0,SmallTruck
18144,SmallTruck65724,N2_LRP119c,0,SmallTruck
18145,SmallTruck65725,N2_LRP167c,0,SmallTruck
18146,SmallTruck65725,N2_LRP167b,0,SmallTruck
18147,HeavyTruck65731,N2_LRP262a,0,HeavyTruck
18148,HeavyTruck65731,N2_LRP261b,0,HeavyTruck
18149,MediumTruck65736,N2_LRP024b,0,MediumTruck
18150,MediumTruck65736,N2_LRP025a,0,MediumTruck
18151,MediumTruck65737,N105_LRP023c,0,MediumTruck
18152,MiniBus65738,N2_LRP090a,0,MiniBus
18153,LargeBus65745,N1_LRP436a,0,LargeBus
18154,LargeBus65745,N1_LRP435c,0,LargeBus
18155,MediumTruck65752,N105_LRP021d,0,MediumTruck
18156,MediumTruck65753,N105_LRP027c,0,MediumTruck
18157,MediumTruck65768,N105_LRP017c,0,MediumTruck
18158,SmallTruck65770,N204_LRP020b,0,SmallTruck
18159,SmallTruck65771,N204_LRP020b,0,SmallTruck
18160,MediumTruck65773,N2_LRP176e,0,MediumTruck
18161,MediumTruck65773,N2_LRP176d,0,MediumTruck
18162,MediumTruck65773,N2_LRP176c,0,MediumTruck
18163,MediumTruck65773,N2_LRP176b,0,MediumTruck
18164,SmallTruck65776,N1_LRP014a,0,SmallTruck
18165,MediumTruck65779,N2_LRP274e,0,MediumTruck
18166,LargeBus65780,N102_LRP015a,0,LargeBus
18167,SmallTruck65786,N2_LRP130b,0,SmallTruck
18168,SmallTruck65786,N2_LRP130c,0,SmallTruck
18169,SmallTruck65789,N2_LRP180c,0,SmallTruck
18170,LargeBus65793,N1_LRP449d,0,LargeBus
18171,LargeBus65793,N1_LRP449c,0,LargeBus
18172,LargeBus65798,N104_LRP010a,0,LargeBus
18173,MediumTruck65801,N105_LRP040c,0,MediumTruck
18174,MediumTruck65804,N2_LRP156a,0,MediumTruck
18175,SmallTruck65805,N2_LRP184c,0,SmallTruck
18176,MediumTruck65808,N1_LRP004b,0,MediumTruck
18177,SmallTruck65820,N2_LRP141b,0,SmallTruck
18178,SmallTruck65820,N2_LRP141a,0,SmallTruck
18179,MediumTruck65823,N2_LRP231c,0,MediumTruck
18180,MediumTruck65823,N2_LRP231d,0,MediumTruck
18181,HeavyTruck65828,N102_LRPSc,0,HeavyTruck
18182,MediumTruck65829,N102_LRP082a,0,MediumTruck
18183,MediumTruck65832,N1_LRP010c,0,MediumTruck
18184,MediumTruck65832,N1_LRP010b,0,MediumTruck
18185,SmallTruck65281,N1_LRP332c,0,SmallTruck
18186,MiniBus65295,N2_LRP087a,0,MiniBus
18187,MediumTruck65297,N1_LRP339a,0,MediumTruck
18188,MiniBus65311,N2_LRP091b,0,MiniBus
18189,MediumTruck65312,N2_LRP118b,0,MediumTruck
18190,MediumTruck65312,N2_LRP118e,0,MediumTruck
18191,LargeBus65313,N1_LRP336a,0,LargeBus
18192,MediumTruck65314,N2_LRP129a,0,MediumTruck
18193,MediumTruck65314,N2_LRP129b,0,MediumTruck
18194,MediumTruck65314,N2_LRP129c,0,MediumTruck
18195,SmallTruck65316,N2_LRP057b,0,SmallTruck
18196,MediumTruck65321,N2_LRP103c,0,MediumTruck
18197,SmallTruck65323,N2_LRP025b,0,SmallTruck
18198,MediumTruck65325,N2_LRP072a,0,MediumTruck
18199,MediumTruck65326,N2_LRP161c,0,MediumTruck
18200,MediumTruck65326,N2_LRP161b,0,MediumTruck
18201,LargeBus65328,N2_LRP124c,0,LargeBus
18202,LargeBus65328,N2_LRP125a,0,LargeBus
18203,SmallTruck65331,N2_LRP168c,0,SmallTruck
18204,SmallTruck65331,N2_LRP168a,0,SmallTruck
18205,MediumTruck65334,N1_LRP020a,0,MediumTruck
18206,MediumTruck65336,N2_LRP121c,0,MediumTruck
18207,MediumTruck65341,N2_LRP078a,0,MediumTruck
18208,MediumTruck65342,N2_LRP165d,0,MediumTruck
18209,MediumTruck65342,N2_LRP165c,0,MediumTruck
18210,MediumTruck65342,N2_LRP164d,0,MediumTruck
18211,SmallTruck65346,N2_LRP117b,0,SmallTruck
18212,MediumTruck65353,N2_LRP098b,3.9134832500723693,MediumTruck
18213,MediumTruck65358,N2_LRP171e,0,MediumTruck
18214,LargeBus65363,N2_LRP165d,0,LargeBus
18215,LargeBus65363,N2_LRP165c,0,LargeBus
18216,SmallTruck65373,N2_LRP079d,0,SmallTruck
18217,SmallTruck65373,N2_LRP079b,1.3960218030864875,SmallTruck
18218,MediumTruck65387,N2_LRP041b,0,MediumTruck
18219,MiniBus65390,N2_LRP169b,0,MiniBus
18220,MiniBus65390,N2_LRP168c,0,MiniBus
18221,MediumTruck65403,N2_LRP045b,0,MediumTruck
18222,MediumTruck65404,N2_LRP043a,1.130359955322577,MediumTruck
18223,LargeBus65408,N1_LRP119a,0,LargeBus
18224,MediumTruck65409,N1_LRP360c,0,MediumTruck
18225,MediumTruck65409,N1_LRP360a,0,MediumTruck
18226,MediumTruck65410,N2_LRP102a,0,MediumTruck
18227,LargeBus65411,N2_LRP177a,0,LargeBus
18228,LargeBus65411,N2_LRP176e,0,LargeBus
18229,LargeBus65411,N2_LRP176d,0,LargeBus
18230,LargeBus65411,N2_LRP176c,0,LargeBus
18231,LargeBus65411,N2_LRP176b,0,LargeBus
18232,LargeBus65419,N2_LRP039a,0,LargeBus
18233,LargeBus65419,N2_LRP038c,0,LargeBus
18234,MediumTruck65421,N2_LRP096c,0,MediumTruck
18235,MediumTruck65425,N1_LRP364c,0,MediumTruck
18236,MediumTruck65425,N1_LRP364a,0,MediumTruck
18237,SmallTruck65427,N2_LRP186d,0,SmallTruck
18238,LargeBus65431,N1_LRP210a,0,LargeBus
18239,LargeBus65431,N1_LRP210b,0,LargeBus
18240,LargeBus65431,N1_LRP210d,0,LargeBus
18241,LargeBus65434,N105_LRP017c,0,LargeBus
18242,MediumTruck65436,N2_LRP048b,0,MediumTruck
18243,MiniBus65442,N2_LRP102a,0,MiniBus
18244,MediumTruck65457,N1_LRP373a,0,MediumTruck
18245,HeavyTruck65460,N2_LRP024b,0,HeavyTruck
18246,HeavyTruck65460,N2_LRP025a,0,HeavyTruck
18247,MediumTruck65465,N2_LRP070c,0,MediumTruck
18248,MediumTruck65473,N1_LRP377d,0,MediumTruck
18249,MediumTruck65473,N1_LRP377c,0,MediumTruck
18250,MediumTruck65473,N1_LRP377a,0,MediumTruck
18251,MediumTruck65474,N2_LRP087a,0,MediumTruck
18252,SmallTruck65475,N2_LRP199d,0,SmallTruck
18253,SmallTruck65483,N2_LRP171d,0,SmallTruck
18254,SmallTruck65483,N2_LRP171e,0,SmallTruck
18255,SmallTruck65483,N2_LRP171f,0.09702978290249772,SmallTruck
18256,SmallTruck65485,N2_LRP108a,0,SmallTruck
18257,MediumTruck65489,N1_LRP382a,0,MediumTruck
18258,MediumTruck65489,N1_LRP381c,0,MediumTruck
18259,MediumTruck65489,N1_LRP381b,0,MediumTruck
18260,MediumTruck65493,N1_LRP077a,0,MediumTruck
18261,LargeBus65495,N1_LRP098a,0,LargeBus
18262,MiniBus65500,N2_LRP055b,0,MiniBus
18263,LargeBus65505,N1_LRP381b,0,LargeBus
18264,HeavyTruck65506,N2_LRP081b,0,HeavyTruck
18265,SmallTruck65510,N1_LRP064c,0,SmallTruck
18266,MiniBus65515,N2_LRP168a,0,MiniBus
18267,MiniBus65515,N2_LRP168c,0,MiniBus
18268,SmallTruck65519,N2_LRP154c,0,SmallTruck
18269,MediumTruck65521,N1_LRP389a,0,MediumTruck
18270,SmallTruck65522,N2_LRP078a,0,SmallTruck
18271,MediumTruck65523,N2_LRP211b,0,MediumTruck
18272,SmallTruck65532,N2_LRP073c,0,SmallTruck
18273,SmallTruck65532,N2_LRP073b,0,SmallTruck
18274,MediumTruck65533,N2_LRP121a,0,MediumTruck
18275,MediumTruck65535,N2_LRP157a,0,MediumTruck
18276,MediumTruck65536,N2_LRP066a,0,MediumTruck
18277,MediumTruck65538,N2_LRP073g,0,MediumTruck
18278,SmallTruck65539,N2_LRP214b,0.15190107601006236,SmallTruck
18279,MediumTruck65545,N2_LRP050a,0,MediumTruck
18280,MediumTruck65551,N2_LRP160a,0,MediumTruck
18281,MediumTruck65551,N2_LRP159d,0,MediumTruck
18282,SmallTruck65563,N2_LRP084a,0,SmallTruck
18283,SmallTruck65573,N102_LRP015a,0,SmallTruck
18284,SmallTruck65577,N1_LRP030a,0,SmallTruck
18285,MediumTruck65578,N2_LRP053a,0,MediumTruck
18286,SmallTruck65579,N2_LRP147d,0,SmallTruck
18287,SmallTruck65579,N2_LRP148b,0,SmallTruck
18288,LargeBus65581,N2_LRP126a,0,LargeBus
18289,LargeBus65581,N2_LRP125d,0,LargeBus
18290,MediumTruck65588,N102_LRP062c,0,MediumTruck
18291,MediumTruck65589,N102_LRP019b,0,MediumTruck
18292,MediumTruck65589,N102_LRP019a,0,MediumTruck
18293,SmallTruck65592,N2_LRP058c,0,SmallTruck
18294,SmallTruck65592,N2_LRP059a,0,SmallTruck
18295,MediumTruck65593,N2_LRP039a,0,MediumTruck
18296,MiniBus65599,N2_LRP171e,0,MiniBus
18297,MediumTruck65602,N2_LRP057a,0,MediumTruck
18298,MiniBus65603,N2_LRP224b,0,MiniBus
18299,SmallTruck65611,N2_LRP097a,0,SmallTruck
18300,SmallTruck65613,N207_LRP008c,0,SmallTruck
18301,LargeBus65618,N2_LRP057a,0,LargeBus
18302,LargeBus65618,N2_LRP057b,0,LargeBus
18303,LargeBus65621,N102_LRP022a,0,LargeBus
18304,MediumTruck65624,N2_LRP053a,0,MediumTruck
18305,MediumTruck65630,N208_LRP055a,0,MediumTruck
18306,SmallTruck65631,N2_LRP181c,0,SmallTruck
18307,LargeBus65632,N2_LRP046c,0,LargeBus
18308,MediumTruck65635,N2_LRP236c,0,MediumTruck
18309,LargeBus65636,N1_LRP026a,0,LargeBus
18310,MediumTruck65642,N2_LRP165d,0,MediumTruck
18311,MiniBus65646,N208_LRP055a,0,MiniBus
18312,LargeBus65650,N2_LRP050a,0,LargeBus
18313,LargeBus65651,N2_LRP236a,0,LargeBus
18314,MediumTruck65652,N1_LRP035a,0,MediumTruck
18315,MediumTruck65656,N2_LRP043d,0,MediumTruck
18316,MediumTruck65656,N2_LRP044a,0,MediumTruck
18317,MediumTruck65658,N2_LRP074a,0,MediumTruck
18318,MediumTruck65658,N2_LRP073g,0,MediumTruck
18319,MediumTruck65665,N1_LRP421f,0,MediumTruck
18320,MediumTruck65665,N1_LRP421d,0,MediumTruck
18321,MiniBus65674,N2_LRP076a,0,MiniBus
18322,LargeBus65676,N2_LRP186d,0,LargeBus
18323,LargeBus65677,N2_LRP154c,0,LargeBus
18324,MiniBus65678,N208_LRP046b,0,MiniBus
18325,LargeBus65681,N1_LRP422b,0,LargeBus
18326,LargeBus65681,N1_LRP421f,0,LargeBus
18327,MediumTruck65682,N2_LRP039a,0,MediumTruck
18328,SmallTruck65684,N102_LRP038b,0,SmallTruck
18329,SmallTruck65684,N102_LRP038d,0,SmallTruck
18330,SmallTruck65697,N1_LRP427e,0,SmallTruck
18331,SmallTruck65697,N1_LRP427d,0,SmallTruck
18332,SmallTruck65697,N1_LRP427b,0,SmallTruck
18333,MiniBus65698,N2_LRP038c,0,MiniBus
18334,MiniBus65698,N2_LRP039a,0,MiniBus
18335,HeavyTruck65700,N102_LRP034b,0,HeavyTruck
18336,SmallTruck65704,N105_LRP035d,0,SmallTruck
18337,LargeBus65707,N2_LRP121a,0,LargeBus
18338,SmallTruck65709,N2_LRP162a,0.6739860446448465,SmallTruck
18339,MediumTruck65713,N1_LRP431b,0,MediumTruck
18340,MediumTruck65713,N1_LRP431a,0,MediumTruck
18341,MediumTruck65713,N1_LRP430c,0,MediumTruck
18342,MediumTruck65720,N2_LRP029b,0,MediumTruck
18343,SmallTruck65724,N2_LRP118g,0,SmallTruck
18344,SmallTruck65725,N2_LRP166e,0,SmallTruck
18345,SmallTruck65725,N2_LRP166d,0,SmallTruck
18346,MediumTruck65726,N208_LRP031b,0,MediumTruck
18347,MediumTruck65726,N208_LRP031d,0,MediumTruck
18348,SmallTruck65727,N2_LRP200c,0,SmallTruck
18349,MediumTruck65729,N1_LRP433c,0,MediumTruck
18350,MediumTruck65729,N1_LRP433b,0.3090635793377384,MediumTruck
18351,HeavyTruck65731,N2_LRP261a,0,HeavyTruck
18352,MediumTruck65736,N2_LRP025b,0,MediumTruck
18353,MediumTruck65737,N105_LRP022c,0,MediumTruck
18354,SmallTruck65742,N208_LRP027b,0,SmallTruck
18355,SmallTruck65742,N208_LRP027d,0,SmallTruck
18356,MiniBus65743,N208_LRP029c,0,MiniBus
18357,MediumTruck65748,N102_LRP022a,0,MediumTruck
18358,MediumTruck65752,N105_LRP022c,0,MediumTruck
18359,SmallTruck65759,N2_LRP207b,0,SmallTruck
18360,MediumTruck65761,N1_LRP441a,0,MediumTruck
18361,LargeBus65762,N2_LRP021a,0,LargeBus
18362,MediumTruck65764,N1_LRP064c,0,MediumTruck
18363,MediumTruck65769,N105_LRP030c,0,MediumTruck
18364,MediumTruck65773,N2_LRP175f,0,MediumTruck
18365,MediumTruck65773,N2_LRP175e,0,MediumTruck
18366,MediumTruck65773,N2_LRP175d,0,MediumTruck
18367,MediumTruck65773,N2_LRP175c,0,MediumTruck
18368,MediumTruck65777,N1_LRP445d,0,MediumTruck
18369,MediumTruck65777,N1_LRP445b,0,MediumTruck
18370,MediumTruck65785,N105_LRP035d,0,MediumTruck
18371,SmallTruck65789,N2_LRP180a,0,SmallTruck
18372,MediumTruck65791,N2_LRP241c,0,MediumTruck
18373,LargeBus65793,N1_LRP448a,0,LargeBus
18374,LargeBus65794,N2_LRP012c,0,LargeBus
18375,MediumTruck65801,N105_LRP039b,0,MediumTruck
18376,MediumTruck65804,N2_LRP157a,0,MediumTruck
18377,SmallTruck65805,N2_LRP183d,0.023550817271738845,SmallTruck
18378,SmallTruck65807,N2_LRP219a,0,SmallTruck
18379,SmallTruck65809,N1_LRP452e,0,SmallTruck
18380,SmallTruck65809,N1_LRP452d,0,SmallTruck
18381,MediumTruck65812,N1_LRP088a,0,MediumTruck
18382,MediumTruck65816,N105_LRP005c,0,MediumTruck
18383,MediumTruck65816,N105_LRP006a,0,MediumTruck
18384,SmallTruck65820,N2_LRP140c,0.06766088239551356,SmallTruck
18385,LargeBus65824,N1_LRP001a,0,LargeBus
18386,LargeBus65825,N1_LRP456c,0,LargeBus
18387,SmallTruck65827,N2_LRP285c,0,SmallTruck
18388,HeavyTruck65828,N102_LRP002a,0,HeavyTruck
18389,MiniBus65839,N208_LRP055a,0,MiniBus
18390,SmallTruck65281,N1_LRP332b,0,SmallTruck
18391,SmallTruck65281,N1_LRP332a,0,SmallTruck
18392,MediumTruck65282,N2_LRP138a,0,MediumTruck
18393,MediumTruck65289,N102_LRP022a,0,MediumTruck
18394,MiniBus65295,N2_LRP086a,0,MiniBus
18395,SmallTruck65301,N1_LRP027a,0,SmallTruck
18396,SmallTruck65301,N1_LRP026b,0,SmallTruck
18397,MiniBus65311,N2_LRP090a,0,MiniBus
18398,MediumTruck65312,N2_LRP118g,0,MediumTruck
18399,LargeBus65313,N1_LRP335a,0,LargeBus
18400,MediumTruck65314,N2_LRP130a,0,MediumTruck
18401,MediumTruck65314,N2_LRP130b,0,MediumTruck
18402,MediumTruck65314,N2_LRP130c,0,MediumTruck
18403,MediumTruck65321,N2_LRP104a,0,MediumTruck
18404,SmallTruck65323,N2_LRP025a,0,SmallTruck
18405,SmallTruck65323,N2_LRP024b,0,SmallTruck
18406,MediumTruck65326,N2_LRP161a,0,MediumTruck
18407,LargeBus65328,N2_LRP125b,0,LargeBus
18408,LargeBus65328,N2_LRP125c,0,LargeBus
18409,LargeBus65328,N2_LRP125d,0,LargeBus
18410,LargeBus65328,N2_LRP126a,0,LargeBus
18411,SmallTruck65329,N1_LRP339c,0.00921014789126079,SmallTruck
18412,SmallTruck65331,N2_LRP167c,0,SmallTruck
18413,SmallTruck65331,N2_LRP167b,0,SmallTruck
18414,MediumTruck65335,N1_LRP064c,0,MediumTruck
18415,MediumTruck65336,N2_LRP122b,0,MediumTruck
18416,MediumTruck65342,N2_LRP164b,0,MediumTruck
18417,MediumTruck65342,N2_LRP164a,0,MediumTruck
18418,SmallTruck65346,N2_LRP118a,0,SmallTruck
18419,SmallTruck65347,N2_LRP172d,0,SmallTruck
18420,SmallTruck65347,N2_LRP172c,0,SmallTruck
18421,MediumTruck65351,N1_LRP068a,0,MediumTruck
18422,SmallTruck65355,N2_LRP199d,0,SmallTruck
18423,MediumTruck65358,N2_LRP171d,0,MediumTruck
18424,MediumTruck65358,N2_LRP170j,0,MediumTruck
18425,MediumTruck65358,N2_LRP170i,0,MediumTruck
18426,MediumTruck65358,N2_LRP170h,0,MediumTruck
18427,MediumTruck65358,N2_LRP170g,0,MediumTruck
18428,MediumTruck65358,N2_LRP170f,0.20550615319524282,MediumTruck
18429,LargeBus65363,N2_LRP164d,0,LargeBus
18430,LargeBus65363,N2_LRP164b,0,LargeBus
18431,LargeBus65363,N2_LRP164a,0,LargeBus
18432,MediumTruck65382,N1_LRP030a,0,MediumTruck
18433,MediumTruck65387,N2_LRP040b,0,MediumTruck
18434,MiniBus65390,N2_LRP168a,0,MiniBus
18435,MiniBus65390,N2_LRP167c,0,MiniBus
18436,MiniBus65393,N1_LRP351a,0,MiniBus
18437,LargeBus65395,N2_LRP172d,0,LargeBus
18438,LargeBus65395,N2_LRP172c,0,LargeBus
18439,MediumTruck65403,N2_LRP044c,0,MediumTruck
18440,MiniBus65405,N2_LRP079a,0,MiniBus
18441,LargeBus65408,N1_LRP120b,0,LargeBus
18442,MediumTruck65410,N2_LRP103c,0,MediumTruck
18443,LargeBus65411,N2_LRP175f,0,LargeBus
18444,LargeBus65411,N2_LRP175e,0,LargeBus
18445,LargeBus65411,N2_LRP175d,0,LargeBus
18446,LargeBus65411,N2_LRP175c,0,LargeBus
18447,MiniBus65418,N105_LRP003a,0,MiniBus
18448,MediumTruck65421,N2_LRP096a,0,MediumTruck
18449,MediumTruck65421,N2_LRP095a,0,MediumTruck
18450,LargeBus65422,N2_LRP172d,0,LargeBus
18451,LargeBus65422,N2_LRP172c,0,LargeBus
18452,MediumTruck65425,N1_LRP363b,0,MediumTruck
18453,SmallTruck65427,N2_LRP186c,0,SmallTruck
18454,LargeBus65431,N1_LRP211a,0,LargeBus
18455,MediumTruck65436,N2_LRP048a,0,MediumTruck
18456,MediumTruck65436,N2_LRP047c,0,MediumTruck
18457,MediumTruck65441,N1_LRP367a,0,MediumTruck
18458,MiniBus65442,N2_LRP103c,0,MiniBus
18459,SmallTruck65449,N1_LRP064c,0,SmallTruck
18460,MediumTruck65457,N1_LRP372c,0,MediumTruck
18461,MediumTruck65457,N1_LRP372a,0,MediumTruck
18462,HeavyTruck65460,N2_LRP025b,0,HeavyTruck
18463,MediumTruck65462,N1_LRP051a,0,MediumTruck
18464,MediumTruck65473,N1_LRP376a,0,MediumTruck
18465,SmallTruck65490,N2_LRP084a,0,SmallTruck
18466,MiniBus65500,N2_LRP054b,0,MiniBus
18467,LargeBus65505,N1_LRP380c,0,LargeBus
18468,LargeBus65505,N1_LRP380a,0,LargeBus
18469,MiniBus65515,N2_LRP169b,0,MiniBus
18470,MiniBus65515,N2_LRP169c,0,MiniBus
18471,SmallTruck65519,N2_LRP153b,0,SmallTruck
18472,SmallTruck65519,N2_LRP153a,0,SmallTruck
18473,MediumTruck65521,N1_LRP388a,0,MediumTruck
18474,SmallTruck65522,N2_LRP079a,0,SmallTruck
18475,LargeBus65525,N1_LRP088a,0,LargeBus
18476,MediumTruck65533,N2_LRP120a,0,MediumTruck
18477,MediumTruck65533,N2_LRP119c,0,MediumTruck
18478,MediumTruck65535,N2_LRP156a,0,MediumTruck
18479,MediumTruck65536,N2_LRP067c,0,MediumTruck
18480,MediumTruck65538,N2_LRP074a,0,MediumTruck
18481,LargeBus65542,N1_LRP064c,0,LargeBus
18482,MediumTruck65551,N2_LRP159c,0,MediumTruck
18483,MediumTruck65551,N2_LRP159b,0,MediumTruck
18484,MediumTruck65568,N1_LRP068a,0,MediumTruck
18485,LargeBus65570,N2_LRP073b,0,LargeBus
18486,LargeBus65570,N2_LRP073c,0,LargeBus
18487,LargeBus65575,N1_LRP119a,0,LargeBus
18488,MediumTruck65578,N2_LRP052a,0,MediumTruck
18489,LargeBus65581,N2_LRP125c,0,LargeBus
18490,LargeBus65581,N2_LRP125b,0,LargeBus
18491,LargeBus65581,N2_LRP125a,0,LargeBus
18492,MediumTruck65584,N1_LRP064c,0,MediumTruck
18493,MediumTruck65587,N2_LRP225c,0.1348215005223083,MediumTruck
18494,MediumTruck65590,N1_LRP083b,0,MediumTruck
18495,MediumTruck65593,N2_LRP039c,0,MediumTruck
18496,MediumTruck65593,N2_LRP040a,0,MediumTruck
18497,MiniBus65599,N2_LRP171d,0,MiniBus
18498,MiniBus65599,N2_LRP170j,0,MiniBus
18499,MiniBus65599,N2_LRP170i,0,MiniBus
18500,MiniBus65599,N2_LRP170h,0,MiniBus
18501,MiniBus65599,N2_LRP170g,0,MiniBus
18502,MiniBus65599,N2_LRP170f,1.205506153195243,MiniBus
18503,MediumTruck65601,N1_LRP408a,0,MediumTruck
18504,MediumTruck65602,N2_LRP057b,0,MediumTruck
18505,LargeBus65604,N102_LRP065a,0,LargeBus
18506,MediumTruck65605,N102_LRP022a,0,MediumTruck
18507,MediumTruck65606,N1_LRP088a,0,MediumTruck
18508,SmallTruck65611,N2_LRP096c,0,SmallTruck
18509,MediumTruck65616,N2_LRP046c,0,MediumTruck
18510,MediumTruck65616,N2_LRP047a,0,MediumTruck
18511,MediumTruck65616,N2_LRP047c,0,MediumTruck
18512,SmallTruck65619,N2_LRP231d,0,SmallTruck
18513,SmallTruck65619,N2_LRP231c,0,SmallTruck
18514,MediumTruck65624,N2_LRP054a,0,MediumTruck
18515,MediumTruck65627,N2_LRP138a,0,MediumTruck
18516,MediumTruck65627,N2_LRP138b,0,MediumTruck
18517,SmallTruck65631,N2_LRP180c,0,SmallTruck
18518,LargeBus65632,N2_LRP047a,0,LargeBus
18519,LargeBus65632,N2_LRP047c,0,LargeBus
18520,MediumTruck65635,N2_LRP236a,0,MediumTruck
18521,MediumTruck65635,N2_LRP235a,0,MediumTruck
18522,MiniBus65639,N1_LRP137a,0,MiniBus
18523,MediumTruck65642,N2_LRP166d,0,MediumTruck
18524,MediumTruck65642,N2_LRP166e,0,MediumTruck
18525,MiniBus65647,N2_LRP177a,0,MiniBus
18526,MiniBus65647,N2_LRP176e,0,MiniBus
18527,MiniBus65647,N2_LRP176d,0,MiniBus
18528,MiniBus65647,N2_LRP176c,0,MiniBus
18529,MiniBus65647,N2_LRP176b,0,MiniBus
18530,LargeBus65649,N1_LRP414a,0,LargeBus
18531,LargeBus65651,N2_LRP235a,0,LargeBus
18532,MediumTruck65656,N2_LRP044c,0,MediumTruck
18533,MediumTruck65658,N2_LRP073c,0,MediumTruck
18534,MediumTruck65658,N2_LRP073b,0,MediumTruck
18535,MediumTruck65665,N1_LRP420e,0,MediumTruck
18536,SmallTruck65667,N2_LRP243b,0,SmallTruck
18537,HeavyTruck65669,N102_LRP038d,0,HeavyTruck
18538,LargeBus65676,N2_LRP187b,0,LargeBus
18539,LargeBus65677,N2_LRP153b,0,LargeBus
18540,LargeBus65677,N2_LRP153a,0,LargeBus
18541,LargeBus65681,N1_LRP421d,0,LargeBus
18542,MediumTruck65682,N2_LRP039c,0,MediumTruck
18543,MediumTruck65682,N2_LRP040a,0,MediumTruck
18544,LargeBus65683,N2_LRP243b,0,LargeBus
18545,MediumTruck65686,N1_LRP109a,0,MediumTruck
18546,MediumTruck65696,N1_LRP035a,0,MediumTruck
18547,SmallTruck65697,N1_LRP426e,0,SmallTruck
18548,SmallTruck65697,N1_LRP426d,0,SmallTruck
18549,MiniBus65698,N2_LRP039c,0,MiniBus
18550,MiniBus65702,N1_LRP109a,0,MiniBus
18551,LargeBus65707,N2_LRP121c,0,LargeBus
18552,SmallTruck65709,N2_LRP161c,0,SmallTruck
18553,SmallTruck65709,N2_LRP161b,0,SmallTruck
18554,MediumTruck65713,N1_LRP430b,0,MediumTruck
18555,MediumTruck65713,N1_LRP430a,0,MediumTruck
18556,MediumTruck65713,N1_LRP429f,0,MediumTruck
18557,MediumTruck65722,N2_LRP146a,0,MediumTruck
18558,SmallTruck65724,N2_LRP118e,0,SmallTruck
18559,SmallTruck65724,N2_LRP118b,0,SmallTruck
18560,SmallTruck65724,N2_LRP118a,0,SmallTruck
18561,SmallTruck65727,N2_LRP199d,0,SmallTruck
18562,MediumTruck65729,N1_LRP432b,0,MediumTruck
18563,HeavyTruck65733,N102_LRP055c,0,HeavyTruck
18564,MediumTruck65737,N105_LRP021d,0,MediumTruck
18565,SmallTruck65742,N208_LRP027f,0,SmallTruck
18566,MiniBus65743,N208_LRP028d,0,MiniBus
18567,MiniBus65743,N208_LRP027f,0,MiniBus
18568,LargeBus65747,N2_LRP262a,0,LargeBus
18569,LargeBus65747,N2_LRP261b,0,LargeBus
18570,MediumTruck65752,N105_LRP023c,0,MediumTruck
18571,MiniBus65757,N2_LRP216a,0,MiniBus
18572,MiniBus65757,N2_LRP216b,0,MiniBus
18573,LargeBus65762,N2_LRP021b,0,LargeBus
18574,MediumTruck65777,N1_LRP444e,0,MediumTruck
18575,MediumTruck65777,N1_LRP444d,0,MediumTruck
18576,MediumTruck65777,N1_LRP444c,0,MediumTruck
18577,MediumTruck65777,N1_LRP444b,0,MediumTruck
18578,MediumTruck65777,N1_LRP444a,0,MediumTruck
18579,LargeBus65782,N1_LRP131b,0,LargeBus
18580,SmallTruck65786,N2_LRP132a,0,SmallTruck
18581,SmallTruck65786,N2_LRP132b,0,SmallTruck
18582,SmallTruck65789,N2_LRP179a,0,SmallTruck
18583,SmallTruck65789,N2_LRP178b,0,SmallTruck
18584,MediumTruck65791,N2_LRP242a,0,MediumTruck
18585,MediumTruck65791,N2_LRP243a,0,MediumTruck
18586,LargeBus65793,N1_LRP447c,0,LargeBus
18587,LargeBus65793,N1_LRP447b,0,LargeBus
18588,LargeBus65793,N1_LRP447a,0,LargeBus
18589,LargeBus65794,N2_LRP012f,0,LargeBus
18590,MediumTruck65804,N2_LRP157b,0,MediumTruck
18591,SmallTruck65805,N2_LRP183c,0,SmallTruck
18592,SmallTruck65809,N1_LRP452c,0,SmallTruck
18593,SmallTruck65809,N1_LRP452a,0,SmallTruck
18594,SmallTruck65809,N1_LRP451e,0,SmallTruck
18595,MediumTruck65817,N105_LRP042b,0,MediumTruck
18596,SmallTruck65821,N207_LRP061d,0,SmallTruck
18597,LargeBus65825,N1_LRP456a,0,LargeBus
18598,SmallTruck65827,N2_LRP285a,0,SmallTruck
18599,SmallTruck65827,N2_LRP284c,0,SmallTruck
18600,HeavyTruck65828,N102_LRP002b,0,HeavyTruck
18601,HeavyTruck65828,N102_LRP002c,0,HeavyTruck
18602,SmallTruck65830,N1_LRP145a,0,SmallTruck
18603,MediumTruck65834,N204_LRP003b,0,MediumTruck
18604,MediumTruck65282,N2_LRP138b,0,MediumTruck
18605,MediumTruck65282,N2_LRP139a,0,MediumTruck
18606,MediumTruck65285,N1_LRP023a,0,MediumTruck
18607,SmallTruck65301,N1_LRP026a,0,SmallTruck
18608,MediumTruck65312,N2_LRP119c,0,MediumTruck
18609,MediumTruck65312,N2_LRP120a,0,MediumTruck
18610,SmallTruck65316,N2_LRP058c,0,SmallTruck
18611,SmallTruck65316,N2_LRP059a,0,SmallTruck
18612,MediumTruck65325,N2_LRP070c,0,MediumTruck
18613,MediumTruck65326,N2_LRP160a,0,MediumTruck
18614,MediumTruck65326,N2_LRP159d,0,MediumTruck
18615,LargeBus65328,N2_LRP126b,0,LargeBus
18616,LargeBus65328,N2_LRP126c,0,LargeBus
18617,LargeBus65328,N2_LRP126d,0,LargeBus
18618,SmallTruck65329,N1_LRP339a,0,SmallTruck
18619,SmallTruck65331,N2_LRP166e,0,SmallTruck
18620,SmallTruck65331,N2_LRP166d,0,SmallTruck
18621,MediumTruck65336,N2_LRP123c,0,MediumTruck
18622,MediumTruck65336,N2_LRP123d,0,MediumTruck
18623,MediumTruck65341,N2_LRP076b,0,MediumTruck
18624,MediumTruck65342,N2_LRP163d,0,MediumTruck
18625,MediumTruck65342,N2_LRP163c,0,MediumTruck
18626,MediumTruck65342,N2_LRP163b,0,MediumTruck
18627,MediumTruck65342,N2_LRP163a,0,MediumTruck
18628,SmallTruck65346,N2_LRP118b,0,SmallTruck
18629,SmallTruck65346,N2_LRP118e,0,SmallTruck
18630,SmallTruck65347,N2_LRP171f,0.06850947445421986,SmallTruck
18631,HeavyTruck65352,N102_LRP055c,0,HeavyTruck
18632,SmallTruck65355,N2_LRP200c,0,SmallTruck
18633,MediumTruck65358,N2_LRP170e,0,MediumTruck
18634,MediumTruck65358,N2_LRP170c,0,MediumTruck
18635,MediumTruck65360,N1_LRP122a,0,MediumTruck
18636,LargeBus65363,N2_LRP163d,0,LargeBus
18637,LargeBus65363,N2_LRP163c,0,LargeBus
18638,LargeBus65363,N2_LRP163b,0,LargeBus
18639,LargeBus65366,N1_LRP014a,0,LargeBus
18640,SmallTruck65373,N2_LRP079a,0,SmallTruck
18641,MediumTruck65380,N2_LRP043d,0,MediumTruck
18642,MediumTruck65380,N2_LRP044a,0,MediumTruck
18643,MediumTruck65387,N2_LRP040a,0,MediumTruck
18644,MediumTruck65387,N2_LRP039c,0,MediumTruck
18645,MiniBus65390,N2_LRP167b,0,MiniBus
18646,MiniBus65390,N2_LRP166e,0,MiniBus
18647,MiniBus65393,N1_LRP350a,0,MiniBus
18648,LargeBus65394,N2_LRP117a,1.3825639652740458,LargeBus
18649,LargeBus65395,N2_LRP171f,1.0685094744542198,LargeBus
18650,MediumTruck65401,N1_LRP077a,0,MediumTruck
18651,MediumTruck65403,N2_LRP044a,0,MediumTruck
18652,MediumTruck65403,N2_LRP043d,0,MediumTruck
18653,MiniBus65405,N2_LRP078a,0,MiniBus
18654,MediumTruck65409,N1_LRP359b,0,MediumTruck
18655,MediumTruck65409,N1_LRP359a,0,MediumTruck
18656,MediumTruck65410,N2_LRP104a,0,MediumTruck
18657,LargeBus65422,N2_LRP171f,2.0685094744542196,LargeBus
18658,SmallTruck65427,N2_LRP186b,0.07422580696535712,SmallTruck
18659,MediumTruck65436,N2_LRP047a,0,MediumTruck
18660,MediumTruck65436,N2_LRP046c,0,MediumTruck
18661,MiniBus65442,N2_LRP104a,0,MiniBus
18662,MediumTruck65456,N1_LRP098a,0,MediumTruck
18663,MediumTruck65457,N1_LRP371c,0,MediumTruck
18664,MediumTruck65457,N1_LRP371a,0,MediumTruck
18665,MediumTruck65465,N2_LRP072a,0,MediumTruck
18666,MediumTruck65473,N1_LRP375c,0,MediumTruck
18667,SmallTruck65483,N2_LRP172c,0,SmallTruck
18668,SmallTruck65483,N2_LRP172d,0,SmallTruck
18669,SmallTruck65485,N2_LRP106b,0,SmallTruck
18670,SmallTruck65485,N2_LRP106a,0,SmallTruck
18671,MediumTruck65489,N1_LRP380c,0,MediumTruck
18672,MediumTruck65489,N1_LRP380a,0,MediumTruck
18673,MediumTruck65497,N2_LRP064a,0,MediumTruck
18674,MiniBus65500,N2_LRP054a,0,MiniBus
18675,MiniBus65500,N2_LRP053a,0,MiniBus
18676,SmallTruck65511,N1_LRP109a,0,SmallTruck
18677,MiniBus65515,N2_LRP169d,0,MiniBus
18678,MiniBus65515,N2_LRP169e,0,MiniBus
18679,MiniBus65515,N2_LRP169f,0,MiniBus
18680,MiniBus65515,N2_LRP170a,0,MiniBus
18681,MiniBus65515,N2_LRP170b,0,MiniBus
18682,MiniBus65515,N2_LRP170c,0,MiniBus
18683,SmallTruck65519,N2_LRP152d,0,SmallTruck
18684,SmallTruck65519,N2_LRP152c,0,SmallTruck
18685,SmallTruck65519,N2_LRP152b,0,SmallTruck
18686,SmallTruck65519,N2_LRP152a,0,SmallTruck
18687,MediumTruck65521,N1_LRP387f,0,MediumTruck
18688,MediumTruck65521,N1_LRP387e,0,MediumTruck
18689,SmallTruck65522,N2_LRP079b,0.8733986403861574,SmallTruck
18690,SmallTruck65532,N2_LRP072a,0,SmallTruck
18691,MediumTruck65533,N2_LRP118g,0,MediumTruck
18692,MediumTruck65535,N2_LRP155a,0,MediumTruck
18693,MediumTruck65538,N2_LRP076a,0,MediumTruck
18694,MediumTruck65551,N2_LRP158a,0,MediumTruck
18695,SmallTruck65552,N2_LRP064a,0,SmallTruck
18696,LargeBus65557,N102_LRP002c,0,LargeBus
18697,LargeBus65557,N102_LRP002b,0,LargeBus
18698,LargeBus65557,N102_LRP002a,0,LargeBus
18699,MediumTruck65569,N1_LRP403a,0,MediumTruck
18700,LargeBus65570,N2_LRP073g,0,LargeBus
18701,MediumTruck65571,N2_LRP221b,0,MediumTruck
18702,LargeBus65575,N1_LRP118d,0,LargeBus
18703,LargeBus65581,N2_LRP124c,0,LargeBus
18704,LargeBus65581,N2_LRP123e,0,LargeBus
18705,MediumTruck65590,N1_LRP083a,0,MediumTruck
18706,SmallTruck65592,N2_LRP060c,0,SmallTruck
18707,SmallTruck65592,N2_LRP061a,0,SmallTruck
18708,MediumTruck65593,N2_LRP040b,0,MediumTruck
18709,SmallTruck65611,N2_LRP096a,0,SmallTruck
18710,SmallTruck65611,N2_LRP095a,0,SmallTruck
18711,MediumTruck65616,N2_LRP048a,0,MediumTruck
18712,LargeBus65617,N1_LRP408a,0,LargeBus
18713,LargeBus65618,N2_LRP058c,0,LargeBus
18714,LargeBus65618,N2_LRP059a,0,LargeBus
18715,SmallTruck65619,N2_LRP230e,0,SmallTruck
18716,MediumTruck65623,N1_LRP137a,0,MediumTruck
18717,MediumTruck65624,N2_LRP054b,0,MediumTruck
18718,MediumTruck65627,N2_LRP139a,0,MediumTruck
18719,MediumTruck65627,N2_LRP139b,0,MediumTruck
18720,SmallTruck65631,N2_LRP180a,0,SmallTruck
18721,LargeBus65632,N2_LRP048a,0,LargeBus
18722,MediumTruck65633,N1_LRP414a,0,MediumTruck
18723,MiniBus65639,N1_LRP136a,0,MiniBus
18724,MediumTruck65642,N2_LRP167b,0,MediumTruck
18725,MiniBus65647,N2_LRP175f,0,MiniBus
18726,MiniBus65647,N2_LRP175e,0,MiniBus
18727,MiniBus65647,N2_LRP175d,0,MiniBus
18728,MiniBus65647,N2_LRP175c,0,MiniBus
18729,MediumTruck65652,N1_LRP034a,0,MediumTruck
18730,SmallTruck65653,N102_LRP034b,0,SmallTruck
18731,MediumTruck65656,N2_LRP045b,0,MediumTruck
18732,MediumTruck65665,N1_LRP420d,0,MediumTruck
18733,MediumTruck65665,N1_LRP420c,0,MediumTruck
18734,MediumTruck65665,N1_LRP420a,0,MediumTruck
18735,SmallTruck65667,N2_LRP243a,0,SmallTruck
18736,HeavyTruck65669,N102_LRP038b,0,HeavyTruck
18737,HeavyTruck65669,N102_LRP037d,0,HeavyTruck
18738,SmallTruck65670,N104_LRP044d,0,SmallTruck
18739,MiniBus65674,N2_LRP074a,0,MiniBus
18740,LargeBus65676,N2_LRP188a,0,LargeBus
18741,LargeBus65677,N2_LRP152d,0,LargeBus
18742,LargeBus65677,N2_LRP152c,0,LargeBus
18743,LargeBus65677,N2_LRP152b,0,LargeBus
18744,LargeBus65677,N2_LRP152a,0,LargeBus
18745,LargeBus65681,N1_LRP420e,0,LargeBus
18746,LargeBus65681,N1_LRP420d,0,LargeBus
18747,LargeBus65681,N1_LRP420c,0,LargeBus
18748,LargeBus65681,N1_LRP420a,0,LargeBus
18749,MediumTruck65682,N2_LRP040b,0,MediumTruck
18750,LargeBus65683,N2_LRP243a,0,LargeBus
18751,MediumTruck65696,N1_LRP036c,0,MediumTruck
18752,SmallTruck65697,N1_LRP426c,0,SmallTruck
18753,SmallTruck65697,N1_LRP426b,0,SmallTruck
18754,SmallTruck65697,N1_LRP426a,0,SmallTruck
18755,SmallTruck65697,N1_LRP425e,0,SmallTruck
18756,MiniBus65698,N2_LRP040a,0,MiniBus
18757,MiniBus65698,N2_LRP040b,0,MiniBus
18758,LargeBus65707,N2_LRP122b,0,LargeBus
18759,SmallTruck65709,N2_LRP161a,0,SmallTruck
18760,MediumTruck65713,N1_LRP429c,0,MediumTruck
18761,MediumTruck65713,N1_LRP429b,0,MediumTruck
18762,MediumTruck65713,N1_LRP429a,0,MediumTruck
18763,MediumTruck65719,N104_LRP017b,0,MediumTruck
18764,SmallTruck65725,N2_LRP165d,0,SmallTruck
18765,SmallTruck65725,N2_LRP165c,0,SmallTruck
18766,SmallTruck65725,N2_LRP164d,0,SmallTruck
18767,MediumTruck65729,N1_LRP432a,0,MediumTruck
18768,MediumTruck65734,N104_LRP028a,0,MediumTruck
18769,MediumTruck65737,N105_LRP020c,0,MediumTruck
18770,MiniBus65738,N2_LRP087a,0,MiniBus
18771,SmallTruck65742,N208_LRP028d,0,SmallTruck
18772,MiniBus65743,N208_LRP027d,0,MiniBus
18773,MiniBus65743,N208_LRP027b,0,MiniBus
18774,LargeBus65745,N1_LRP433c,0,LargeBus
18775,LargeBus65745,N1_LRP433b,0.2711470879826228,LargeBus
18776,LargeBus65747,N2_LRP261a,0,LargeBus
18777,MediumTruck65749,N102_LRP058a,0,MediumTruck
18778,MediumTruck65753,N105_LRP024c,0,MediumTruck
18779,MediumTruck65758,N208_LRP024d,0,MediumTruck
18780,MediumTruck65760,N1_LRP020a,0,MediumTruck
18781,MediumTruck65761,N1_LRP440a,0,MediumTruck
18782,MediumTruck65765,N102_LRP062c,0,MediumTruck
18783,MediumTruck65765,N102_LRP062b,0,MediumTruck
18784,MediumTruck65777,N1_LRP443d,0,MediumTruck
18785,MediumTruck65777,N1_LRP443c,0,MediumTruck
18786,MediumTruck65778,N2_LRP016a,0,MediumTruck
18787,LargeBus65780,N102_LRP017a,0,LargeBus
18788,SmallTruck65786,N2_LRP132c,0,SmallTruck
18789,MiniBus65787,N204_LRP020b,0,MiniBus
18790,SmallTruck65789,N2_LRP178a,0,SmallTruck
18791,MediumTruck65791,N2_LRP243b,0,MediumTruck
18792,LargeBus65793,N1_LRP446d,0,LargeBus
18793,LargeBus65793,N1_LRP446b,0,LargeBus
18794,MediumTruck65795,N2_LRP276a,0,MediumTruck
18795,MediumTruck65804,N2_LRP158a,0,MediumTruck
18796,SmallTruck65805,N2_LRP183a,0,SmallTruck
18797,SmallTruck65805,N2_LRP182d,0,SmallTruck
18798,MediumTruck65806,N208_LRP011b,0,MediumTruck
18799,SmallTruck65809,N1_LRP451b,0,SmallTruck
18800,SmallTruck65809,N1_LRP450e,0.019823290537488887,SmallTruck
18801,SmallTruck65820,N2_LRP140a,0.036239115555527064,SmallTruck
18802,LargeBus65825,N1_LRP455a,0,LargeBus
18803,SmallTruck65827,N2_LRP284b,0,SmallTruck
18804,MediumTruck65837,N2_LRP188a,0,MediumTruck
18805,MediumTruck65837,N2_LRP187b,0,MediumTruck
18806,MediumTruck65282,N2_LRP139b,0,MediumTruck
18807,MediumTruck65282,N2_LRP140a,1.036239115555527,MediumTruck
18808,MiniBus65295,N2_LRP084a,0,MiniBus
18809,LargeBus65298,N2_LRP146a,0,LargeBus
18810,LargeBus65299,N2_LRP141b,0,LargeBus
18811,MediumTruck65312,N2_LRP121a,0,MediumTruck
18812,LargeBus65313,N1_LRP333a,0,LargeBus
18813,MediumTruck65321,N2_LRP106a,0,MediumTruck
18814,MediumTruck65325,N2_LRP070a,0,MediumTruck
18815,MediumTruck65325,N2_LRP069e,0,MediumTruck
18816,MediumTruck65325,N2_LRP069c,0,MediumTruck
18817,MediumTruck65326,N2_LRP159c,0,MediumTruck
18818,MediumTruck65326,N2_LRP159b,0,MediumTruck
18819,LargeBus65328,N2_LRP127b,0,LargeBus
18820,LargeBus65328,N2_LRP127c,0,LargeBus
18821,MediumTruck65336,N2_LRP123e,0,MediumTruck
18822,MediumTruck65336,N2_LRP124c,0,MediumTruck
18823,MediumTruck65341,N2_LRP076a,0,MediumTruck
18824,MediumTruck65342,N2_LRP162e,0,MediumTruck
18825,MediumTruck65342,N2_LRP162d,0,MediumTruck
18826,MediumTruck65342,N2_LRP162c,0,MediumTruck
18827,MediumTruck65345,N1_LRP342c,0,MediumTruck
18828,MediumTruck65345,N1_LRP342a,1.444924950507749,MediumTruck
18829,SmallTruck65346,N2_LRP118g,0,SmallTruck
18830,SmallTruck65347,N2_LRP171e,0,SmallTruck
18831,MediumTruck65356,N2_LRP029b,0,MediumTruck
18832,MediumTruck65358,N2_LRP170b,0,MediumTruck
18833,MediumTruck65358,N2_LRP170a,0,MediumTruck
18834,MediumTruck65358,N2_LRP169f,0,MediumTruck
18835,MediumTruck65358,N2_LRP169e,0,MediumTruck
18836,MediumTruck65358,N2_LRP169d,0,MediumTruck
18837,MediumTruck65358,N2_LRP169c,0,MediumTruck
18838,MediumTruck65360,N1_LRP123a,0,MediumTruck
18839,MediumTruck65362,N2_LRP117a,2.382563965274046,MediumTruck
18840,LargeBus65363,N2_LRP163a,0,LargeBus
18841,LargeBus65363,N2_LRP162e,0,LargeBus
18842,LargeBus65363,N2_LRP162d,0,LargeBus
18843,LargeBus65363,N2_LRP162c,0,LargeBus
18844,MediumTruck65377,N1_LRP353b,0,MediumTruck
18845,MediumTruck65377,N1_LRP353a,0,MediumTruck
18846,MediumTruck65377,N1_LRP352a,0,MediumTruck
18847,MediumTruck65380,N2_LRP044c,0,MediumTruck
18848,MediumTruck65387,N2_LRP039a,0,MediumTruck
18849,MiniBus65390,N2_LRP166d,0,MiniBus
18850,MiniBus65393,N1_LRP349a,0,MiniBus
18851,MediumTruck65403,N2_LRP043a,0.02645579908118949,MediumTruck
18852,MediumTruck65404,N2_LRP042a,0,MediumTruck
18853,MiniBus65405,N2_LRP076b,0,MiniBus
18854,LargeBus65408,N1_LRP122a,0,LargeBus
18855,MediumTruck65409,N1_LRP358b,0,MediumTruck
18856,MediumTruck65409,N1_LRP358a,0,MediumTruck
18857,SmallTruck65416,N2_LRP102a,0,SmallTruck
18858,LargeBus65419,N2_LRP035b,0,LargeBus
18859,LargeBus65431,N1_LRP213a,0,LargeBus
18860,LargeBus65431,N1_LRP213b,0,LargeBus
18861,LargeBus65434,N105_LRP020c,0,LargeBus
18862,MediumTruck65436,N2_LRP045b,0,MediumTruck
18863,SmallTruck65443,N2_LRP188a,0,SmallTruck
18864,MediumTruck65457,N1_LRP370e,0,MediumTruck
18865,MiniBus65470,N2_LRP184c,0,MiniBus
18866,MediumTruck65473,N1_LRP374e,0,MediumTruck
18867,MediumTruck65474,N2_LRP090a,0,MediumTruck
18868,SmallTruck65490,N2_LRP086a,0,SmallTruck
18869,MediumTruck65497,N2_LRP064b,0,MediumTruck
18870,MiniBus65500,N2_LRP052a,0,MiniBus
18871,HeavyTruck65506,N2_LRP084a,0,HeavyTruck
18872,MiniBus65515,N2_LRP170e,0,MiniBus
18873,MiniBus65515,N2_LRP170f,1.205506153195243,MiniBus
18874,SmallTruck65519,N2_LRP151b,0,SmallTruck
18875,MediumTruck65521,N1_LRP387b,0,MediumTruck
18876,MediumTruck65521,N1_LRP387a,0,MediumTruck
18877,MediumTruck65521,N1_LRP386f,0,MediumTruck
18878,MediumTruck65521,N1_LRP386e,0,MediumTruck
18879,SmallTruck65522,N2_LRP079d,0,SmallTruck
18880,MediumTruck65533,N2_LRP118e,0,MediumTruck
18881,MediumTruck65533,N2_LRP118b,0,MediumTruck
18882,MediumTruck65533,N2_LRP118a,0,MediumTruck
18883,MediumTruck65535,N2_LRP154c,0,MediumTruck
18884,MediumTruck65538,N2_LRP076b,0,MediumTruck
18885,MediumTruck65545,N2_LRP052a,0,MediumTruck
18886,MediumTruck65551,N2_LRP157b,0,MediumTruck
18887,SmallTruck65552,N2_LRP064b,0,SmallTruck
18888,MediumTruck65554,N1_LRP083a,0,MediumTruck
18889,MediumTruck65555,N2_LRP216b,0,MediumTruck
18890,MediumTruck65569,N1_LRP402b,0,MediumTruck
18891,LargeBus65570,N2_LRP074a,0,LargeBus
18892,SmallTruck65577,N1_LRP033a,0,SmallTruck
18893,SmallTruck65577,N1_LRP033b,0,SmallTruck
18894,LargeBus65581,N2_LRP123d,0,LargeBus
18895,LargeBus65581,N2_LRP123c,0,LargeBus
18896,MediumTruck65586,N2_LRP064a,0,MediumTruck
18897,MediumTruck65588,N102_LRP065a,0,MediumTruck
18898,MediumTruck65589,N102_LRP017a,0,MediumTruck
18899,MediumTruck65593,N2_LRP041b,0,MediumTruck
18900,MediumTruck65593,N2_LRP042a,0,MediumTruck
18901,MiniBus65599,N2_LRP170e,0,MiniBus
18902,MiniBus65599,N2_LRP170c,0,MiniBus
18903,MediumTruck65602,N2_LRP058c,0,MediumTruck
18904,MediumTruck65602,N2_LRP059a,0,MediumTruck
18905,MediumTruck65612,N2_LRP199d,0,MediumTruck
18906,MediumTruck65616,N2_LRP048b,0,MediumTruck
18907,SmallTruck65619,N2_LRP230c,0,SmallTruck
18908,LargeBus65621,N102_LRP019b,0,LargeBus
18909,LargeBus65621,N102_LRP019a,0,LargeBus
18910,MediumTruck65624,N2_LRP055b,0,MediumTruck
18911,MediumTruck65624,N2_LRP056a,0,MediumTruck
18912,MediumTruck65627,N2_LRP140a,2.036239115555527,MediumTruck
18913,MediumTruck65630,N2_LRP228b,0,MediumTruck
18914,SmallTruck65631,N2_LRP179a,0,SmallTruck
18915,SmallTruck65631,N2_LRP178b,0,SmallTruck
18916,LargeBus65632,N2_LRP048b,0,LargeBus
18917,MediumTruck65638,N1_LRP094a,0,MediumTruck
18918,MediumTruck65642,N2_LRP167c,0,MediumTruck
18919,MediumTruck65642,N2_LRP168a,0,MediumTruck
18920,LargeBus65649,N1_LRP412d,0,LargeBus
18921,LargeBus65649,N1_LRP412b,0,LargeBus
18922,LargeBus65650,N2_LRP052a,0,LargeBus
18923,MediumTruck65652,N1_LRP033b,0,MediumTruck
18924,MediumTruck65652,N1_LRP033a,0,MediumTruck
18925,SmallTruck65653,N102_LRP033c,0,SmallTruck
18926,MediumTruck65655,N104_LRPSa,0,MediumTruck
18927,MediumTruck65658,N2_LRP072a,0,MediumTruck
18928,SmallTruck65667,N2_LRP242a,0,SmallTruck
18929,HeavyTruck65669,N102_LRP037c,0,HeavyTruck
18930,MiniBus65674,N2_LRP073g,0,MiniBus
18931,MiniBus65674,N2_LRP073c,0,MiniBus
18932,MiniBus65674,N2_LRP073b,0,MiniBus
18933,LargeBus65677,N2_LRP151b,0,LargeBus
18934,MediumTruck65682,N2_LRP041b,0,MediumTruck
18935,MediumTruck65682,N2_LRP042a,0,MediumTruck
18936,LargeBus65683,N2_LRP242a,0,LargeBus
18937,MediumTruck65686,N1_LRP107a,0,MediumTruck
18938,SmallTruck65697,N1_LRP425c,0.4080350104419309,SmallTruck
18939,MiniBus65698,N2_LRP041b,0,MiniBus
18940,HeavyTruck65700,N102_LRP036b,0,HeavyTruck
18941,HeavyTruck65700,N102_LRP036d,0,HeavyTruck
18942,SmallTruck65701,N102_LRP045a,0,SmallTruck
18943,MiniBus65702,N1_LRP107a,0,MiniBus
18944,LargeBus65707,N2_LRP123c,0,LargeBus
18945,LargeBus65707,N2_LRP123d,0,LargeBus
18946,LargeBus65707,N2_LRP123e,0,LargeBus
18947,SmallTruck65709,N2_LRP160a,0,SmallTruck
18948,SmallTruck65709,N2_LRP159d,0,SmallTruck
18949,SmallTruck65712,N1_LRP033a,0,SmallTruck
18950,SmallTruck65712,N1_LRP033b,0,SmallTruck
18951,MediumTruck65713,N1_LRP428d,0,MediumTruck
18952,MediumTruck65713,N1_LRP428c,0,MediumTruck
18953,MediumTruck65713,N1_LRP428b,0,MediumTruck
18954,MediumTruck65713,N1_LRP428a,0,MediumTruck
18955,MiniBus65721,N2_LRP012c,0,MiniBus
18956,SmallTruck65725,N2_LRP164b,0,SmallTruck
18957,SmallTruck65725,N2_LRP164a,0,SmallTruck
18958,MediumTruck65729,N1_LRP431d,0.23780119688399054,MediumTruck
18959,MediumTruck65730,N2_LRP029b,0,MediumTruck
18960,HeavyTruck65731,N2_LRP258a,0,HeavyTruck
18961,SmallTruck65732,N102_LRP028c,0,SmallTruck
18962,MiniBus65738,N2_LRP086a,0,MiniBus
18963,SmallTruck65742,N208_LRP029c,0,SmallTruck
18964,LargeBus65745,N1_LRP432b,0,LargeBus
18965,MediumTruck65752,N105_LRP024c,0,MediumTruck
18966,SmallTruck65754,N2_LRP097a,0,SmallTruck
18967,SmallTruck65759,N2_LRP206b,0,SmallTruck
18968,MediumTruck65761,N1_LRP439a,0,MediumTruck
18969,LargeBus65763,N2_LRP264a,0,LargeBus
18970,MediumTruck65767,N104_LRP028a,0,MediumTruck
18971,MediumTruck65768,N105_LRP020c,0,MediumTruck
18972,MediumTruck65781,N102_LRP065a,0,MediumTruck
18973,MediumTruck65785,N105_LRP032c,0,MediumTruck
18974,MediumTruck65785,N105_LRP032b,0,MediumTruck
18975,SmallTruck65786,N2_LRP133a,0,SmallTruck
18976,SmallTruck65789,N2_LRP177a,0,SmallTruck
18977,LargeBus65793,N1_LRP445d,0,LargeBus
18978,LargeBus65793,N1_LRP445b,0,LargeBus
18979,MediumTruck65804,N2_LRP159b,0,MediumTruck
18980,MediumTruck65804,N2_LRP159c,0,MediumTruck
18981,SmallTruck65805,N2_LRP182b,0,SmallTruck
18982,SmallTruck65805,N2_LRP182a,0,SmallTruck
18983,SmallTruck65809,N1_LRP450c,0,SmallTruck
18984,MediumTruck65817,N105_LRP041c,0,MediumTruck
18985,MediumTruck65823,N2_LRP235a,0,MediumTruck
18986,LargeBus65824,N1_LRP004b,0,LargeBus
18987,SmallTruck65827,N2_LRP283b,0,SmallTruck
18988,SmallTruck65830,N1_LRP143a,0,SmallTruck
18989,SmallTruck65838,N208_LRP004c,0,SmallTruck
18990,MediumTruck65846,N104_LRPSa,0,MediumTruck
18991,MiniBus65852,N2_LRP147a,0,MiniBus
18992,MiniBus65852,N2_LRP147b,0,MiniBus
18993,MiniBus65852,N2_LRP147d,0,MiniBus
18994,MiniBus65855,N2_LRP228b,0,MiniBus
18995,MiniBus65280,N1_LRP159a,0,MiniBus
18996,MediumTruck65297,N1_LRP336a,0,MediumTruck
18997,LargeBus65298,N2_LRP147a,0,LargeBus
18998,LargeBus65298,N2_LRP147b,0,LargeBus
18999,LargeBus65299,N2_LRP141a,0,LargeBus
19000,MiniBus65311,N2_LRP087a,0,MiniBus
19001,MediumTruck65312,N2_LRP121c,0,MediumTruck
19002,LargeBus65313,N1_LRP332c,0,LargeBus
19003,LargeBus65313,N1_LRP332b,0,LargeBus
19004,MediumTruck65314,N2_LRP132a,0,MediumTruck
19005,MediumTruck65314,N2_LRP132b,0,MediumTruck
19006,MediumTruck65314,N2_LRP132c,0,MediumTruck
19007,SmallTruck65316,N2_LRP060c,0,SmallTruck
19008,SmallTruck65316,N2_LRP061a,0,SmallTruck
19009,MediumTruck65321,N2_LRP106b,0,MediumTruck
19010,MediumTruck65326,N2_LRP158a,0,MediumTruck
19011,LargeBus65328,N2_LRP128a,0,LargeBus
19012,LargeBus65328,N2_LRP128b,0,LargeBus
19013,SmallTruck65331,N2_LRP165d,0,SmallTruck
19014,SmallTruck65331,N2_LRP165c,0,SmallTruck
19015,SmallTruck65331,N2_LRP164d,0,SmallTruck
19016,MediumTruck65342,N2_LRP162a,0.21476935512150297,MediumTruck
19017,SmallTruck65346,N2_LRP119c,0,SmallTruck
19018,SmallTruck65346,N2_LRP120a,0,SmallTruck
19019,SmallTruck65347,N2_LRP171d,0,SmallTruck
19020,SmallTruck65347,N2_LRP170j,0,SmallTruck
19021,SmallTruck65347,N2_LRP170i,0,SmallTruck
19022,SmallTruck65347,N2_LRP170h,0,SmallTruck
19023,SmallTruck65347,N2_LRP170g,0,SmallTruck
19024,SmallTruck65347,N2_LRP170f,2.205506153195243,SmallTruck
19025,MediumTruck65358,N2_LRP169b,0,MediumTruck
19026,LargeBus65363,N2_LRP162a,1.1026107818123203,LargeBus
19027,LargeBus65366,N1_LRP012b,0,LargeBus
19028,LargeBus65366,N1_LRP012a,0,LargeBus
19029,SmallTruck65372,N2_LRP029b,0,SmallTruck
19030,SmallTruck65373,N2_LRP078a,0,SmallTruck
19031,LargeBus65376,N1_LRP131b,0,LargeBus
19032,MediumTruck65380,N2_LRP045b,0,MediumTruck
19033,MediumTruck65387,N2_LRP038c,0,MediumTruck
19034,MiniBus65390,N2_LRP165d,0,MiniBus
19035,MiniBus65390,N2_LRP165c,0,MiniBus
19036,MiniBus65393,N1_LRP348b,0,MiniBus
19037,LargeBus65394,N2_LRP117b,0,LargeBus
19038,LargeBus65395,N2_LRP171e,0,LargeBus
19039,MediumTruck65404,N2_LRP041b,0,MediumTruck
19040,MiniBus65405,N2_LRP076a,0,MiniBus
19041,MediumTruck65409,N1_LRP357f,0,MediumTruck
19042,MediumTruck65409,N1_LRP357d,0,MediumTruck
19043,MediumTruck65410,N2_LRP106a,0,MediumTruck
19044,SmallTruck65416,N2_LRP103c,0,SmallTruck
19045,MediumTruck65421,N2_LRP093a,0,MediumTruck
19046,MediumTruck65425,N1_LRP360c,0,MediumTruck
19047,MediumTruck65425,N1_LRP360a,0,MediumTruck
19048,LargeBus65431,N1_LRP214a,0,LargeBus
19049,LargeBus65434,N105_LRP021d,0,LargeBus
19050,MediumTruck65436,N2_LRP044c,0,MediumTruck
19051,MediumTruck65441,N1_LRP364d,0,MediumTruck
19052,MiniBus65442,N2_LRP106a,0,MiniBus
19053,SmallTruck65443,N2_LRP187b,0,SmallTruck
19054,MediumTruck65457,N1_LRP370c,0,MediumTruck
19055,MediumTruck65457,N1_LRP370a,0,MediumTruck
19056,MediumTruck65457,N1_LRP369c,0,MediumTruck
19057,MediumTruck65465,N2_LRP073b,0,MediumTruck
19058,MediumTruck65465,N2_LRP073c,0,MediumTruck
19059,MiniBus65470,N2_LRP183d,0.4685712908232806,MiniBus
19060,MediumTruck65473,N1_LRP374c,0,MediumTruck
19061,MediumTruck65473,N1_LRP374a,0,MediumTruck
19062,MediumTruck65473,N1_LRP373b,0,MediumTruck
19063,SmallTruck65485,N2_LRP104a,0,SmallTruck
19064,SmallTruck65490,N2_LRP087a,0,SmallTruck
19065,HeavyTruck65491,N2_LRP200c,0,HeavyTruck
19066,LargeBus65495,N1_LRP094a,0,LargeBus
19067,MiniBus65502,N2_LRP188a,0,MiniBus
19068,LargeBus65505,N1_LRP377f,0,LargeBus
19069,LargeBus65505,N1_LRP377d,0,LargeBus
19070,SmallTruck65511,N1_LRP107a,0,SmallTruck
19071,SmallTruck65519,N2_LRP151a,0,SmallTruck
19072,MediumTruck65521,N1_LRP386c,0,MediumTruck
19073,MediumTruck65521,N1_LRP386a,0,MediumTruck
19074,MediumTruck65521,N1_LRP385g,0,MediumTruck
19075,SmallTruck65522,N2_LRP081a,0,SmallTruck
19076,MediumTruck65523,N2_LRP207b,0,MediumTruck
19077,SmallTruck65532,N2_LRP070c,0,SmallTruck
19078,MediumTruck65535,N2_LRP153b,0,MediumTruck
19079,MediumTruck65536,N2_LRP069c,0,MediumTruck
19080,MediumTruck65536,N2_LRP069e,0,MediumTruck
19081,MediumTruck65536,N2_LRP070a,0,MediumTruck
19082,MediumTruck65537,N1_LRP391a,0,MediumTruck
19083,SmallTruck65539,N2_LRP211c,0,SmallTruck
19084,MediumTruck65545,N2_LRP053a,0,MediumTruck
19085,MediumTruck65551,N2_LRP157a,0,MediumTruck
19086,MediumTruck65554,N1_LRP083b,0,MediumTruck
19087,MediumTruck65555,N2_LRP216a,0,MediumTruck
19088,LargeBus65557,N102_LRPSc,0,LargeBus
19089,SmallTruck65563,N2_LRP081b,0,SmallTruck
19090,SmallTruck65563,N2_LRP081a,0,SmallTruck
19091,LargeBus65570,N2_LRP076a,0,LargeBus
19092,MediumTruck65571,N2_LRP219a,0,MediumTruck
19093,SmallTruck65577,N1_LRP034a,0,SmallTruck
19094,MediumTruck65578,N2_LRP050a,0,MediumTruck
19095,SmallTruck65579,N2_LRP151a,0,SmallTruck
19096,LargeBus65581,N2_LRP122b,0,LargeBus
19097,MediumTruck65586,N2_LRP064b,0,MediumTruck
19098,MediumTruck65587,N2_LRP224b,0,MediumTruck
19099,MiniBus65599,N2_LRP170b,0,MiniBus
19100,MiniBus65599,N2_LRP170a,0,MiniBus
19101,MiniBus65599,N2_LRP169f,0,MiniBus
19102,MiniBus65599,N2_LRP169e,0,MiniBus
19103,MiniBus65599,N2_LRP169d,0,MiniBus
19104,MiniBus65599,N2_LRP169c,0,MiniBus
19105,MiniBus65600,N1_LRP068a,0,MiniBus
19106,MiniBus65603,N2_LRP221b,0,MiniBus
19107,MediumTruck65612,N2_LRP200c,0,MediumTruck
19108,LargeBus65618,N2_LRP060c,0,LargeBus
19109,LargeBus65618,N2_LRP061a,0,LargeBus
19110,SmallTruck65619,N2_LRP229c,0,SmallTruck
19111,MediumTruck65623,N1_LRP136a,0,MediumTruck
19112,MediumTruck65624,N2_LRP057a,0,MediumTruck
19113,SmallTruck65631,N2_LRP178a,0,SmallTruck
19114,LargeBus65632,N2_LRP050a,0,LargeBus
19115,MediumTruck65633,N1_LRP412d,0,MediumTruck
19116,MediumTruck65633,N1_LRP412b,0,MediumTruck
19117,LargeBus65636,N1_LRP023a,0,LargeBus
19118,MiniBus65639,N1_LRP134a,0,MiniBus
19119,MediumTruck65642,N2_LRP168c,0,MediumTruck
19120,LargeBus65649,N1_LRP412a,0,LargeBus
19121,LargeBus65649,N1_LRP411b,0,LargeBus
19122,LargeBus65649,N1_LRP411a,0,LargeBus
19123,LargeBus65650,N2_LRP053a,0,LargeBus
19124,LargeBus65650,N2_LRP054a,0,LargeBus
19125,SmallTruck65654,N1_LRP098a,0,SmallTruck
19126,MediumTruck65656,N2_LRP046c,0,MediumTruck
19127,MediumTruck65656,N2_LRP047a,0,MediumTruck
19128,MediumTruck65656,N2_LRP047c,0,MediumTruck
19129,MediumTruck65665,N1_LRP418b,0,MediumTruck
19130,SmallTruck65667,N2_LRP241c,0,SmallTruck
19131,MediumTruck65668,N1_LRP036c,0,MediumTruck
19132,HeavyTruck65669,N102_LRP036d,0,HeavyTruck
19133,HeavyTruck65669,N102_LRP036b,0,HeavyTruck
19134,LargeBus65677,N2_LRP151a,0,LargeBus
19135,MediumTruck65679,N208_LRP011b,0,MediumTruck
19136,LargeBus65681,N1_LRP418b,0,LargeBus
19137,LargeBus65683,N2_LRP241c,0,LargeBus
19138,MediumTruck65692,N2_LRP108a,0,MediumTruck
19139,SmallTruck65697,N1_LRP425b,0,SmallTruck
19140,SmallTruck65697,N1_LRP425a,0,SmallTruck
19141,MiniBus65698,N2_LRP042a,0,MiniBus
19142,MediumTruck65699,N2_LRP249a,0,MediumTruck
19143,HeavyTruck65700,N102_LRP037c,0,HeavyTruck
19144,HeavyTruck65700,N102_LRP037d,0,HeavyTruck
19145,LargeBus65707,N2_LRP124c,0,LargeBus
19146,SmallTruck65709,N2_LRP159c,0,SmallTruck
19147,SmallTruck65709,N2_LRP159b,0,SmallTruck
19148,SmallTruck65712,N1_LRP034a,0,SmallTruck
19149,MediumTruck65713,N1_LRP427e,0,MediumTruck
19150,MediumTruck65713,N1_LRP427d,0,MediumTruck
19151,MediumTruck65713,N1_LRP427b,0,MediumTruck
19152,MediumTruck65716,N102_LRP033c,0,MediumTruck
19153,MiniBus65721,N2_LRP012f,0,MiniBus
19154,SmallTruck65725,N2_LRP163d,0,SmallTruck
19155,SmallTruck65725,N2_LRP163c,0,SmallTruck
19156,SmallTruck65725,N2_LRP163b,0,SmallTruck
19157,SmallTruck65725,N2_LRP163a,0,SmallTruck
19158,MediumTruck65726,N208_LRP034c,0,MediumTruck
19159,MediumTruck65726,N208_LRP034d,0,MediumTruck
19160,SmallTruck65732,N102_LRP029d,0,SmallTruck
19161,LargeBus65745,N1_LRP432a,0,LargeBus
19162,LargeBus65745,N1_LRP431d,0.39143019117212463,LargeBus
19163,MediumTruck65753,N105_LRP023c,0,MediumTruck
19164,SmallTruck65754,N2_LRP096c,0,SmallTruck
19165,MediumTruck65768,N105_LRP021d,0,MediumTruck
19166,MediumTruck65769,N105_LRP027c,0,MediumTruck
19167,MediumTruck65773,N2_LRP172d,0,MediumTruck
19168,MediumTruck65773,N2_LRP172c,0,MediumTruck
19169,MiniBus65774,N208_LRP024d,0,MiniBus
19170,MediumTruck65777,N1_LRP441a,0,MediumTruck
19171,LargeBus65780,N102_LRP019a,0,LargeBus
19172,LargeBus65780,N102_LRP019b,0,LargeBus
19173,SmallTruck65786,N2_LRP134b,0,SmallTruck
19174,SmallTruck65786,N2_LRP134c,0,SmallTruck
19175,SmallTruck65789,N2_LRP176e,0,SmallTruck
19176,SmallTruck65789,N2_LRP176d,0,SmallTruck
19177,SmallTruck65789,N2_LRP176c,0,SmallTruck
19178,SmallTruck65789,N2_LRP176b,0,SmallTruck
19179,LargeBus65793,N1_LRP444e,0,LargeBus
19180,LargeBus65793,N1_LRP444d,0,LargeBus
19181,LargeBus65793,N1_LRP444c,0,LargeBus
19182,MediumTruck65795,N2_LRP274e,0,MediumTruck
19183,MediumTruck65804,N2_LRP159d,0,MediumTruck
19184,MediumTruck65804,N2_LRP160a,0,MediumTruck
19185,SmallTruck65805,N2_LRP181c,0,SmallTruck
19186,SmallTruck65807,N2_LRP216b,0,SmallTruck
19187,SmallTruck65809,N1_LRP450a,0,SmallTruck
19188,MediumTruck65817,N105_LRP040c,0,MediumTruck
19189,SmallTruck65820,N2_LRP139b,0,SmallTruck
19190,SmallTruck65820,N2_LRP139a,0,SmallTruck
19191,MediumTruck65823,N2_LRP236a,0,MediumTruck
19192,SmallTruck65831,N104_LRP044d,0,SmallTruck
19193,MediumTruck65837,N2_LRP186d,0,MediumTruck
19194,MediumTruck65837,N2_LRP186c,0,MediumTruck
19195,MediumTruck65845,N102_LRP082a,0,MediumTruck
19196,MiniBus65852,N2_LRP148b,0,MiniBus
19197,MediumTruck65297,N1_LRP335a,0,MediumTruck
19198,LargeBus65298,N2_LRP147d,0,LargeBus
19199,LargeBus65299,N2_LRP140c,0.024382954929322968,LargeBus
19200,MiniBus65311,N2_LRP086a,0,MiniBus
19201,MediumTruck65312,N2_LRP122b,0,MediumTruck
19202,LargeBus65313,N1_LRP332a,0,LargeBus
19203,MediumTruck65314,N2_LRP133a,0,MediumTruck
19204,SmallTruck65323,N2_LRP021b,0,SmallTruck
19205,MediumTruck65326,N2_LRP157b,0,MediumTruck
19206,LargeBus65328,N2_LRP129a,0,LargeBus
19207,LargeBus65328,N2_LRP129b,0,LargeBus
19208,LargeBus65328,N2_LRP129c,0,LargeBus
19209,SmallTruck65331,N2_LRP164b,0,SmallTruck
19210,SmallTruck65331,N2_LRP164a,0,SmallTruck
19211,MediumTruck65336,N2_LRP125a,0,MediumTruck
19212,MediumTruck65336,N2_LRP125b,0,MediumTruck
19213,MediumTruck65336,N2_LRP125c,0,MediumTruck
19214,MediumTruck65341,N2_LRP074a,0,MediumTruck
19215,MediumTruck65341,N2_LRP073g,0,MediumTruck
19216,MediumTruck65342,N2_LRP161c,0,MediumTruck
19217,MediumTruck65342,N2_LRP161b,0,MediumTruck
19218,SmallTruck65346,N2_LRP121a,0,SmallTruck
19219,MediumTruck65358,N2_LRP168c,0,MediumTruck
19220,MediumTruck65358,N2_LRP168a,0,MediumTruck
19221,MiniBus65361,N1_LRP341a,0,MiniBus
19222,MiniBus65361,N1_LRP340a,0,MiniBus
19223,SmallTruck65373,N2_LRP076b,0,SmallTruck
19224,MediumTruck65377,N1_LRP351a,0,MediumTruck
19225,MediumTruck65382,N1_LRP027a,0,MediumTruck
19226,MediumTruck65382,N1_LRP026b,0,MediumTruck
19227,MiniBus65390,N2_LRP164d,0,MiniBus
19228,MiniBus65390,N2_LRP164b,0,MiniBus
19229,MiniBus65390,N2_LRP164a,0,MiniBus
19230,MiniBus65393,N1_LRP348a,0,MiniBus
19231,MiniBus65393,N1_LRP347b,0,MiniBus
19232,LargeBus65394,N2_LRP118a,0,LargeBus
19233,LargeBus65395,N2_LRP171d,0,LargeBus
19234,LargeBus65395,N2_LRP170j,0,LargeBus
19235,LargeBus65395,N2_LRP170i,0,LargeBus
19236,LargeBus65395,N2_LRP170h,0,LargeBus
19237,LargeBus65395,N2_LRP170g,0,LargeBus
19238,LargeBus65395,N2_LRP170f,2.205506153195243,LargeBus
19239,MediumTruck65402,N105_LRP006a,0,MediumTruck
19240,MediumTruck65403,N2_LRP042a,0,MediumTruck
19241,MediumTruck65404,N2_LRP040b,0,MediumTruck
19242,LargeBus65408,N1_LRP123a,0,LargeBus
19243,MediumTruck65409,N1_LRP357c,0,MediumTruck
19244,MediumTruck65409,N1_LRP357a,0,MediumTruck
19245,MediumTruck65410,N2_LRP106b,0,MediumTruck
19246,LargeBus65411,N2_LRP172d,0,LargeBus
19247,LargeBus65411,N2_LRP172c,0,LargeBus
19248,SmallTruck65416,N2_LRP104a,0,SmallTruck
19249,MiniBus65418,N1_LRP012a,0,MiniBus
19250,MiniBus65418,N1_LRP012b,0,MiniBus
19251,LargeBus65422,N2_LRP171e,0,LargeBus
19252,SmallTruck65427,N2_LRP184c,0,SmallTruck
19253,LargeBus65431,N1_LRP215a,0,LargeBus
19254,LargeBus65434,N105_LRP022c,0,LargeBus
19255,MediumTruck65436,N2_LRP044a,0,MediumTruck
19256,MediumTruck65441,N1_LRP364c,0,MediumTruck
19257,MediumTruck65441,N1_LRP364a,0,MediumTruck
19258,MiniBus65442,N2_LRP106b,0,MiniBus
19259,SmallTruck65443,N2_LRP186d,0,SmallTruck
19260,MediumTruck65457,N1_LRP369b,0,MediumTruck
19261,MediumTruck65457,N1_LRP369a,0,MediumTruck
19262,HeavyTruck65460,N2_LRP029b,0,HeavyTruck
19263,MediumTruck65465,N2_LRP073g,0,MediumTruck
19264,MiniBus65470,N2_LRP183c,0,MiniBus
19265,MediumTruck65473,N1_LRP373a,0,MediumTruck
19266,MediumTruck65474,N2_LRP091b,0,MediumTruck
19267,MediumTruck65489,N1_LRP377f,0,MediumTruck
19268,HeavyTruck65491,N2_LRP199d,0,HeavyTruck
19269,MediumTruck65497,N2_LRP066a,0,MediumTruck
19270,MiniBus65502,N2_LRP187b,0,MiniBus
19271,LargeBus65505,N1_LRP377c,0,LargeBus
19272,LargeBus65505,N1_LRP377a,0,LargeBus
19273,LargeBus65509,N1_LRP068a,0,LargeBus
19274,MediumTruck65513,N1_LRP051a,0,MediumTruck
19275,MiniBus65515,N2_LRP170g,0,MiniBus
19276,MiniBus65515,N2_LRP170h,0,MiniBus
19277,MiniBus65515,N2_LRP170i,0,MiniBus
19278,MiniBus65515,N2_LRP170j,0,MiniBus
19279,SmallTruck65522,N2_LRP081b,0,SmallTruck
19280,SmallTruck65532,N2_LRP070a,0,SmallTruck
19281,SmallTruck65532,N2_LRP069e,0,SmallTruck
19282,SmallTruck65532,N2_LRP069c,0,SmallTruck
19283,MediumTruck65533,N2_LRP117b,0,MediumTruck
19284,MediumTruck65533,N2_LRP117a,1.3825639652740458,MediumTruck
19285,MediumTruck65535,N2_LRP153a,0,MediumTruck
19286,MediumTruck65535,N2_LRP152d,0,MediumTruck
19287,MediumTruck65536,N2_LRP070c,0,MediumTruck
19288,MediumTruck65538,N2_LRP078a,0,MediumTruck
19289,SmallTruck65539,N2_LRP211b,0,SmallTruck
19290,MediumTruck65545,N2_LRP054a,0,MediumTruck
19291,MediumTruck65551,N2_LRP156a,0,MediumTruck
19292,SmallTruck65552,N2_LRP066a,0,SmallTruck
19293,SmallTruck65553,N1_LRP391a,0,SmallTruck
19294,LargeBus65556,N2_LRP012c,0,LargeBus
19295,SmallTruck65563,N2_LRP079d,0,SmallTruck
19296,SmallTruck65563,N2_LRP079b,0.6523167294720168,SmallTruck
19297,LargeBus65570,N2_LRP076b,0,LargeBus
19298,SmallTruck65579,N2_LRP151b,0,SmallTruck
19299,SmallTruck65579,N2_LRP152a,0,SmallTruck
19300,SmallTruck65579,N2_LRP152b,0,SmallTruck
19301,LargeBus65581,N2_LRP121c,0,LargeBus
19302,MediumTruck65589,N102_LRP015a,0,MediumTruck
19303,MediumTruck65593,N2_LRP043a,0.049895651150993925,MediumTruck
19304,MiniBus65599,N2_LRP169b,0,MiniBus
19305,MiniBus65599,N2_LRP168c,0,MiniBus
19306,MediumTruck65602,N2_LRP060c,0,MediumTruck
19307,MediumTruck65602,N2_LRP061a,0,MediumTruck
19308,MediumTruck65605,N102_LRP019b,0,MediumTruck
19309,MediumTruck65605,N102_LRP019a,0,MediumTruck
19310,SmallTruck65611,N2_LRP093a,0,SmallTruck
19311,MediumTruck65616,N2_LRP050a,0,MediumTruck
19312,SmallTruck65619,N2_LRP229a,1.6971750134180181,SmallTruck
19313,LargeBus65621,N102_LRP017a,0,LargeBus
19314,MediumTruck65624,N2_LRP057b,0,MediumTruck
19315,SmallTruck65629,N207_LRP008c,0,SmallTruck
19316,MediumTruck65630,N2_LRP226d,0,MediumTruck
19317,MediumTruck65630,N2_LRP226c,0,MediumTruck
19318,SmallTruck65631,N2_LRP177a,0,SmallTruck
19319,MediumTruck65633,N1_LRP412a,0,MediumTruck
19320,MediumTruck65633,N1_LRP411b,0,MediumTruck
19321,SmallTruck65634,N1_LRP064c,0,SmallTruck
19322,LargeBus65637,N102_LRP022a,0,LargeBus
19323,MediumTruck65642,N2_LRP169b,0,MediumTruck
19324,MediumTruck65642,N2_LRP169c,0,MediumTruck
19325,MediumTruck65642,N2_LRP169d,0,MediumTruck
19326,MediumTruck65642,N2_LRP169e,0,MediumTruck
19327,MediumTruck65642,N2_LRP169f,0,MediumTruck
19328,MediumTruck65642,N2_LRP170a,0,MediumTruck
19329,MediumTruck65648,N1_LRP051a,0,MediumTruck
19330,LargeBus65649,N1_LRP410c,0.03155911677968087,LargeBus
19331,LargeBus65650,N2_LRP054b,0,LargeBus
19332,LargeBus65651,N2_LRP231d,0,LargeBus
19333,LargeBus65651,N2_LRP231c,0,LargeBus
19334,MediumTruck65656,N2_LRP048a,0,MediumTruck
19335,MediumTruck65658,N2_LRP070c,0,MediumTruck
19336,MediumTruck65661,N208_LRP046b,0,MediumTruck
19337,MiniBus65662,N208_LRP055a,0,MiniBus
19338,MediumTruck65665,N1_LRP417d,0.1143223347098008,MediumTruck
19339,MediumTruck65668,N1_LRP035a,0,MediumTruck
19340,MiniBus65674,N2_LRP072a,0,MiniBus
19341,LargeBus65681,N1_LRP417d,1.1143223347098008,LargeBus
19342,MediumTruck65682,N2_LRP043a,0.06614034064712943,MediumTruck
19343,MediumTruck65686,N1_LRP105a,0,MediumTruck
19344,SmallTruck65697,N1_LRP424e,0,SmallTruck
19345,SmallTruck65697,N1_LRP424c,0,SmallTruck
19346,SmallTruck65697,N1_LRP424b,0,SmallTruck
19347,SmallTruck65697,N1_LRP424a,0.10584298791072831,SmallTruck
19348,MiniBus65698,N2_LRP043a,0.13463923490920277,MiniBus
19349,HeavyTruck65700,N102_LRP038b,0,HeavyTruck
19350,HeavyTruck65700,N102_LRP038d,0,HeavyTruck
19351,MiniBus65702,N1_LRP105a,0,MiniBus
19352,SmallTruck65704,N105_LRP039b,0,SmallTruck
19353,LargeBus65707,N2_LRP125a,0,LargeBus
19354,LargeBus65707,N2_LRP125b,0,LargeBus
19355,LargeBus65707,N2_LRP125c,0,LargeBus
19356,SmallTruck65709,N2_LRP158a,0,SmallTruck
19357,MediumTruck65713,N1_LRP426e,0,MediumTruck
19358,MediumTruck65713,N1_LRP426d,0,MediumTruck
19359,LargeBus65715,N2_LRP249a,0,LargeBus
19360,MediumTruck65716,N102_LRP034b,0,MediumTruck
19361,SmallTruck65725,N2_LRP162e,0,SmallTruck
19362,SmallTruck65725,N2_LRP162d,0,SmallTruck
19363,SmallTruck65725,N2_LRP162c,0,SmallTruck
19364,MediumTruck65729,N1_LRP431b,0,MediumTruck
19365,MediumTruck65729,N1_LRP431a,0,MediumTruck
19366,MediumTruck65729,N1_LRP430c,0,MediumTruck
19367,MediumTruck65736,N2_LRP029b,0,MediumTruck
19368,MiniBus65738,N2_LRP084a,0,MiniBus
19369,SmallTruck65742,N208_LRP031b,0,SmallTruck
19370,SmallTruck65742,N208_LRP031d,0,SmallTruck
19371,MiniBus65743,N208_LRP024d,0,MiniBus
19372,LargeBus65747,N2_LRP258a,0,LargeBus
19373,MediumTruck65753,N105_LRP022c,0,MediumTruck
19374,SmallTruck65754,N2_LRP096a,0,SmallTruck
19375,SmallTruck65754,N2_LRP095a,0,SmallTruck
19376,MiniBus65757,N2_LRP219a,0,MiniBus
19377,MediumTruck65758,N208_LRP027b,0,MediumTruck
19378,MediumTruck65758,N208_LRP027d,0,MediumTruck
19379,MediumTruck65760,N1_LRP023a,0,MediumTruck
19380,MediumTruck65761,N1_LRP438c,0,MediumTruck
19381,MediumTruck65761,N1_LRP438b,0,MediumTruck
19382,MediumTruck65761,N1_LRP438a,0,MediumTruck
19383,LargeBus65762,N2_LRP024b,0,LargeBus
19384,LargeBus65762,N2_LRP025a,0,LargeBus
19385,MediumTruck65768,N105_LRP022c,0,MediumTruck
19386,MediumTruck65773,N2_LRP171f,0.08114153984766811,MediumTruck
19387,MediumTruck65778,N2_LRP018a,0,MediumTruck
19388,MediumTruck65785,N105_LRP030c,0,MediumTruck
19389,SmallTruck65786,N2_LRP135a,0,SmallTruck
19390,SmallTruck65789,N2_LRP175f,0,SmallTruck
19391,SmallTruck65789,N2_LRP175e,0,SmallTruck
19392,SmallTruck65789,N2_LRP175d,0,SmallTruck
19393,SmallTruck65789,N2_LRP175c,0,SmallTruck
19394,LargeBus65793,N1_LRP444b,0,LargeBus
19395,LargeBus65793,N1_LRP444a,0,LargeBus
19396,LargeBus65793,N1_LRP443d,0,LargeBus
19397,LargeBus65794,N2_LRP016a,0,LargeBus
19398,SmallTruck65796,N1_LRP068a,0,SmallTruck
19399,MediumTruck65801,N105_LRP035d,0,MediumTruck
19400,MediumTruck65804,N2_LRP161a,0,MediumTruck
19401,SmallTruck65805,N2_LRP180c,0,SmallTruck
19402,SmallTruck65807,N2_LRP216a,0,SmallTruck
19403,SmallTruck65809,N1_LRP449d,0,SmallTruck
19404,SmallTruck65809,N1_LRP449c,0,SmallTruck
19405,MediumTruck65814,N104_LRP010a,0,MediumTruck
19406,MediumTruck65817,N105_LRP039b,0,MediumTruck
19407,SmallTruck65820,N2_LRP138b,0,SmallTruck
19408,MediumTruck65823,N2_LRP236c,0,MediumTruck
19409,LargeBus65825,N1_LRP452e,0,LargeBus
19410,LargeBus65825,N1_LRP452d,0,LargeBus
19411,LargeBus65825,N1_LRP452c,0,LargeBus
19412,LargeBus65825,N1_LRP452a,0,LargeBus
19413,SmallTruck65830,N1_LRP142a,0,SmallTruck
19414,MediumTruck65837,N2_LRP186b,0.5058010235188729,MediumTruck
19415,LargeBus65840,N1_LRP001a,0,LargeBus
19416,HeavyTruck65841,N1_LRP456c,0,HeavyTruck
19417,HeavyTruck65843,N2_LRP285c,0,HeavyTruck
19418,LargeBus65853,N207_LRP066b,0,LargeBus
19419,MiniBus65855,N2_LRP226d,0,MiniBus
19420,MiniBus65855,N2_LRP226c,0,MiniBus
19421,MediumTruck65282,N2_LRP140c,0.21088009596469712,MediumTruck
19422,MediumTruck65285,N1_LRP020a,0,MediumTruck
19423,LargeBus65298,N2_LRP148b,0,LargeBus
19424,MediumTruck65312,N2_LRP123c,0,MediumTruck
19425,MediumTruck65312,N2_LRP123d,0,MediumTruck
19426,MediumTruck65314,N2_LRP134b,0,MediumTruck
19427,MediumTruck65314,N2_LRP134c,0,MediumTruck
19428,MediumTruck65321,N2_LRP108a,0,MediumTruck
19429,SmallTruck65323,N2_LRP021a,0,SmallTruck
19430,MediumTruck65325,N2_LRP067c,0,MediumTruck
19431,MediumTruck65326,N2_LRP157a,0,MediumTruck
19432,LargeBus65328,N2_LRP130a,0,LargeBus
19433,LargeBus65328,N2_LRP130b,0,LargeBus
19434,LargeBus65328,N2_LRP130c,0,LargeBus
19435,SmallTruck65329,N1_LRP336a,0,SmallTruck
19436,SmallTruck65331,N2_LRP163d,0,SmallTruck
19437,SmallTruck65331,N2_LRP163c,0,SmallTruck
19438,SmallTruck65331,N2_LRP163b,0,SmallTruck
19439,SmallTruck65331,N2_LRP163a,0,SmallTruck
19440,MediumTruck65336,N2_LRP125d,0,MediumTruck
19441,MediumTruck65336,N2_LRP126a,0,MediumTruck
19442,MediumTruck65336,N2_LRP126b,0,MediumTruck
19443,MediumTruck65341,N2_LRP073c,0,MediumTruck
19444,MediumTruck65341,N2_LRP073b,0,MediumTruck
19445,MediumTruck65342,N2_LRP161a,0,MediumTruck
19446,MediumTruck65345,N1_LRP341a,0,MediumTruck
19447,MediumTruck65345,N1_LRP340a,0,MediumTruck
19448,SmallTruck65346,N2_LRP121c,0,SmallTruck
19449,MediumTruck65351,N1_LRP064c,0,MediumTruck
19450,HeavyTruck65352,N102_LRP058a,0,HeavyTruck
19451,MediumTruck65358,N2_LRP167c,0,MediumTruck
19452,MediumTruck65358,N2_LRP167b,0,MediumTruck
19453,MiniBus65361,N1_LRP339c,1.2350682922040521,MiniBus
19454,MediumTruck65362,N2_LRP117b,0,MediumTruck
19455,LargeBus65363,N2_LRP161c,0,LargeBus
19456,LargeBus65363,N2_LRP161b,0,LargeBus
19457,MediumTruck65367,N1_LRP068a,0,MediumTruck
19458,SmallTruck65373,N2_LRP076a,0,SmallTruck
19459,LargeBus65376,N1_LRP134a,0,LargeBus
19460,MediumTruck65377,N1_LRP350a,0,MediumTruck
19461,MediumTruck65380,N2_LRP046c,0,MediumTruck
19462,MediumTruck65380,N2_LRP047a,0,MediumTruck
19463,MediumTruck65380,N2_LRP047c,0,MediumTruck
19464,MediumTruck65382,N1_LRP026a,0,MediumTruck
19465,MiniBus65390,N2_LRP163d,0,MiniBus
19466,MiniBus65390,N2_LRP163c,0,MiniBus
19467,MiniBus65390,N2_LRP163b,0,MiniBus
19468,MiniBus65393,N1_LRP347a,0,MiniBus
19469,LargeBus65394,N2_LRP118b,0,LargeBus
19470,LargeBus65394,N2_LRP118e,0,LargeBus
19471,LargeBus65394,N2_LRP118g,0,LargeBus
19472,MediumTruck65402,N105_LRP005c,0,MediumTruck
19473,MediumTruck65403,N2_LRP041b,0,MediumTruck
19474,MediumTruck65404,N2_LRP040a,0,MediumTruck
19475,MediumTruck65404,N2_LRP039c,0,MediumTruck
19476,MiniBus65405,N2_LRP074a,0,MiniBus
19477,LargeBus65411,N2_LRP171f,1.081141539847668,LargeBus
19478,MediumTruck65421,N2_LRP092b,0,MediumTruck
19479,MediumTruck65421,N2_LRP092a,0,MediumTruck
19480,MediumTruck65421,N2_LRP091b,0,MediumTruck
19481,LargeBus65422,N2_LRP171d,0,LargeBus
19482,LargeBus65422,N2_LRP170j,0,LargeBus
19483,LargeBus65422,N2_LRP170i,0,LargeBus
19484,LargeBus65422,N2_LRP170h,0,LargeBus
19485,LargeBus65422,N2_LRP170g,0,LargeBus
19486,LargeBus65422,N2_LRP170f,2.205506153195243,LargeBus
19487,MediumTruck65425,N1_LRP359b,0,MediumTruck
19488,MediumTruck65425,N1_LRP359a,0,MediumTruck
19489,MediumTruck65426,N1_LRP118d,0,MediumTruck
19490,SmallTruck65427,N2_LRP183d,0.004141602992555469,SmallTruck
19491,LargeBus65434,N105_LRP023c,0,LargeBus
19492,MediumTruck65436,N2_LRP043d,0,MediumTruck
19493,MediumTruck65440,N1_LRP105a,0,MediumTruck
19494,MediumTruck65441,N1_LRP363b,0,MediumTruck
19495,SmallTruck65443,N2_LRP186c,0,SmallTruck
19496,SmallTruck65449,N1_LRP068a,0,SmallTruck
19497,MediumTruck65457,N1_LRP368a,0.13466637153039152,MediumTruck
19498,MediumTruck65465,N2_LRP074a,0,MediumTruck
19499,MiniBus65470,N2_LRP183a,0,MiniBus
19500,MiniBus65470,N2_LRP182d,0,MiniBus
19501,MediumTruck65473,N1_LRP372c,0,MediumTruck
19502,MediumTruck65473,N1_LRP372a,0,MediumTruck
19503,MediumTruck65474,N2_LRP092a,0,MediumTruck
19504,MediumTruck65474,N2_LRP092b,0,MediumTruck
19505,SmallTruck65483,N2_LRP175c,0,SmallTruck
19506,SmallTruck65483,N2_LRP175d,0,SmallTruck
19507,SmallTruck65483,N2_LRP175e,0,SmallTruck
19508,SmallTruck65483,N2_LRP175f,0,SmallTruck
19509,SmallTruck65485,N2_LRP103c,0,SmallTruck
19510,MediumTruck65489,N1_LRP377d,0,MediumTruck
19511,MediumTruck65489,N1_LRP377c,0,MediumTruck
19512,MediumTruck65489,N1_LRP377a,0,MediumTruck
19513,MediumTruck65497,N2_LRP067c,0,MediumTruck
19514,MiniBus65500,N2_LRP050a,0,MiniBus
19515,MiniBus65502,N2_LRP186d,0,MiniBus
19516,LargeBus65505,N1_LRP376a,0,LargeBus
19517,LargeBus65505,N1_LRP375c,0,LargeBus
19518,HeavyTruck65506,N2_LRP086a,0,HeavyTruck
19519,SmallTruck65511,N1_LRP105a,0,SmallTruck
19520,MiniBus65515,N2_LRP171d,0,MiniBus
19521,MiniBus65515,N2_LRP171e,0,MiniBus
19522,MiniBus65515,N2_LRP171f,2.081141539847668,MiniBus
19523,MediumTruck65521,N1_LRP384a,0,MediumTruck
19524,MediumTruck65535,N2_LRP152c,0,MediumTruck
19525,MediumTruck65535,N2_LRP152b,0,MediumTruck
19526,MediumTruck65535,N2_LRP152a,0,MediumTruck
19527,MediumTruck65535,N2_LRP151b,0,MediumTruck
19528,MediumTruck65537,N1_LRP390a,0,MediumTruck
19529,MediumTruck65537,N1_LRP389d,0,MediumTruck
19530,MediumTruck65538,N2_LRP079a,0,MediumTruck
19531,MediumTruck65541,N102_LRP002c,0,MediumTruck
19532,MediumTruck65541,N102_LRP002b,0,MediumTruck
19533,MediumTruck65541,N102_LRP002a,0,MediumTruck
19534,MediumTruck65545,N2_LRP054b,0,MediumTruck
19535,MediumTruck65551,N2_LRP155a,0,MediumTruck
19536,SmallTruck65552,N2_LRP067c,0,SmallTruck
19537,SmallTruck65553,N1_LRP390a,0,SmallTruck
19538,MediumTruck65555,N2_LRP214b,0.013295510728296841,MediumTruck
19539,LargeBus65556,N2_LRP012f,0,LargeBus
19540,SmallTruck65563,N2_LRP079a,0,SmallTruck
19541,MediumTruck65569,N1_LRP400a,0,MediumTruck
19542,LargeBus65574,N1_LRP068a,0,LargeBus
19543,SmallTruck65577,N1_LRP035a,0,SmallTruck
19544,MediumTruck65578,N2_LRP048b,0,MediumTruck
19545,SmallTruck65579,N2_LRP152c,0,SmallTruck
19546,SmallTruck65579,N2_LRP152d,0,SmallTruck
19547,SmallTruck65579,N2_LRP153a,0,SmallTruck
19548,LargeBus65581,N2_LRP121a,0,LargeBus
19549,MediumTruck65584,N1_LRP068a,0,MediumTruck
19550,MiniBus65585,N1_LRP391a,0,MiniBus
19551,MediumTruck65586,N2_LRP066a,0,MediumTruck
19552,SmallTruck65592,N2_LRP064a,0,SmallTruck
19553,MiniBus65599,N2_LRP168a,0,MiniBus
19554,MiniBus65599,N2_LRP167c,0,MiniBus
19555,MiniBus65603,N2_LRP219a,0,MiniBus
19556,MediumTruck65606,N1_LRP083b,0,MediumTruck
19557,SmallTruck65620,N1_LRP142a,0,SmallTruck
19558,MediumTruck65623,N1_LRP134a,0,MediumTruck
19559,SmallTruck65631,N2_LRP176e,0,SmallTruck
19560,SmallTruck65631,N2_LRP176d,0,SmallTruck
19561,SmallTruck65631,N2_LRP176c,0,SmallTruck
19562,SmallTruck65631,N2_LRP176b,0,SmallTruck
19563,MediumTruck65633,N1_LRP411a,0,MediumTruck
19564,MediumTruck65635,N2_LRP231d,0,MediumTruck
19565,MediumTruck65635,N2_LRP231c,0,MediumTruck
19566,MediumTruck65642,N2_LRP170b,0,MediumTruck
19567,MediumTruck65642,N2_LRP170c,0,MediumTruck
19568,MediumTruck65642,N2_LRP170e,0,MediumTruck
19569,MediumTruck65642,N2_LRP170f,3.205506153195243,MediumTruck
19570,MiniBus65647,N2_LRP172d,0,MiniBus
19571,MiniBus65647,N2_LRP172c,0,MiniBus
19572,LargeBus65649,N1_LRP410b,0,LargeBus
19573,LargeBus65649,N1_LRP410a,0,LargeBus
19574,LargeBus65650,N2_LRP055b,0,LargeBus
19575,LargeBus65651,N2_LRP230e,0,LargeBus
19576,MediumTruck65652,N1_LRP030a,0,MediumTruck
19577,MediumTruck65656,N2_LRP048b,0,MediumTruck
19578,MediumTruck65658,N2_LRP070a,0,MediumTruck
19579,MediumTruck65658,N2_LRP069e,0,MediumTruck
19580,MediumTruck65658,N2_LRP069c,0,MediumTruck
19581,SmallTruck65667,N2_LRP240a,0,SmallTruck
19582,LargeBus65677,N2_LRP148b,0,LargeBus
19583,LargeBus65683,N2_LRP240a,0,LargeBus
19584,MediumTruck65685,N102_LRP038d,0,MediumTruck
19585,MediumTruck65692,N2_LRP106b,0,MediumTruck
19586,MediumTruck65692,N2_LRP106a,0,MediumTruck
19587,MediumTruck65699,N2_LRP248a,0,MediumTruck
19588,SmallTruck65703,N104_LRP010a,0,SmallTruck
19589,SmallTruck65704,N105_LRP040c,0,SmallTruck
19590,LargeBus65707,N2_LRP125d,0,LargeBus
19591,LargeBus65707,N2_LRP126a,0,LargeBus
19592,LargeBus65707,N2_LRP126b,0,LargeBus
19593,LargeBus65707,N2_LRP126c,0,LargeBus
19594,SmallTruck65709,N2_LRP157b,0,SmallTruck
19595,SmallTruck65712,N1_LRP035a,0,SmallTruck
19596,MediumTruck65713,N1_LRP426c,0,MediumTruck
19597,MediumTruck65713,N1_LRP426b,0,MediumTruck
19598,MediumTruck65713,N1_LRP426a,0,MediumTruck
19599,MediumTruck65713,N1_LRP425e,0,MediumTruck
19600,LargeBus65715,N2_LRP248a,0,LargeBus
19601,SmallTruck65724,N204_LRP003b,0,SmallTruck
19602,SmallTruck65725,N2_LRP162a,0.642852453232028,SmallTruck
19603,MediumTruck65729,N1_LRP430b,0,MediumTruck
19604,MediumTruck65729,N1_LRP430a,0,MediumTruck
19605,MediumTruck65729,N1_LRP429f,0,MediumTruck
19606,MediumTruck65737,N105_LRP017c,0,MediumTruck
19607,SmallTruck65739,N204_LRP003b,0,SmallTruck
19608,LargeBus65745,N1_LRP431b,0,LargeBus
19609,LargeBus65745,N1_LRP431a,0,LargeBus
19610,LargeBus65745,N1_LRP430c,0,LargeBus
19611,MediumTruck65749,N102_LRP055c,0,MediumTruck
19612,MediumTruck65752,N105_LRP027c,0,MediumTruck
19613,MediumTruck65753,N105_LRP021d,0,MediumTruck
19614,MediumTruck65758,N208_LRP027f,0,MediumTruck
19615,MediumTruck65761,N1_LRP437b,0,MediumTruck
19616,MediumTruck65761,N1_LRP437a,0,MediumTruck
19617,LargeBus65762,N2_LRP025b,0,LargeBus
19618,LargeBus65763,N2_LRP262a,0,LargeBus
19619,LargeBus65763,N2_LRP261b,0,LargeBus
19620,MediumTruck65768,N105_LRP023c,0,MediumTruck
19621,MediumTruck65773,N2_LRP171e,0,MediumTruck
19622,MediumTruck65777,N1_LRP440a,0,MediumTruck
19623,LargeBus65782,N1_LRP127a,0,LargeBus
19624,SmallTruck65786,N2_LRP135b,0,SmallTruck
19625,MediumTruck65791,N2_LRP246c,0,MediumTruck
19626,LargeBus65793,N1_LRP443c,0,LargeBus
19627,MediumTruck65804,N2_LRP161b,0,MediumTruck
19628,MediumTruck65804,N2_LRP161c,0,MediumTruck
19629,MediumTruck65804,N2_LRP162a,1.6428524532320279,MediumTruck
19630,SmallTruck65805,N2_LRP180a,0,SmallTruck
19631,MediumTruck65808,N1_LRP010b,0,MediumTruck
19632,MediumTruck65808,N1_LRP010c,0,MediumTruck
19633,MediumTruck65808,N1_LRP011a,0,MediumTruck
19634,SmallTruck65809,N1_LRP448a,0,SmallTruck
19635,LargeBus65811,N2_LRP276a,0,LargeBus
19636,SmallTruck65820,N2_LRP138a,0,SmallTruck
19637,LargeBus65825,N1_LRP451e,0,LargeBus
19638,LargeBus65825,N1_LRP451b,0,LargeBus
19639,LargeBus65825,N1_LRP450e,0.27630476450535396,LargeBus
19640,SmallTruck65833,N105_LRP042b,0,SmallTruck
19641,HeavyTruck65841,N1_LRP456a,0,HeavyTruck
19642,HeavyTruck65843,N2_LRP285a,0,HeavyTruck
19643,HeavyTruck65843,N2_LRP284c,0,HeavyTruck
19644,MediumTruck65846,N1_LRP145a,0,MediumTruck
19645,MediumTruck65850,N204_LRP003b,0,MediumTruck
19646,MiniBus65855,N2_LRP225c,0.019878809479490923,MiniBus
19647,SmallTruck65281,N1_LRP327a,0.10792022684948731,SmallTruck
19648,MiniBus65295,N2_LRP081b,0,MiniBus
19649,MiniBus65295,N2_LRP081a,0,MiniBus
19650,MediumTruck65297,N1_LRP333a,0,MediumTruck
19651,LargeBus65299,N2_LRP140a,0.06775678926450569,LargeBus
19652,SmallTruck65301,N1_LRP023a,0,SmallTruck
19653,SmallTruck65303,N1_LRP051a,0,SmallTruck
19654,SmallTruck65304,N104_LRP010a,0,SmallTruck
19655,MiniBus65311,N2_LRP084a,0,MiniBus
19656,MediumTruck65312,N2_LRP123e,0,MediumTruck
19657,MediumTruck65312,N2_LRP124c,0,MediumTruck
19658,MediumTruck65314,N2_LRP135a,0,MediumTruck
19659,MediumTruck65325,N2_LRP066a,0,MediumTruck
19660,MediumTruck65326,N2_LRP156a,0,MediumTruck
19661,SmallTruck65329,N1_LRP335a,0,SmallTruck
19662,SmallTruck65331,N2_LRP162e,0,SmallTruck
19663,SmallTruck65331,N2_LRP162d,0,SmallTruck
19664,SmallTruck65331,N2_LRP162c,0,SmallTruck
19665,MediumTruck65336,N2_LRP126c,0,MediumTruck
19666,MediumTruck65336,N2_LRP126d,0,MediumTruck
19667,MediumTruck65336,N2_LRP127b,0,MediumTruck
19668,MediumTruck65337,N2_LRP102a,0,MediumTruck
19669,MediumTruck65342,N2_LRP160a,0,MediumTruck
19670,SmallTruck65346,N2_LRP122b,0,SmallTruck
19671,SmallTruck65347,N2_LRP170e,0,SmallTruck
19672,SmallTruck65347,N2_LRP170c,0,SmallTruck
19673,MediumTruck65356,N2_LRP025b,0,MediumTruck
19674,MediumTruck65358,N2_LRP166e,0,MediumTruck
19675,MediumTruck65358,N2_LRP166d,0,MediumTruck
19676,LargeBus65363,N2_LRP161a,0,LargeBus
19677,MediumTruck65380,N2_LRP048a,0,MediumTruck
19678,MediumTruck65384,N2_LRP117a,1.3825639652740458,MediumTruck
19679,MediumTruck65387,N2_LRP035b,0,MediumTruck
19680,MiniBus65390,N2_LRP163a,0,MiniBus
19681,MiniBus65390,N2_LRP162e,0,MiniBus
19682,MiniBus65390,N2_LRP162d,0,MiniBus
19683,MiniBus65390,N2_LRP162c,0,MiniBus
19684,MediumTruck65392,N1_LRP118d,0,MediumTruck
19685,MediumTruck65392,N1_LRP119a,0,MediumTruck
19686,LargeBus65394,N2_LRP119c,0,LargeBus
19687,LargeBus65394,N2_LRP120a,0,LargeBus
19688,MediumTruck65403,N2_LRP040b,0,MediumTruck
19689,MediumTruck65404,N2_LRP039a,0,MediumTruck
19690,MiniBus65405,N2_LRP073g,0,MiniBus
19691,MiniBus65405,N2_LRP073c,0,MiniBus
19692,MiniBus65405,N2_LRP073b,0,MiniBus
19693,MediumTruck65410,N2_LRP108a,0,MediumTruck
19694,SmallTruck65416,N2_LRP106a,0,SmallTruck
19695,MiniBus65418,N1_LRP014a,0,MiniBus
19696,MediumTruck65425,N1_LRP358b,0,MediumTruck
19697,MediumTruck65425,N1_LRP358a,0,MediumTruck
19698,MediumTruck65426,N1_LRP119a,0,MediumTruck
19699,SmallTruck65427,N2_LRP183c,0,SmallTruck
19700,SmallTruck65430,N1_LRP240c,0,SmallTruck
19701,MediumTruck65436,N2_LRP043a,0.005986878666108266,MediumTruck
19702,MiniBus65442,N2_LRP108a,0,MiniBus
19703,SmallTruck65443,N2_LRP186b,0.6287505878440628,SmallTruck
19704,MediumTruck65465,N2_LRP076a,0,MediumTruck
19705,MiniBus65470,N2_LRP182b,0,MiniBus
19706,MiniBus65470,N2_LRP182a,0,MiniBus
19707,MediumTruck65473,N1_LRP371c,0,MediumTruck
19708,MediumTruck65473,N1_LRP371a,0,MediumTruck
19709,MediumTruck65474,N2_LRP093a,0,MediumTruck
19710,SmallTruck65483,N2_LRP176b,0,SmallTruck
19711,SmallTruck65483,N2_LRP176c,0,SmallTruck
19712,SmallTruck65483,N2_LRP176d,0,SmallTruck
19713,SmallTruck65483,N2_LRP176e,0,SmallTruck
19714,SmallTruck65485,N2_LRP102a,0,SmallTruck
19715,MediumTruck65489,N1_LRP376a,0,MediumTruck
19716,SmallTruck65490,N2_LRP090a,0,SmallTruck
19717,MiniBus65502,N2_LRP186c,0,MiniBus
19718,MiniBus65502,N2_LRP186b,1.628750587844063,MiniBus
19719,HeavyTruck65506,N2_LRP087a,0,HeavyTruck
19720,SmallTruck65519,N2_LRP148b,0,SmallTruck
19721,MediumTruck65521,N1_LRP383b,0,MediumTruck
19722,MediumTruck65523,N2_LRP206b,0,MediumTruck
19723,MediumTruck65535,N2_LRP151a,0,MediumTruck
19724,MediumTruck65536,N2_LRP072a,0,MediumTruck
19725,MediumTruck65537,N1_LRP389b,0.03551345754137633,MediumTruck
19726,MediumTruck65538,N2_LRP079b,0.3419059225912148,MediumTruck
19727,MediumTruck65545,N2_LRP055b,0,MediumTruck
19728,MediumTruck65545,N2_LRP056a,0,MediumTruck
19729,MediumTruck65551,N2_LRP154c,0,MediumTruck
19730,SmallTruck65553,N1_LRP389d,0,SmallTruck
19731,MediumTruck65569,N1_LRP398d,0.6313502622372132,MediumTruck
19732,LargeBus65570,N2_LRP078a,0,LargeBus
19733,SmallTruck65573,N102_LRP009a,0,SmallTruck
19734,SmallTruck65577,N1_LRP036c,0,SmallTruck
19735,MediumTruck65578,N2_LRP048a,0,MediumTruck
19736,SmallTruck65579,N2_LRP153b,0,SmallTruck
19737,LargeBus65581,N2_LRP120a,0,LargeBus
19738,LargeBus65581,N2_LRP119c,0,LargeBus
19739,MiniBus65585,N1_LRP390a,0,MiniBus
19740,MediumTruck65586,N2_LRP067c,0,MediumTruck
19741,MediumTruck65587,N2_LRP221b,0,MediumTruck
19742,SmallTruck65592,N2_LRP064b,0,SmallTruck
19743,MediumTruck65593,N2_LRP043d,0,MediumTruck
19744,MediumTruck65593,N2_LRP044a,0,MediumTruck
19745,MiniBus65599,N2_LRP167b,0,MiniBus
19746,MiniBus65599,N2_LRP166e,0,MiniBus
19747,MediumTruck65601,N1_LRP403a,0,MediumTruck
19748,MediumTruck65606,N1_LRP083a,0,MediumTruck
19749,SmallTruck65611,N2_LRP092b,0,SmallTruck
19750,SmallTruck65611,N2_LRP092a,0,SmallTruck
19751,SmallTruck65611,N2_LRP091b,0,SmallTruck
19752,LargeBus65617,N1_LRP403a,0,LargeBus
19753,SmallTruck65619,N2_LRP228b,0,SmallTruck
19754,SmallTruck65620,N1_LRP143a,0,SmallTruck
19755,MediumTruck65624,N2_LRP058c,0,MediumTruck
19756,MediumTruck65624,N2_LRP059a,0,MediumTruck
19757,MediumTruck65627,N2_LRP140c,0.014860486187661405,MediumTruck
19758,MediumTruck65630,N2_LRP225c,0.02617808969653792,MediumTruck
19759,SmallTruck65631,N2_LRP175f,0,SmallTruck
19760,SmallTruck65631,N2_LRP175e,0,SmallTruck
19761,SmallTruck65631,N2_LRP175d,0,SmallTruck
19762,SmallTruck65631,N2_LRP175c,0,SmallTruck
19763,LargeBus65632,N2_LRP052a,0,LargeBus
19764,MediumTruck65633,N1_LRP410c,0.17614929922944708,MediumTruck
19765,MediumTruck65635,N2_LRP230e,0,MediumTruck
19766,LargeBus65636,N1_LRP020a,0,LargeBus
19767,MiniBus65639,N1_LRP131b,0,MiniBus
19768,MiniBus65647,N2_LRP171f,2.081141539847668,MiniBus
19769,LargeBus65650,N2_LRP056a,0,LargeBus
19770,LargeBus65651,N2_LRP230c,0,LargeBus
19771,SmallTruck65653,N102_LRP029d,0,SmallTruck
19772,MediumTruck65665,N1_LRP417b,0,MediumTruck
19773,MediumTruck65665,N1_LRP416e,0,MediumTruck
19774,MediumTruck65665,N1_LRP416d,0,MediumTruck
19775,SmallTruck65667,N2_LRP239a,0,SmallTruck
19776,SmallTruck65667,N2_LRP238c,0,SmallTruck
19777,MediumTruck65668,N1_LRP034a,0,MediumTruck
19778,HeavyTruck65669,N102_LRP034b,0,HeavyTruck
19779,MiniBus65674,N2_LRP070c,0,MiniBus
19780,LargeBus65677,N2_LRP147d,0,LargeBus
19781,MediumTruck65682,N2_LRP043d,0,MediumTruck
19782,MediumTruck65682,N2_LRP044a,0,MediumTruck
19783,LargeBus65683,N2_LRP239a,0,LargeBus
19784,LargeBus65683,N2_LRP238c,0,LargeBus
19785,MediumTruck65685,N102_LRP038b,0,MediumTruck
19786,MediumTruck65685,N102_LRP037d,0,MediumTruck
19787,LargeBus65687,N104_LRPSa,0,LargeBus
19788,SmallTruck65697,N1_LRP423d,0,SmallTruck
19789,SmallTruck65697,N1_LRP423c,0,SmallTruck
19790,SmallTruck65697,N1_LRP423b,0.29370833731887047,SmallTruck
19791,MiniBus65698,N2_LRP043d,0,MiniBus
19792,MiniBus65698,N2_LRP044a,0,MiniBus
19793,SmallTruck65704,N105_LRP041c,0,SmallTruck
19794,LargeBus65707,N2_LRP126d,0,LargeBus
19795,LargeBus65707,N2_LRP127b,0,LargeBus
19796,SmallTruck65709,N2_LRP157a,0,SmallTruck
19797,SmallTruck65712,N1_LRP036c,0,SmallTruck
19798,MediumTruck65713,N1_LRP425c,0.5394381076100351,MediumTruck
19799,MediumTruck65720,N2_LRP035b,0,MediumTruck
19800,SmallTruck65725,N2_LRP161c,0,SmallTruck
19801,SmallTruck65725,N2_LRP161b,0,SmallTruck
19802,MediumTruck65729,N1_LRP429c,0,MediumTruck
19803,MediumTruck65729,N1_LRP429b,0,MediumTruck
19804,MediumTruck65729,N1_LRP429a,0,MediumTruck
19805,MediumTruck65735,N104_LRP017b,0,MediumTruck
19806,LargeBus65745,N1_LRP430b,0,LargeBus
19807,LargeBus65745,N1_LRP430a,0,LargeBus
19808,LargeBus65745,N1_LRP429f,0,LargeBus
19809,MediumTruck65750,N104_LRP028a,0,MediumTruck
19810,MediumTruck65753,N105_LRP020c,0,MediumTruck
19811,MiniBus65757,N2_LRP221b,0,MiniBus
19812,MediumTruck65758,N208_LRP028d,0,MediumTruck
19813,MediumTruck65761,N1_LRP436a,0,MediumTruck
19814,LargeBus65763,N2_LRP261a,0,LargeBus
19815,MediumTruck65765,N102_LRP058a,0,MediumTruck
19816,MediumTruck65769,N105_LRP024c,0,MediumTruck
19817,MediumTruck65773,N2_LRP171d,0,MediumTruck
19818,MediumTruck65773,N2_LRP170j,0,MediumTruck
19819,MediumTruck65773,N2_LRP170i,0,MediumTruck
19820,MediumTruck65773,N2_LRP170h,0,MediumTruck
19821,MediumTruck65773,N2_LRP170g,0,MediumTruck
19822,MediumTruck65773,N2_LRP170f,3.205506153195243,MediumTruck
19823,MiniBus65774,N208_LRP027b,0,MiniBus
19824,MiniBus65774,N208_LRP027d,0,MiniBus
19825,MediumTruck65775,N208_LRP034d,0,MediumTruck
19826,MediumTruck65775,N208_LRP034c,0,MediumTruck
19827,SmallTruck65776,N1_LRP020a,0,SmallTruck
19828,MediumTruck65777,N1_LRP439a,0,MediumTruck
19829,MediumTruck65781,N102_LRP062c,0,MediumTruck
19830,MediumTruck65781,N102_LRP062b,0,MediumTruck
19831,LargeBus65793,N1_LRP441a,0,LargeBus
19832,LargeBus65798,N104_LRP017b,0,LargeBus
19833,SmallTruck65805,N2_LRP179a,0,SmallTruck
19834,SmallTruck65805,N2_LRP178b,0,SmallTruck
19835,SmallTruck65807,N2_LRP214b,0.23101539524205958,SmallTruck
19836,SmallTruck65809,N1_LRP447c,0,SmallTruck
19837,MediumTruck65810,N2_LRP012c,0,MediumTruck
19838,LargeBus65811,N2_LRP274e,0,LargeBus
19839,MediumTruck65812,N1_LRP094a,0,MediumTruck
19840,SmallTruck65822,N208_LRP011b,0,SmallTruck
19841,MediumTruck65823,N2_LRP238c,0,MediumTruck
19842,LargeBus65825,N1_LRP450c,0,LargeBus
19843,HeavyTruck65841,N1_LRP455a,0,HeavyTruck
19844,HeavyTruck65843,N2_LRP284b,0,HeavyTruck
19845,MediumTruck65848,N105_LRP003a,0,MediumTruck
19846,MiniBus65852,N2_LRP151a,0,MiniBus
19847,MediumTruck65282,N2_LRP141a,0,MediumTruck
19848,MediumTruck65282,N2_LRP141b,0,MediumTruck
19849,MiniBus65295,N2_LRP079d,0,MiniBus
19850,MiniBus65295,N2_LRP079b,1.589988864245054,MiniBus
19851,MediumTruck65297,N1_LRP332c,0,MediumTruck
19852,MediumTruck65314,N2_LRP135b,0,MediumTruck
19853,SmallTruck65316,N2_LRP064a,0,SmallTruck
19854,MediumTruck65326,N2_LRP155a,0,MediumTruck
19855,LargeBus65328,N2_LRP132a,0,LargeBus
19856,SmallTruck65331,N2_LRP162a,1.4685746087998377,SmallTruck
19857,MediumTruck65334,N1_LRP014a,0,MediumTruck
19858,MediumTruck65336,N2_LRP127c,0,MediumTruck
19859,MediumTruck65336,N2_LRP128a,0,MediumTruck
19860,MediumTruck65337,N2_LRP103c,0,MediumTruck
19861,MediumTruck65341,N2_LRP072a,0,MediumTruck
19862,MediumTruck65342,N2_LRP159d,0,MediumTruck
19863,MediumTruck65342,N2_LRP159c,0,MediumTruck
19864,MediumTruck65342,N2_LRP159b,0,MediumTruck
19865,MediumTruck65345,N1_LRP339c,0.7580834220315885,MediumTruck
19866,SmallTruck65346,N2_LRP123c,0,SmallTruck
19867,SmallTruck65346,N2_LRP123d,0,SmallTruck
19868,SmallTruck65347,N2_LRP170b,0,SmallTruck
19869,SmallTruck65347,N2_LRP170a,0,SmallTruck
19870,SmallTruck65347,N2_LRP169f,0,SmallTruck
19871,SmallTruck65347,N2_LRP169e,0,SmallTruck
19872,SmallTruck65347,N2_LRP169d,0,SmallTruck
19873,SmallTruck65347,N2_LRP169c,0,SmallTruck
19874,MediumTruck65356,N2_LRP025a,0,MediumTruck
19875,MediumTruck65356,N2_LRP024b,0,MediumTruck
19876,MediumTruck65360,N1_LRP127a,0,MediumTruck
19877,LargeBus65363,N2_LRP160a,0,LargeBus
19878,LargeBus65363,N2_LRP159d,0,LargeBus
19879,LargeBus65366,N105_LRP003a,0,LargeBus
19880,SmallTruck65372,N2_LRP025b,0,SmallTruck
19881,SmallTruck65373,N2_LRP074a,0,SmallTruck
19882,LargeBus65376,N1_LRP136a,0,LargeBus
19883,MediumTruck65377,N1_LRP349a,0,MediumTruck
19884,MediumTruck65377,N1_LRP348b,0,MediumTruck
19885,MediumTruck65380,N2_LRP048b,0,MediumTruck
19886,MiniBus65390,N2_LRP162a,2.4685746087998375,MiniBus
19887,LargeBus65395,N2_LRP170e,0,LargeBus
19888,LargeBus65395,N2_LRP170c,0,LargeBus
19889,MediumTruck65402,N105_LRP003a,0,MediumTruck
19890,MediumTruck65403,N2_LRP040a,0,MediumTruck
19891,MediumTruck65403,N2_LRP039c,0,MediumTruck
19892,MediumTruck65404,N2_LRP038c,0,MediumTruck
19893,LargeBus65411,N2_LRP171e,0,LargeBus
19894,SmallTruck65416,N2_LRP106b,0,SmallTruck
19895,MediumTruck65421,N2_LRP090a,0,MediumTruck
19896,MediumTruck65425,N1_LRP357f,0,MediumTruck
19897,MediumTruck65425,N1_LRP357d,0,MediumTruck
19898,SmallTruck65427,N2_LRP183a,0,SmallTruck
19899,SmallTruck65427,N2_LRP182d,0,SmallTruck
19900,LargeBus65431,N1_LRP218a,0,LargeBus
19901,LargeBus65434,N105_LRP024c,0,LargeBus
19902,MediumTruck65440,N1_LRP107a,0,MediumTruck
19903,MediumTruck65457,N1_LRP367a,0,MediumTruck
19904,MediumTruck65465,N2_LRP076b,0,MediumTruck
19905,MiniBus65470,N2_LRP181c,0,MiniBus
19906,MediumTruck65473,N1_LRP370e,0,MediumTruck
19907,SmallTruck65483,N2_LRP177a,0,SmallTruck
19908,MediumTruck65489,N1_LRP375c,0,MediumTruck
19909,MiniBus65500,N2_LRP048b,0,MiniBus
19910,LargeBus65505,N1_LRP374e,0,LargeBus
19911,LargeBus65505,N1_LRP374c,0,LargeBus
19912,LargeBus65505,N1_LRP374a,0,LargeBus
19913,SmallTruck65519,N2_LRP147d,0,SmallTruck
19914,SmallTruck65519,N2_LRP147b,0,SmallTruck
19915,MediumTruck65521,N1_LRP383a,0,MediumTruck
19916,MediumTruck65521,N1_LRP382b,0,MediumTruck
19917,SmallTruck65522,N2_LRP084a,0,SmallTruck
19918,LargeBus65525,N1_LRP094a,0,LargeBus
19919,SmallTruck65532,N2_LRP067c,0,SmallTruck
19920,MediumTruck65537,N1_LRP389a,0,MediumTruck
19921,MediumTruck65538,N2_LRP079d,0,MediumTruck
19922,MediumTruck65541,N102_LRPSc,0,MediumTruck
19923,MediumTruck65545,N2_LRP057a,0,MediumTruck
19924,MediumTruck65551,N2_LRP153b,0,MediumTruck
19925,SmallTruck65553,N1_LRP389b,0.10881707835644648,SmallTruck
19926,SmallTruck65563,N2_LRP078a,0,SmallTruck
19927,MediumTruck65569,N1_LRP398a,0,MediumTruck
19928,LargeBus65570,N2_LRP079a,0,LargeBus
19929,MediumTruck65571,N2_LRP216b,0,MediumTruck
19930,LargeBus65575,N1_LRP112a,0,LargeBus
19931,MediumTruck65578,N2_LRP047c,0,MediumTruck
19932,MediumTruck65578,N2_LRP047a,0,MediumTruck
19933,MediumTruck65578,N2_LRP046c,0,MediumTruck
19934,SmallTruck65579,N2_LRP154c,0,SmallTruck
19935,LargeBus65581,N2_LRP118g,0,LargeBus
19936,LargeBus65581,N2_LRP118e,0,LargeBus
19937,MiniBus65585,N1_LRP389d,0,MiniBus
19938,MediumTruck65593,N2_LRP044c,0,MediumTruck
19939,MiniBus65599,N2_LRP166d,0,MiniBus
19940,MediumTruck65601,N1_LRP402b,0,MediumTruck
19941,MediumTruck65605,N102_LRP017a,0,MediumTruck
19942,MediumTruck65616,N2_LRP052a,0,MediumTruck
19943,LargeBus65617,N1_LRP402b,0,LargeBus
19944,LargeBus65621,N102_LRP015a,0,LargeBus
19945,LargeBus65632,N2_LRP053a,0,LargeBus
19946,LargeBus65632,N2_LRP054a,0,LargeBus
19947,MediumTruck65633,N1_LRP410b,0,MediumTruck
19948,MediumTruck65635,N2_LRP230c,0,MediumTruck
19949,LargeBus65637,N102_LRP019b,0,LargeBus
19950,LargeBus65637,N102_LRP019a,0,LargeBus
19951,LargeBus65650,N2_LRP057a,0,LargeBus
19952,LargeBus65650,N2_LRP057b,0,LargeBus
19953,LargeBus65651,N2_LRP229c,0,LargeBus
19954,LargeBus65651,N2_LRP229a,0.04463291638804355,LargeBus
19955,SmallTruck65654,N1_LRP094a,0,SmallTruck
19956,MediumTruck65656,N2_LRP050a,0,MediumTruck
19957,MediumTruck65665,N1_LRP415c,0.49061199145482043,MediumTruck
19958,MediumTruck65668,N1_LRP033b,0,MediumTruck
19959,MediumTruck65668,N1_LRP033a,0,MediumTruck
19960,HeavyTruck65669,N102_LRP033c,0,HeavyTruck
19961,SmallTruck65671,N104_LRPSa,0,SmallTruck
19962,MiniBus65674,N2_LRP070a,0,MiniBus
19963,MiniBus65674,N2_LRP069e,0,MiniBus
19964,MiniBus65674,N2_LRP069c,0,MiniBus
19965,LargeBus65677,N2_LRP147b,0,LargeBus
19966,LargeBus65677,N2_LRP147a,0,LargeBus
19967,LargeBus65681,N1_LRP417b,0,LargeBus
19968,LargeBus65681,N1_LRP416e,0,LargeBus
19969,LargeBus65681,N1_LRP416d,0,LargeBus
19970,MediumTruck65682,N2_LRP044c,0,MediumTruck
19971,SmallTruck65684,N102_LRP045a,0,SmallTruck
19972,MediumTruck65685,N102_LRP037c,0,MediumTruck
19973,MediumTruck65692,N2_LRP104a,0,MediumTruck
19974,MiniBus65698,N2_LRP044c,0,MiniBus
19975,MediumTruck65699,N2_LRP246c,0,MediumTruck
19976,LargeBus65707,N2_LRP127c,0,LargeBus
19977,LargeBus65707,N2_LRP128a,0,LargeBus
19978,MediumTruck65708,N2_LRP108a,0,MediumTruck
19979,SmallTruck65709,N2_LRP156a,0,SmallTruck
19980,MediumTruck65713,N1_LRP425b,0,MediumTruck
19981,MediumTruck65713,N1_LRP425a,0,MediumTruck
19982,LargeBus65715,N2_LRP246c,0,LargeBus
19983,MediumTruck65716,N102_LRP036b,0,MediumTruck
19984,MediumTruck65716,N102_LRP036d,0,MediumTruck
19985,HeavyTruck65717,N102_LRP045a,0,HeavyTruck
19986,MiniBus65721,N2_LRP016a,0,MiniBus
19987,SmallTruck65725,N2_LRP161a,0,SmallTruck
19988,MediumTruck65729,N1_LRP428d,0,MediumTruck
19989,MediumTruck65729,N1_LRP428c,0,MediumTruck
19990,MediumTruck65729,N1_LRP428b,0,MediumTruck
19991,MediumTruck65729,N1_LRP428a,0,MediumTruck
19992,LargeBus65745,N1_LRP429c,0,LargeBus
19993,LargeBus65745,N1_LRP429b,0,LargeBus
19994,LargeBus65745,N1_LRP429a,0,LargeBus
19995,LargeBus65745,N1_LRP428d,0,LargeBus
19996,LargeBus65745,N1_LRP428c,0,LargeBus
19997,MediumTruck65748,N102_LRP028c,0,MediumTruck
19998,SmallTruck65754,N2_LRP093a,0,SmallTruck
19999,MediumTruck65758,N208_LRP029c,0,MediumTruck
20000,MediumTruck65761,N1_LRP435c,0,MediumTruck
20001,MediumTruck65768,N105_LRP024c,0,MediumTruck
20002,MiniBus65774,N208_LRP027f,0,MiniBus
20003,MediumTruck65778,N2_LRP021a,0,MediumTruck
20004,LargeBus65780,N102_LRP022a,0,LargeBus
20005,MediumTruck65783,N104_LRP028a,0,MediumTruck
20006,MediumTruck65791,N2_LRP248a,0,MediumTruck
20007,LargeBus65794,N2_LRP018a,0,LargeBus
20008,MediumTruck65797,N102_LRP065a,0,MediumTruck
20009,MediumTruck65801,N105_LRP032c,0,MediumTruck
20010,MediumTruck65801,N105_LRP032b,0,MediumTruck
20011,MediumTruck65804,N2_LRP162c,0,MediumTruck
20012,MediumTruck65804,N2_LRP162d,0,MediumTruck
20013,SmallTruck65805,N2_LRP178a,0,SmallTruck
20014,MediumTruck65808,N1_LRP012a,0,MediumTruck
20015,MediumTruck65808,N1_LRP012b,0,MediumTruck
20016,SmallTruck65809,N1_LRP447b,0,SmallTruck
20017,SmallTruck65809,N1_LRP447a,0,SmallTruck
20018,SmallTruck65809,N1_LRP446d,0,SmallTruck
20019,SmallTruck65809,N1_LRP446b,0,SmallTruck
20020,MediumTruck65810,N2_LRP012f,0,MediumTruck
20021,SmallTruck65820,N2_LRP135b,0,SmallTruck
20022,MediumTruck65823,N2_LRP239a,0,MediumTruck
20023,LargeBus65825,N1_LRP450a,0,LargeBus
20024,SmallTruck65833,N105_LRP041c,0,SmallTruck
20025,MediumTruck65836,N207_LRP008c,0,MediumTruck
20026,MediumTruck65837,N2_LRP184c,0,MediumTruck
20027,LargeBus65840,N1_LRP004b,0,LargeBus
20028,HeavyTruck65843,N2_LRP283b,0,HeavyTruck
20029,MediumTruck65846,N1_LRP143a,0,MediumTruck
20030,MiniBus65852,N2_LRP151b,0,MiniBus
20031,MiniBus65852,N2_LRP152a,0,MiniBus
20032,MiniBus65854,N208_LRP004c,0,MiniBus
20033,MiniBus65855,N2_LRP224b,0,MiniBus
20034,SmallTruck65862,N104_LRPSa,0,SmallTruck
20035,MediumTruck65289,N102_LRP028c,0,MediumTruck
20036,LargeBus65296,N1_LRP159a,0,LargeBus
20037,MediumTruck65297,N1_LRP332b,0,MediumTruck
20038,MediumTruck65297,N1_LRP332a,0,MediumTruck
20039,LargeBus65298,N2_LRP151a,0,LargeBus
20040,LargeBus65298,N2_LRP151b,0,LargeBus
20041,LargeBus65299,N2_LRP139b,0,LargeBus
20042,LargeBus65299,N2_LRP139a,0,LargeBus
20043,MediumTruck65312,N2_LRP125a,0,MediumTruck
20044,MediumTruck65312,N2_LRP125b,0,MediumTruck
20045,MediumTruck65312,N2_LRP125c,0,MediumTruck
20046,SmallTruck65316,N2_LRP064b,0,SmallTruck
20047,SmallTruck65323,N2_LRP018a,0,SmallTruck
20048,MediumTruck65325,N2_LRP064b,0,MediumTruck
20049,MediumTruck65326,N2_LRP154c,0,MediumTruck
20050,LargeBus65328,N2_LRP132b,0,LargeBus
20051,LargeBus65328,N2_LRP132c,0,LargeBus
20052,SmallTruck65329,N1_LRP333a,0,SmallTruck
20053,MediumTruck65334,N1_LRP012b,0,MediumTruck
20054,MediumTruck65334,N1_LRP012a,0,MediumTruck
20055,MediumTruck65336,N2_LRP128b,0,MediumTruck
20056,MediumTruck65337,N2_LRP104a,0,MediumTruck
20057,MediumTruck65342,N2_LRP158a,0,MediumTruck
20058,MediumTruck65345,N1_LRP339a,0,MediumTruck
20059,SmallTruck65346,N2_LRP123e,0,SmallTruck
20060,SmallTruck65346,N2_LRP124c,0,SmallTruck
20061,SmallTruck65347,N2_LRP169b,0,SmallTruck
20062,SmallTruck65355,N2_LRP206b,0,SmallTruck
20063,MediumTruck65358,N2_LRP165d,0,MediumTruck
20064,MediumTruck65358,N2_LRP165c,0,MediumTruck
20065,MediumTruck65358,N2_LRP164d,0,MediumTruck
20066,MiniBus65361,N1_LRP339a,0,MiniBus
20067,LargeBus65363,N2_LRP159c,0,LargeBus
20068,LargeBus65363,N2_LRP159b,0,LargeBus
20069,SmallTruck65372,N2_LRP025a,0,SmallTruck
20070,SmallTruck65372,N2_LRP024b,0,SmallTruck
20071,SmallTruck65373,N2_LRP073g,0,SmallTruck
20072,MediumTruck65377,N1_LRP348a,0,MediumTruck
20073,MediumTruck65384,N2_LRP117b,0,MediumTruck
20074,MediumTruck65392,N1_LRP120b,0,MediumTruck
20075,LargeBus65394,N2_LRP121a,0,LargeBus
20076,LargeBus65395,N2_LRP170b,0,LargeBus
20077,LargeBus65395,N2_LRP170a,0,LargeBus
20078,LargeBus65395,N2_LRP169f,0,LargeBus
20079,LargeBus65395,N2_LRP169e,0,LargeBus
20080,LargeBus65395,N2_LRP169d,0,LargeBus
20081,LargeBus65395,N2_LRP169c,0,LargeBus
20082,MediumTruck65403,N2_LRP039a,0,MediumTruck
20083,MiniBus65405,N2_LRP072a,0,MiniBus
20084,LargeBus65408,N1_LRP127a,0,LargeBus
20085,LargeBus65411,N2_LRP171d,0,LargeBus
20086,LargeBus65411,N2_LRP170j,0,LargeBus
20087,LargeBus65411,N2_LRP170i,0,LargeBus
20088,LargeBus65411,N2_LRP170h,0,LargeBus
20089,LargeBus65411,N2_LRP170g,0,LargeBus
20090,LargeBus65411,N2_LRP170f,3.205506153195243,LargeBus
20091,LargeBus65422,N2_LRP170e,0,LargeBus
20092,LargeBus65422,N2_LRP170c,0,LargeBus
20093,MediumTruck65425,N1_LRP357c,0,MediumTruck
20094,MediumTruck65425,N1_LRP357a,0,MediumTruck
20095,MediumTruck65426,N1_LRP120b,0,MediumTruck
20096,SmallTruck65427,N2_LRP182b,0,SmallTruck
20097,SmallTruck65427,N2_LRP182a,0,SmallTruck
20098,LargeBus65431,N1_LRP218b,0,LargeBus
20099,MediumTruck65436,N2_LRP042a,0,MediumTruck
20100,MediumTruck65441,N1_LRP360c,0,MediumTruck
20101,MediumTruck65441,N1_LRP360a,0,MediumTruck
20102,MiniBus65470,N2_LRP180c,0,MiniBus
20103,MiniBus65470,N2_LRP180a,0,MiniBus
20104,MediumTruck65473,N1_LRP370c,0,MediumTruck
20105,MediumTruck65473,N1_LRP370a,0,MediumTruck
20106,MediumTruck65473,N1_LRP369c,0,MediumTruck
20107,SmallTruck65483,N2_LRP178a,0,SmallTruck
20108,MediumTruck65489,N1_LRP374e,0,MediumTruck
20109,SmallTruck65490,N2_LRP091b,0,SmallTruck
20110,MediumTruck65497,N2_LRP069c,0,MediumTruck
20111,MediumTruck65497,N2_LRP069e,0,MediumTruck
20112,MediumTruck65497,N2_LRP070a,0,MediumTruck
20113,MiniBus65500,N2_LRP048a,0,MiniBus
20114,MiniBus65500,N2_LRP047c,0,MiniBus
20115,MiniBus65500,N2_LRP047a,0,MiniBus
20116,LargeBus65505,N1_LRP373b,0,LargeBus
20117,LargeBus65505,N1_LRP373a,0,LargeBus
20118,SmallTruck65519,N2_LRP147a,0,SmallTruck
20119,MediumTruck65521,N1_LRP382a,0,MediumTruck
20120,MediumTruck65521,N1_LRP381c,0,MediumTruck
20121,MediumTruck65521,N1_LRP381b,0,MediumTruck
20122,SmallTruck65532,N2_LRP066a,0,SmallTruck
20123,MediumTruck65536,N2_LRP073b,0,MediumTruck
20124,MediumTruck65536,N2_LRP073c,0,MediumTruck
20125,MediumTruck65537,N1_LRP388a,0,MediumTruck
20126,MediumTruck65538,N2_LRP081a,0,MediumTruck
20127,SmallTruck65539,N2_LRP207b,0,SmallTruck
20128,MediumTruck65545,N2_LRP057b,0,MediumTruck
20129,MediumTruck65551,N2_LRP153a,0,MediumTruck
20130,MediumTruck65551,N2_LRP152d,0,MediumTruck
20131,SmallTruck65552,N2_LRP069c,0,SmallTruck
20132,SmallTruck65552,N2_LRP069e,0,SmallTruck
20133,SmallTruck65552,N2_LRP070a,0,SmallTruck
20134,SmallTruck65553,N1_LRP389a,0,SmallTruck
20135,SmallTruck65563,N2_LRP076b,0,SmallTruck
20136,LargeBus65570,N2_LRP079b,1.589988864245054,LargeBus
20137,MediumTruck65571,N2_LRP216a,0,MediumTruck
20138,SmallTruck65579,N2_LRP155a,0,SmallTruck
20139,LargeBus65581,N2_LRP118b,0,LargeBus
20140,LargeBus65581,N2_LRP118a,0,LargeBus
20141,MiniBus65585,N1_LRP389b,0.0097791147870534,MiniBus
20142,MediumTruck65587,N2_LRP219a,0,MediumTruck
20143,MediumTruck65590,N1_LRP077a,0,MediumTruck
20144,SmallTruck65592,N2_LRP066a,0,SmallTruck
20145,MediumTruck65593,N2_LRP045b,0,MediumTruck
20146,MiniBus65599,N2_LRP165d,0,MiniBus
20147,MiniBus65599,N2_LRP165c,0,MiniBus
20148,MediumTruck65602,N2_LRP064a,0,MediumTruck
20149,MiniBus65603,N2_LRP216b,0,MiniBus
20150,SmallTruck65611,N2_LRP090a,0,SmallTruck
20151,MediumTruck65616,N2_LRP053a,0,MediumTruck
20152,LargeBus65618,N2_LRP064a,0,LargeBus
20153,LargeBus65618,N2_LRP064b,0,LargeBus
20154,SmallTruck65619,N2_LRP226d,0,SmallTruck
20155,SmallTruck65619,N2_LRP226c,0,SmallTruck
20156,MediumTruck65623,N1_LRP131b,0,MediumTruck
20157,MediumTruck65624,N2_LRP060c,0,MediumTruck
20158,MediumTruck65624,N2_LRP061a,0,MediumTruck
20159,MediumTruck65627,N2_LRP141a,0,MediumTruck
20160,MediumTruck65627,N2_LRP141b,0,MediumTruck
20161,LargeBus65632,N2_LRP054b,0,LargeBus
20162,MediumTruck65633,N1_LRP410a,0,MediumTruck
20163,MediumTruck65635,N2_LRP229c,0,MediumTruck
20164,LargeBus65649,N1_LRP408a,0,LargeBus
20165,LargeBus65651,N2_LRP228b,0,LargeBus
20166,SmallTruck65653,N102_LRP028c,0,SmallTruck
20167,MediumTruck65658,N2_LRP067c,0,MediumTruck
20168,LargeBus65677,N2_LRP146a,0,LargeBus
20169,LargeBus65681,N1_LRP415c,1.996846209449559,LargeBus
20170,MediumTruck65682,N2_LRP045b,0,MediumTruck
20171,LargeBus65683,N2_LRP236c,0,LargeBus
20172,MediumTruck65685,N102_LRP036d,0,MediumTruck
20173,MediumTruck65685,N102_LRP036b,0,MediumTruck
20174,MediumTruck65694,N208_LRP046b,0,MediumTruck
20175,SmallTruck65695,N208_LRP011b,0,SmallTruck
20176,SmallTruck65697,N1_LRP422b,0,SmallTruck
20177,SmallTruck65697,N1_LRP421f,0,SmallTruck
20178,MiniBus65698,N2_LRP045b,0,MiniBus
20179,SmallTruck65704,N105_LRP042b,0,SmallTruck
20180,LargeBus65707,N2_LRP128b,0,LargeBus
20181,LargeBus65707,N2_LRP129a,0,LargeBus
20182,SmallTruck65709,N2_LRP155a,0,SmallTruck
20183,MediumTruck65713,N1_LRP424e,0,MediumTruck
20184,MediumTruck65713,N1_LRP424c,0,MediumTruck
20185,MediumTruck65713,N1_LRP424b,0,MediumTruck
20186,MediumTruck65713,N1_LRP424a,1.0232967342889832,MediumTruck
20187,MediumTruck65716,N102_LRP037c,0,MediumTruck
20188,MediumTruck65716,N102_LRP037d,0,MediumTruck
20189,SmallTruck65725,N2_LRP160a,0,SmallTruck
20190,MediumTruck65729,N1_LRP427e,0,MediumTruck
20191,MediumTruck65729,N1_LRP427d,0,MediumTruck
20192,MediumTruck65729,N1_LRP427b,0,MediumTruck
20193,SmallTruck65732,N102_LRP033c,0,SmallTruck
20194,MiniBus65738,N2_LRP081b,0,MiniBus
20195,MiniBus65738,N2_LRP081a,0,MiniBus
20196,SmallTruck65742,N208_LRP034c,0,SmallTruck
20197,SmallTruck65742,N208_LRP034d,0,SmallTruck
20198,LargeBus65745,N1_LRP428b,0,LargeBus
20199,LargeBus65745,N1_LRP428a,0,LargeBus
20200,LargeBus65745,N1_LRP427e,0,LargeBus
20201,MediumTruck65748,N102_LRP029d,0,MediumTruck
20202,MiniBus65766,N104_LRP028a,0,MiniBus
20203,MediumTruck65769,N105_LRP023c,0,MediumTruck
20204,MiniBus65774,N208_LRP028d,0,MiniBus
20205,MediumTruck65777,N1_LRP438c,0,MediumTruck
20206,MediumTruck65777,N1_LRP438b,0,MediumTruck
20207,MediumTruck65777,N1_LRP438a,0,MediumTruck
20208,MediumTruck65778,N2_LRP021b,0,MediumTruck
20209,MediumTruck65785,N105_LRP027c,0,MediumTruck
20210,SmallTruck65786,N2_LRP138a,0,SmallTruck
20211,SmallTruck65786,N2_LRP138b,0,SmallTruck
20212,SmallTruck65789,N2_LRP172d,0,SmallTruck
20213,SmallTruck65789,N2_LRP172c,0,SmallTruck
20214,MiniBus65790,N208_LRP024d,0,MiniBus
20215,LargeBus65793,N1_LRP440a,0,LargeBus
20216,SmallTruck65800,N105_LRP017c,0,SmallTruck
20217,SmallTruck65802,N204_LRP020b,0,SmallTruck
20218,SmallTruck65803,N204_LRP020b,0,SmallTruck
20219,MediumTruck65804,N2_LRP162e,0,MediumTruck
20220,MediumTruck65804,N2_LRP163a,0,MediumTruck
20221,MediumTruck65804,N2_LRP163b,0,MediumTruck
20222,SmallTruck65805,N2_LRP177a,0,SmallTruck
20223,MediumTruck65808,N1_LRP014a,0,MediumTruck
20224,SmallTruck65820,N2_LRP135a,0,SmallTruck
20225,MediumTruck65823,N2_LRP240a,0,MediumTruck
20226,LargeBus65825,N1_LRP449d,0,LargeBus
20227,LargeBus65825,N1_LRP449c,0,LargeBus
20228,HeavyTruck65828,N102_LRP009a,0,HeavyTruck
20229,SmallTruck65833,N105_LRP040c,0,SmallTruck
20230,MediumTruck65837,N2_LRP183d,0.563296318067288,MediumTruck
20231,MediumTruck65844,N1_LRP077a,0,MediumTruck
20232,MediumTruck65847,N104_LRP044d,0,MediumTruck
20233,MiniBus65852,N2_LRP152b,0,MiniBus
20234,MiniBus65852,N2_LRP152c,0,MiniBus
20235,MiniBus65852,N2_LRP152d,0,MiniBus
20236,MediumTruck65860,N102_LRPSc,0,MediumTruck
20237,SmallTruck65861,N102_LRP082a,0,SmallTruck
20238,SmallTruck65281,N1_LRP325c,0,SmallTruck
20239,SmallTruck65281,N1_LRP325a,0,SmallTruck
20240,MediumTruck65289,N102_LRP029d,0,MediumTruck
20241,LargeBus65298,N2_LRP152a,0,LargeBus
20242,LargeBus65298,N2_LRP152b,0,LargeBus
20243,LargeBus65298,N2_LRP152c,0,LargeBus
20244,LargeBus65299,N2_LRP138b,0,LargeBus
20245,LargeBus65299,N2_LRP138a,0,LargeBus
20246,LargeBus65308,N1_LRP004b,0,LargeBus
20247,MediumTruck65312,N2_LRP125d,0,MediumTruck
20248,MediumTruck65312,N2_LRP126a,0,MediumTruck
20249,MediumTruck65312,N2_LRP126b,0,MediumTruck
20250,LargeBus65313,N1_LRP327a,0.15778182513904393,LargeBus
20251,MediumTruck65325,N2_LRP064a,0,MediumTruck
20252,MediumTruck65326,N2_LRP153b,0,MediumTruck
20253,LargeBus65328,N2_LRP133a,0,LargeBus
20254,SmallTruck65329,N1_LRP332c,0,SmallTruck
20255,SmallTruck65331,N2_LRP161c,0,SmallTruck
20256,SmallTruck65331,N2_LRP161b,0,SmallTruck
20257,MediumTruck65336,N2_LRP129a,0,MediumTruck
20258,MediumTruck65336,N2_LRP129b,0,MediumTruck
20259,MediumTruck65336,N2_LRP129c,0,MediumTruck
20260,MediumTruck65341,N2_LRP070c,0,MediumTruck
20261,SmallTruck65347,N2_LRP168c,0,SmallTruck
20262,SmallTruck65347,N2_LRP168a,0,SmallTruck
20263,HeavyTruck65352,N102_LRP062b,0,HeavyTruck
20264,MediumTruck65353,N2_LRP102a,0,MediumTruck
20265,MediumTruck65358,N2_LRP164b,0,MediumTruck
20266,MediumTruck65358,N2_LRP164a,0,MediumTruck
20267,MediumTruck65362,N204_LRP003b,0,MediumTruck
20268,LargeBus65363,N2_LRP158a,0,LargeBus
20269,MediumTruck65365,N1_LRP036c,0,MediumTruck
20270,LargeBus65366,N105_LRP005c,0,LargeBus
20271,SmallTruck65373,N2_LRP073c,0,SmallTruck
20272,SmallTruck65373,N2_LRP073b,0,SmallTruck
20273,LargeBus65376,N1_LRP137a,0,LargeBus
20274,MediumTruck65377,N1_LRP347b,0,MediumTruck
20275,MediumTruck65377,N1_LRP347a,0,MediumTruck
20276,MediumTruck65380,N2_LRP050a,0,MediumTruck
20277,MediumTruck65384,N2_LRP118a,0,MediumTruck
20278,LargeBus65388,N208_LRP011b,0,LargeBus
20279,LargeBus65394,N2_LRP121c,0,LargeBus
20280,LargeBus65394,N2_LRP122b,0,LargeBus
20281,LargeBus65395,N2_LRP169b,0,LargeBus
20282,LargeBus65395,N2_LRP168c,0,LargeBus
20283,MediumTruck65403,N2_LRP038c,0,MediumTruck
20284,LargeBus65407,N2_LRP108a,0,LargeBus
20285,MediumTruck65409,N1_LRP353b,0,MediumTruck
20286,MediumTruck65409,N1_LRP353a,0,MediumTruck
20287,MediumTruck65409,N1_LRP352a,0,MediumTruck
20288,SmallTruck65416,N2_LRP108a,0,SmallTruck
20289,LargeBus65419,N2_LRP029b,0,LargeBus
20290,LargeBus65422,N2_LRP170b,0,LargeBus
20291,LargeBus65422,N2_LRP170a,0,LargeBus
20292,LargeBus65422,N2_LRP169f,0,LargeBus
20293,LargeBus65422,N2_LRP169e,0,LargeBus
20294,LargeBus65422,N2_LRP169d,0,LargeBus
20295,LargeBus65422,N2_LRP169c,0,LargeBus
20296,SmallTruck65427,N2_LRP181c,0,SmallTruck
20297,MediumTruck65436,N2_LRP041b,0,MediumTruck
20298,MediumTruck65440,N1_LRP109a,0,MediumTruck
20299,SmallTruck65443,N2_LRP184c,0,SmallTruck
20300,MediumTruck65465,N2_LRP078a,0,MediumTruck
20301,MiniBus65470,N2_LRP179a,0,MiniBus
20302,MediumTruck65473,N1_LRP369b,0,MediumTruck
20303,MediumTruck65473,N1_LRP369a,0,MediumTruck
20304,MediumTruck65474,N2_LRP095a,0,MediumTruck
20305,SmallTruck65483,N2_LRP178b,0,SmallTruck
20306,SmallTruck65483,N2_LRP179a,0,SmallTruck
20307,MediumTruck65489,N1_LRP374c,0,MediumTruck
20308,MediumTruck65489,N1_LRP374a,0,MediumTruck
20309,MediumTruck65489,N1_LRP373b,0,MediumTruck
20310,SmallTruck65490,N2_LRP092a,0,SmallTruck
20311,SmallTruck65490,N2_LRP092b,0,SmallTruck
20312,LargeBus65495,N1_LRP088a,0,LargeBus
20313,MediumTruck65497,N2_LRP070c,0,MediumTruck
20314,MiniBus65500,N2_LRP046c,0,MiniBus
20315,LargeBus65505,N1_LRP372c,0,LargeBus
20316,HeavyTruck65506,N2_LRP090a,0,HeavyTruck
20317,LargeBus65509,N1_LRP064c,0,LargeBus
20318,MiniBus65515,N2_LRP172c,0,MiniBus
20319,MiniBus65515,N2_LRP172d,0,MiniBus
20320,SmallTruck65519,N2_LRP146a,0,SmallTruck
20321,MediumTruck65536,N2_LRP073g,0,MediumTruck
20322,MediumTruck65537,N1_LRP387f,0,MediumTruck
20323,MediumTruck65537,N1_LRP387e,0,MediumTruck
20324,MediumTruck65538,N2_LRP081b,0,MediumTruck
20325,MediumTruck65551,N2_LRP152c,0,MediumTruck
20326,MediumTruck65551,N2_LRP152b,0,MediumTruck
20327,MediumTruck65551,N2_LRP152a,0,MediumTruck
20328,MediumTruck65551,N2_LRP151b,0,MediumTruck
20329,SmallTruck65552,N2_LRP070c,0,SmallTruck
20330,SmallTruck65553,N1_LRP388a,0,SmallTruck
20331,MediumTruck65554,N1_LRP088a,0,MediumTruck
20332,MediumTruck65555,N2_LRP211c,0,MediumTruck
20333,LargeBus65556,N2_LRP016a,0,LargeBus
20334,SmallTruck65563,N2_LRP076a,0,SmallTruck
20335,LargeBus65575,N1_LRP111a,0,LargeBus
20336,MediumTruck65578,N2_LRP045b,0,MediumTruck
20337,SmallTruck65579,N2_LRP156a,0,SmallTruck
20338,LargeBus65581,N2_LRP117b,0,LargeBus
20339,LargeBus65581,N2_LRP117a,0.10335989116723676,LargeBus
20340,MiniBus65585,N1_LRP389a,0,MiniBus
20341,MediumTruck65586,N2_LRP069c,0,MediumTruck
20342,MediumTruck65586,N2_LRP069e,0,MediumTruck
20343,MediumTruck65586,N2_LRP070a,0,MediumTruck
20344,SmallTruck65592,N2_LRP067c,0,SmallTruck
20345,MiniBus65599,N2_LRP164d,0,MiniBus
20346,MiniBus65599,N2_LRP164b,0,MiniBus
20347,MiniBus65599,N2_LRP164a,0,MiniBus
20348,MediumTruck65602,N2_LRP064b,0,MediumTruck
20349,MiniBus65603,N2_LRP216a,0,MiniBus
20350,MediumTruck65605,N102_LRP015a,0,MediumTruck
20351,MediumTruck65616,N2_LRP054a,0,MediumTruck
20352,SmallTruck65620,N1_LRP145a,0,SmallTruck
20353,MediumTruck65630,N2_LRP224b,0,MediumTruck
20354,LargeBus65632,N2_LRP055b,0,LargeBus
20355,MediumTruck65635,N2_LRP229a,1.5371965445150757,MediumTruck
20356,LargeBus65637,N102_LRP017a,0,LargeBus
20357,MediumTruck65642,N2_LRP170g,0,MediumTruck
20358,MediumTruck65642,N2_LRP170h,0,MediumTruck
20359,MediumTruck65642,N2_LRP170i,0,MediumTruck
20360,MediumTruck65642,N2_LRP170j,0,MediumTruck
20361,MiniBus65647,N2_LRP171e,0,MiniBus
20362,LargeBus65650,N2_LRP058c,0,LargeBus
20363,LargeBus65650,N2_LRP059a,0,LargeBus
20364,MediumTruck65652,N1_LRP027a,0,MediumTruck
20365,MediumTruck65652,N1_LRP026b,0,MediumTruck
20366,MediumTruck65658,N2_LRP066a,0,MediumTruck
20367,MediumTruck65664,N1_LRP051a,0,MediumTruck
20368,MediumTruck65665,N1_LRP414a,0,MediumTruck
20369,SmallTruck65667,N2_LRP236c,0,SmallTruck
20370,MiniBus65674,N2_LRP067c,0,MiniBus
20371,MiniBus65678,N208_LRP055a,0,MiniBus
20372,LargeBus65683,N2_LRP236a,0,LargeBus
20373,MediumTruck65692,N2_LRP103c,0,MediumTruck
20374,SmallTruck65697,N1_LRP421d,0,SmallTruck
20375,MiniBus65698,N2_LRP046c,0,MiniBus
20376,MediumTruck65705,N105_LRP006a,0,MediumTruck
20377,MediumTruck65705,N105_LRP005c,0,MediumTruck
20378,LargeBus65707,N2_LRP129b,0,LargeBus
20379,LargeBus65707,N2_LRP129c,0,LargeBus
20380,LargeBus65707,N2_LRP130a,0,LargeBus
20381,MediumTruck65708,N2_LRP106b,0,MediumTruck
20382,MediumTruck65708,N2_LRP106a,0,MediumTruck
20383,SmallTruck65709,N2_LRP154c,0,SmallTruck
20384,MiniBus65710,N208_LRP046b,0,MiniBus
20385,LargeBus65714,N1_LRP051a,0,LargeBus
20386,MediumTruck65716,N102_LRP038b,0,MediumTruck
20387,MediumTruck65716,N102_LRP038d,0,MediumTruck
20388,MiniBus65721,N2_LRP018a,0,MiniBus
20389,SmallTruck65725,N2_LRP159d,0,SmallTruck
20390,SmallTruck65725,N2_LRP159c,0,SmallTruck
20391,SmallTruck65725,N2_LRP159b,0,SmallTruck
20392,MediumTruck65729,N1_LRP426e,0,MediumTruck
20393,MediumTruck65729,N1_LRP426d,0,MediumTruck
20394,SmallTruck65732,N102_LRP034b,0,SmallTruck
20395,MiniBus65738,N2_LRP079d,0,MiniBus
20396,MiniBus65738,N2_LRP079b,1.589988864245054,MiniBus
20397,LargeBus65745,N1_LRP427d,0,LargeBus
20398,LargeBus65745,N1_LRP427b,0,LargeBus
20399,MediumTruck65752,N105_LRP030c,0,MediumTruck
20400,SmallTruck65754,N2_LRP092b,0,SmallTruck
20401,SmallTruck65754,N2_LRP092a,0,SmallTruck
20402,SmallTruck65754,N2_LRP091b,0,SmallTruck
20403,MiniBus65757,N2_LRP224b,0,MiniBus
20404,MediumTruck65758,N208_LRP031b,0,MediumTruck
20405,MediumTruck65758,N208_LRP031d,0,MediumTruck
20406,SmallTruck65759,N2_LRP200c,0,SmallTruck
20407,MediumTruck65760,N1_LRP026a,0,MediumTruck
20408,MediumTruck65760,N1_LRP026b,0,MediumTruck
20409,LargeBus65762,N2_LRP029b,0,LargeBus
20410,LargeBus65763,N2_LRP258a,0,LargeBus
20411,MediumTruck65769,N105_LRP022c,0,MediumTruck
20412,MiniBus65774,N208_LRP029c,0,MiniBus
20413,MediumTruck65775,N208_LRP031d,0,MediumTruck
20414,SmallTruck65776,N1_LRP023a,0,SmallTruck
20415,MediumTruck65777,N1_LRP437b,0,MediumTruck
20416,MediumTruck65777,N1_LRP437a,0,MediumTruck
20417,LargeBus65782,N1_LRP123a,0,LargeBus
20418,SmallTruck65786,N2_LRP139a,0,SmallTruck
20419,SmallTruck65786,N2_LRP139b,0,SmallTruck
20420,SmallTruck65789,N2_LRP171f,0.35538087833502074,SmallTruck
20421,MediumTruck65791,N2_LRP249a,0,MediumTruck
20422,LargeBus65793,N1_LRP439a,0,LargeBus
20423,LargeBus65794,N2_LRP021a,0,LargeBus
20424,SmallTruck65796,N1_LRP064c,0,SmallTruck
20425,MediumTruck65801,N105_LRP030c,0,MediumTruck
20426,MediumTruck65804,N2_LRP163c,0,MediumTruck
20427,MediumTruck65804,N2_LRP163d,0,MediumTruck
20428,SmallTruck65805,N2_LRP176e,0,SmallTruck
20429,SmallTruck65805,N2_LRP176d,0,SmallTruck
20430,SmallTruck65805,N2_LRP176c,0,SmallTruck
20431,SmallTruck65805,N2_LRP176b,0,SmallTruck
20432,SmallTruck65809,N1_LRP445d,0,SmallTruck
20433,SmallTruck65809,N1_LRP445b,0,SmallTruck
20434,MediumTruck65817,N105_LRP035d,0,MediumTruck
20435,SmallTruck65820,N2_LRP134c,0,SmallTruck
20436,SmallTruck65820,N2_LRP134b,0,SmallTruck
20437,LargeBus65825,N1_LRP448a,0,LargeBus
20438,LargeBus65826,N2_LRP012c,0,LargeBus
20439,SmallTruck65833,N105_LRP039b,0,SmallTruck
20440,MediumTruck65837,N2_LRP183c,0,MediumTruck
20441,MiniBus65839,N208_LRP046b,0,MiniBus
20442,HeavyTruck65841,N1_LRP452e,0,HeavyTruck
20443,HeavyTruck65841,N1_LRP452d,0,HeavyTruck
20444,MediumTruck65846,N1_LRP142a,0,MediumTruck
20445,MediumTruck65848,N105_LRP005c,0,MediumTruck
20446,MediumTruck65848,N105_LRP006a,0,MediumTruck
20447,MiniBus65852,N2_LRP153a,0,MiniBus
20448,MiniBus65852,N2_LRP153b,0,MiniBus
20449,LargeBus65853,N207_LRP061d,0,LargeBus
20450,LargeBus65856,N1_LRP001a,0,LargeBus
20451,MediumTruck65857,N1_LRP456c,0,MediumTruck
20452,MediumTruck65858,N1_LRP010b,0,MediumTruck
20453,MediumTruck65858,N1_LRP010c,0,MediumTruck
20454,MediumTruck65859,N2_LRP285c,0,MediumTruck
20455,MediumTruck65860,N102_LRP002a,0,MediumTruck
20456,MiniBus65871,N208_LRP055a,0,MiniBus
20457,MiniBus65295,N2_LRP079a,0,MiniBus
20458,LargeBus65298,N2_LRP152d,0,LargeBus
20459,LargeBus65298,N2_LRP153a,0,LargeBus
20460,LargeBus65298,N2_LRP153b,0,LargeBus
20461,SmallTruck65301,N1_LRP020a,0,SmallTruck
20462,MiniBus65311,N2_LRP081b,0,MiniBus
20463,MiniBus65311,N2_LRP081a,0,MiniBus
20464,MediumTruck65312,N2_LRP126c,0,MediumTruck
20465,MediumTruck65312,N2_LRP126d,0,MediumTruck
20466,MediumTruck65312,N2_LRP127b,0,MediumTruck
20467,MediumTruck65314,N2_LRP138a,0,MediumTruck
20468,SmallTruck65316,N2_LRP066a,0,SmallTruck
20469,MediumTruck65326,N2_LRP153a,0,MediumTruck
20470,MediumTruck65326,N2_LRP152d,0,MediumTruck
20471,LargeBus65328,N2_LRP134b,0,LargeBus
20472,LargeBus65328,N2_LRP134c,0,LargeBus
20473,SmallTruck65329,N1_LRP332b,0,SmallTruck
20474,SmallTruck65329,N1_LRP332a,0,SmallTruck
20475,SmallTruck65331,N2_LRP161a,0,SmallTruck
20476,MediumTruck65336,N2_LRP130a,0,MediumTruck
20477,MediumTruck65336,N2_LRP130b,0,MediumTruck
20478,MediumTruck65336,N2_LRP130c,0,MediumTruck
20479,MediumTruck65337,N2_LRP106a,0,MediumTruck
20480,MediumTruck65341,N2_LRP070a,0,MediumTruck
20481,MediumTruck65341,N2_LRP069e,0,MediumTruck
20482,MediumTruck65341,N2_LRP069c,0,MediumTruck
20483,MediumTruck65342,N2_LRP157b,0,MediumTruck
20484,MediumTruck65342,N2_LRP157a,0,MediumTruck
20485,SmallTruck65346,N2_LRP125a,0,SmallTruck
20486,SmallTruck65346,N2_LRP125b,0,SmallTruck
20487,SmallTruck65346,N2_LRP125c,0,SmallTruck
20488,SmallTruck65347,N2_LRP167c,0,SmallTruck
20489,SmallTruck65347,N2_LRP167b,0,SmallTruck
20490,HeavyTruck65352,N102_LRP062c,0,HeavyTruck
20491,MediumTruck65353,N2_LRP103c,0,MediumTruck
20492,SmallTruck65355,N2_LRP207b,0,SmallTruck
20493,MediumTruck65358,N2_LRP163d,0,MediumTruck
20494,MediumTruck65358,N2_LRP163c,0,MediumTruck
20495,MediumTruck65358,N2_LRP163b,0,MediumTruck
20496,MediumTruck65358,N2_LRP163a,0,MediumTruck
20497,LargeBus65363,N2_LRP157b,0,LargeBus
20498,LargeBus65363,N2_LRP157a,0,LargeBus
20499,MediumTruck65365,N1_LRP035a,0,MediumTruck
20500,LargeBus65366,N105_LRP006a,0,LargeBus
20501,MediumTruck65367,N1_LRP064c,0,MediumTruck
20502,MediumTruck65382,N1_LRP023a,0,MediumTruck
20503,MediumTruck65384,N2_LRP118b,0,MediumTruck
20504,MediumTruck65384,N2_LRP118e,0,MediumTruck
20505,MiniBus65390,N2_LRP161c,0,MiniBus
20506,MiniBus65390,N2_LRP161b,0,MiniBus
20507,MiniBus65393,N1_LRP342c,0,MiniBus
20508,MiniBus65393,N1_LRP342a,4.592653588295661,MiniBus
20509,LargeBus65394,N2_LRP123c,0,LargeBus
20510,LargeBus65395,N2_LRP168a,0,LargeBus
20511,LargeBus65395,N2_LRP167c,0,LargeBus
20512,MediumTruck65404,N2_LRP035b,0,MediumTruck
20513,MiniBus65405,N2_LRP070c,0,MiniBus
20514,MediumTruck65421,N2_LRP087a,0,MediumTruck
20515,LargeBus65422,N2_LRP169b,0,LargeBus
20516,LargeBus65422,N2_LRP168c,0,LargeBus
20517,MediumTruck65426,N1_LRP122a,0,MediumTruck
20518,SmallTruck65427,N2_LRP180c,0,SmallTruck
20519,LargeBus65431,N1_LRP220a,0,LargeBus
20520,LargeBus65434,N105_LRP027c,0,LargeBus
20521,MediumTruck65436,N2_LRP040b,0,MediumTruck
20522,MediumTruck65441,N1_LRP359b,0,MediumTruck
20523,MediumTruck65441,N1_LRP359a,0,MediumTruck
20524,SmallTruck65443,N2_LRP183d,0.03909837794718424,SmallTruck
20525,MediumTruck65456,N1_LRP105a,0,MediumTruck
20526,MediumTruck65457,N1_LRP364d,0,MediumTruck
20527,MediumTruck65465,N2_LRP079a,0,MediumTruck
20528,MiniBus65470,N2_LRP178b,0,MiniBus
20529,MiniBus65470,N2_LRP178a,0,MiniBus
20530,MediumTruck65473,N1_LRP368a,0.10474049123259395,MediumTruck
20531,MediumTruck65474,N2_LRP096a,0,MediumTruck
20532,MediumTruck65474,N2_LRP096c,0,MediumTruck
20533,MediumTruck65481,N1_LRP064c,0,MediumTruck
20534,SmallTruck65483,N2_LRP180a,0,SmallTruck
20535,MediumTruck65489,N1_LRP373a,0,MediumTruck
20536,SmallTruck65490,N2_LRP093a,0,SmallTruck
20537,MediumTruck65493,N1_LRP068a,0,MediumTruck
20538,MiniBus65502,N2_LRP184c,0,MiniBus
20539,LargeBus65505,N1_LRP372a,0,LargeBus
20540,LargeBus65505,N1_LRP371c,0,LargeBus
20541,LargeBus65505,N1_LRP371a,0,LargeBus
20542,LargeBus65507,N2_LRP188a,0,LargeBus
20543,MediumTruck65521,N1_LRP380c,0,MediumTruck
20544,MediumTruck65521,N1_LRP380a,0,MediumTruck
20545,SmallTruck65522,N2_LRP086a,0,SmallTruck
20546,SmallTruck65532,N2_LRP064b,0,SmallTruck
20547,MediumTruck65535,N2_LRP148b,0,MediumTruck
20548,MediumTruck65536,N2_LRP074a,0,MediumTruck
20549,MediumTruck65537,N1_LRP387b,0,MediumTruck
20550,MediumTruck65537,N1_LRP387a,0,MediumTruck
20551,MediumTruck65537,N1_LRP386f,0,MediumTruck
20552,MediumTruck65537,N1_LRP386e,0,MediumTruck
20553,MediumTruck65545,N2_LRP058c,0,MediumTruck
20554,MediumTruck65545,N2_LRP059a,0,MediumTruck
20555,MediumTruck65551,N2_LRP151a,0,MediumTruck
20556,SmallTruck65553,N1_LRP387f,0,SmallTruck
20557,SmallTruck65553,N1_LRP387e,0,SmallTruck
20558,MediumTruck65555,N2_LRP211b,0,MediumTruck
20559,LargeBus65570,N2_LRP079d,0,LargeBus
20560,MediumTruck65571,N2_LRP214b,0.3029849800246144,MediumTruck
20561,LargeBus65574,N1_LRP064c,0,LargeBus
20562,MediumTruck65578,N2_LRP044c,0,MediumTruck
20563,SmallTruck65579,N2_LRP157a,0,SmallTruck
20564,MiniBus65585,N1_LRP388a,0,MiniBus
20565,MiniBus65585,N1_LRP387f,0,MiniBus
20566,MediumTruck65586,N2_LRP070c,0,MediumTruck
20567,MediumTruck65593,N2_LRP046c,0,MediumTruck
20568,MediumTruck65593,N2_LRP047a,0,MediumTruck
20569,MediumTruck65593,N2_LRP047c,0,MediumTruck
20570,MiniBus65599,N2_LRP163d,0,MiniBus
20571,MiniBus65599,N2_LRP163c,0,MiniBus
20572,MiniBus65599,N2_LRP163b,0,MiniBus
20573,MediumTruck65601,N1_LRP400a,0,MediumTruck
20574,MiniBus65603,N2_LRP214b,1.3029849800246143,MiniBus
20575,MediumTruck65612,N2_LRP206b,0,MediumTruck
20576,MediumTruck65616,N2_LRP054b,0,MediumTruck
20577,LargeBus65617,N1_LRP400a,0,LargeBus
20578,LargeBus65618,N2_LRP066a,0,LargeBus
20579,SmallTruck65619,N2_LRP225c,0.013058295088973038,SmallTruck
20580,SmallTruck65631,N2_LRP172d,0,SmallTruck
20581,SmallTruck65631,N2_LRP172c,0,SmallTruck
20582,LargeBus65632,N2_LRP056a,0,LargeBus
20583,MediumTruck65633,N1_LRP408a,0,MediumTruck
20584,SmallTruck65634,N1_LRP068a,0,SmallTruck
20585,MediumTruck65638,N1_LRP088a,0,MediumTruck
20586,MediumTruck65642,N2_LRP171d,0,MediumTruck
20587,MediumTruck65642,N2_LRP171e,0,MediumTruck
20588,MediumTruck65642,N2_LRP171f,1.3553808783350207,MediumTruck
20589,MiniBus65647,N2_LRP171d,0,MiniBus
20590,MiniBus65647,N2_LRP170j,0,MiniBus
20591,MiniBus65647,N2_LRP170i,0,MiniBus
20592,MiniBus65647,N2_LRP170h,0,MiniBus
20593,MiniBus65647,N2_LRP170g,0,MiniBus
20594,MiniBus65647,N2_LRP170f,2.205506153195243,MiniBus
20595,LargeBus65651,N2_LRP226d,0,LargeBus
20596,LargeBus65651,N2_LRP226c,0,LargeBus
20597,MediumTruck65652,N1_LRP026a,0,MediumTruck
20598,MediumTruck65656,N2_LRP052a,0,MediumTruck
20599,LargeBus65660,N207_LRP061d,0,LargeBus
20600,SmallTruck65667,N2_LRP236a,0,SmallTruck
20601,SmallTruck65667,N2_LRP235a,0,SmallTruck
20602,MediumTruck65668,N1_LRP030a,0,MediumTruck
20603,MiniBus65674,N2_LRP066a,0,MiniBus
20604,MediumTruck65682,N2_LRP046c,0,MediumTruck
20605,MediumTruck65682,N2_LRP047a,0,MediumTruck
20606,MediumTruck65682,N2_LRP047c,0,MediumTruck
20607,LargeBus65683,N2_LRP235a,0,LargeBus
20608,MediumTruck65692,N2_LRP102a,0,MediumTruck
20609,SmallTruck65697,N1_LRP420e,0,SmallTruck
20610,SmallTruck65697,N1_LRP420d,0,SmallTruck
20611,MiniBus65698,N2_LRP047a,0,MiniBus
20612,MiniBus65698,N2_LRP047c,0,MiniBus
20613,MediumTruck65699,N2_LRP243b,0,MediumTruck
20614,SmallTruck65701,N102_LRP038d,0,SmallTruck
20615,LargeBus65707,N2_LRP130b,0,LargeBus
20616,LargeBus65707,N2_LRP130c,0,LargeBus
20617,SmallTruck65709,N2_LRP153b,0,SmallTruck
20618,LargeBus65715,N2_LRP243b,0,LargeBus
20619,MediumTruck65719,N104_LRP010a,0,MediumTruck
20620,MediumTruck65720,N2_LRP038c,0,MediumTruck
20621,MediumTruck65720,N2_LRP039a,0,MediumTruck
20622,SmallTruck65725,N2_LRP158a,0,SmallTruck
20623,MediumTruck65729,N1_LRP426c,0,MediumTruck
20624,MediumTruck65729,N1_LRP426b,0,MediumTruck
20625,MediumTruck65729,N1_LRP426a,0,MediumTruck
20626,MediumTruck65729,N1_LRP425e,0,MediumTruck
20627,MediumTruck65730,N2_LRP035b,0,MediumTruck
20628,LargeBus65745,N1_LRP426e,0,LargeBus
20629,LargeBus65745,N1_LRP426d,0,LargeBus
20630,LargeBus65745,N1_LRP426c,0,LargeBus
20631,LargeBus65745,N1_LRP426b,0,LargeBus
20632,LargeBus65745,N1_LRP426a,0,LargeBus
20633,MediumTruck65753,N105_LRP017c,0,MediumTruck
20634,SmallTruck65755,N204_LRP003b,0,SmallTruck
20635,MiniBus65757,N2_LRP225c,0.06792380559271541,MiniBus
20636,SmallTruck65759,N2_LRP199d,0,SmallTruck
20637,MediumTruck65760,N1_LRP027a,0,MediumTruck
20638,MediumTruck65761,N1_LRP433c,0,MediumTruck
20639,MediumTruck65761,N1_LRP433b,0.066377505795643,MediumTruck
20640,MediumTruck65765,N102_LRP055c,0,MediumTruck
20641,MediumTruck65768,N105_LRP027c,0,MediumTruck
20642,MediumTruck65769,N105_LRP021d,0,MediumTruck
20643,MediumTruck65773,N2_LRP170e,0,MediumTruck
20644,MediumTruck65773,N2_LRP170c,0,MediumTruck
20645,MiniBus65774,N208_LRP031b,0,MiniBus
20646,MediumTruck65775,N208_LRP031b,0,MediumTruck
20647,MediumTruck65777,N1_LRP436a,0,MediumTruck
20648,MediumTruck65779,N2_LRP264a,0,MediumTruck
20649,LargeBus65782,N1_LRP122a,0,LargeBus
20650,SmallTruck65786,N2_LRP140a,0.3281352645072531,SmallTruck
20651,SmallTruck65789,N2_LRP171e,0,SmallTruck
20652,LargeBus65793,N1_LRP438c,0,LargeBus
20653,LargeBus65793,N1_LRP438b,0,LargeBus
20654,LargeBus65794,N2_LRP021b,0,LargeBus
20655,LargeBus65799,N104_LRP028a,0,LargeBus
20656,MediumTruck65804,N2_LRP164a,0,MediumTruck
20657,MediumTruck65804,N2_LRP164b,0,MediumTruck
20658,MediumTruck65804,N2_LRP164d,0,MediumTruck
20659,SmallTruck65805,N2_LRP175f,0,SmallTruck
20660,SmallTruck65805,N2_LRP175e,0,SmallTruck
20661,SmallTruck65805,N2_LRP175d,0,SmallTruck
20662,SmallTruck65805,N2_LRP175c,0,SmallTruck
20663,SmallTruck65807,N2_LRP211c,0,SmallTruck
20664,SmallTruck65809,N1_LRP444e,0,SmallTruck
20665,SmallTruck65809,N1_LRP444d,0,SmallTruck
20666,SmallTruck65809,N1_LRP444c,0,SmallTruck
20667,SmallTruck65809,N1_LRP444b,0,SmallTruck
20668,SmallTruck65809,N1_LRP444a,0,SmallTruck
20669,SmallTruck65820,N2_LRP133a,0,SmallTruck
20670,MediumTruck65823,N2_LRP241c,0,MediumTruck
20671,LargeBus65825,N1_LRP447c,0,LargeBus
20672,LargeBus65825,N1_LRP447b,0,LargeBus
20673,LargeBus65825,N1_LRP447a,0,LargeBus
20674,LargeBus65826,N2_LRP012f,0,LargeBus
20675,SmallTruck65830,N1_LRP137a,0,SmallTruck
20676,MediumTruck65837,N2_LRP183a,0,MediumTruck
20677,MediumTruck65837,N2_LRP182d,0,MediumTruck
20678,HeavyTruck65841,N1_LRP452c,0,HeavyTruck
20679,HeavyTruck65841,N1_LRP452a,0,HeavyTruck
20680,HeavyTruck65841,N1_LRP451e,0,HeavyTruck
20681,SmallTruck65849,N105_LRP042b,0,SmallTruck
20682,MiniBus65852,N2_LRP154c,0,MiniBus
20683,MediumTruck65857,N1_LRP456a,0,MediumTruck
20684,MediumTruck65858,N1_LRP011a,0,MediumTruck
20685,MediumTruck65859,N2_LRP285a,0,MediumTruck
20686,MediumTruck65859,N2_LRP284c,0,MediumTruck
20687,MediumTruck65860,N102_LRP002b,0,MediumTruck
20688,MediumTruck65860,N102_LRP002c,0,MediumTruck
20689,SmallTruck65862,N1_LRP145a,0,SmallTruck
20690,MediumTruck65866,N204_LRP003b,0,MediumTruck
20691,MiniBus65280,N1_LRP166a,0,MiniBus
20692,SmallTruck65281,N1_LRP323b,0,SmallTruck
20693,MiniBus65295,N2_LRP078a,0,MiniBus
20694,LargeBus65298,N2_LRP154c,0,LargeBus
20695,MiniBus65311,N2_LRP079d,0,MiniBus
20696,MiniBus65311,N2_LRP079b,1.1193192373707455,MiniBus
20697,MediumTruck65312,N2_LRP127c,0,MediumTruck
20698,MediumTruck65312,N2_LRP128a,0,MediumTruck
20699,MediumTruck65314,N2_LRP138b,0,MediumTruck
20700,MediumTruck65314,N2_LRP139a,0,MediumTruck
20701,SmallTruck65316,N2_LRP067c,0,SmallTruck
20702,SmallTruck65323,N2_LRP016a,0,SmallTruck
20703,MediumTruck65326,N2_LRP152c,0,MediumTruck
20704,MediumTruck65326,N2_LRP152b,0,MediumTruck
20705,MediumTruck65326,N2_LRP152a,0,MediumTruck
20706,MediumTruck65326,N2_LRP151b,0,MediumTruck
20707,LargeBus65328,N2_LRP135a,0,LargeBus
20708,LargeBus65328,N2_LRP135b,0,LargeBus
20709,SmallTruck65331,N2_LRP160a,0,SmallTruck
20710,MediumTruck65337,N2_LRP106b,0,MediumTruck
20711,MediumTruck65342,N2_LRP156a,0,MediumTruck
20712,SmallTruck65346,N2_LRP125d,0,SmallTruck
20713,SmallTruck65346,N2_LRP126a,0,SmallTruck
20714,SmallTruck65346,N2_LRP126b,0,SmallTruck
20715,SmallTruck65347,N2_LRP166e,0,SmallTruck
20716,SmallTruck65347,N2_LRP166d,0,SmallTruck
20717,MediumTruck65353,N2_LRP104a,0,MediumTruck
20718,MediumTruck65356,N2_LRP021b,0,MediumTruck
20719,MediumTruck65358,N2_LRP162e,0,MediumTruck
20720,MediumTruck65358,N2_LRP162d,0,MediumTruck
20721,MediumTruck65358,N2_LRP162c,0,MediumTruck
20722,MiniBus65361,N1_LRP336a,0,MiniBus
20723,LargeBus65363,N2_LRP156a,0,LargeBus
20724,SmallTruck65373,N2_LRP072a,0,SmallTruck
20725,MediumTruck65384,N2_LRP118g,0,MediumTruck
20726,MiniBus65390,N2_LRP161a,0,MiniBus
20727,MediumTruck65392,N1_LRP122a,0,MediumTruck
20728,LargeBus65394,N2_LRP123d,0,LargeBus
20729,LargeBus65394,N2_LRP123e,0,LargeBus
20730,LargeBus65395,N2_LRP167b,0,LargeBus
20731,LargeBus65395,N2_LRP166e,0,LargeBus
20732,MiniBus65405,N2_LRP070a,0,MiniBus
20733,MiniBus65405,N2_LRP069e,0,MiniBus
20734,MiniBus65405,N2_LRP069c,0,MiniBus
20735,LargeBus65407,N2_LRP106b,0,LargeBus
20736,LargeBus65407,N2_LRP106a,0,LargeBus
20737,MediumTruck65409,N1_LRP351a,0,MediumTruck
20738,MediumTruck65421,N2_LRP086a,0,MediumTruck
20739,LargeBus65422,N2_LRP168a,0,LargeBus
20740,LargeBus65422,N2_LRP167c,0,LargeBus
20741,MediumTruck65426,N1_LRP123a,0,MediumTruck
20742,SmallTruck65427,N2_LRP180a,0,SmallTruck
20743,MediumTruck65429,N1_LRP051a,0,MediumTruck
20744,SmallTruck65430,N1_LRP244a,0,SmallTruck
20745,LargeBus65431,N1_LRP220b,0.35401380975574204,LargeBus
20746,MediumTruck65436,N2_LRP040a,0,MediumTruck
20747,MediumTruck65436,N2_LRP039c,0,MediumTruck
20748,MediumTruck65441,N1_LRP358b,0,MediumTruck
20749,MediumTruck65441,N1_LRP358a,0,MediumTruck
20750,SmallTruck65443,N2_LRP183c,0,SmallTruck
20751,MediumTruck65457,N1_LRP364c,0,MediumTruck
20752,MediumTruck65457,N1_LRP364a,0,MediumTruck
20753,MediumTruck65465,N2_LRP079b,3.0592307574202486,MediumTruck
20754,MediumTruck65474,N2_LRP097a,0,MediumTruck
20755,SmallTruck65483,N2_LRP180c,0,SmallTruck
20756,MediumTruck65489,N1_LRP372c,0,MediumTruck
20757,MediumTruck65489,N1_LRP372a,0,MediumTruck
20758,MediumTruck65497,N2_LRP072a,0,MediumTruck
20759,MiniBus65500,N2_LRP045b,0,MiniBus
20760,MiniBus65502,N2_LRP183d,0.45824277782689127,MiniBus
20761,LargeBus65505,N1_LRP370e,0,LargeBus
20762,HeavyTruck65506,N2_LRP091b,0,HeavyTruck
20763,HeavyTruck65506,N2_LRP092a,0,HeavyTruck
20764,HeavyTruck65506,N2_LRP092b,0,HeavyTruck
20765,LargeBus65507,N2_LRP187b,0,LargeBus
20766,SmallTruck65517,N2_LRP108a,0,SmallTruck
20767,SmallTruck65522,N2_LRP087a,0,SmallTruck
20768,LargeBus65525,N1_LRP098a,0,LargeBus
20769,SmallTruck65532,N2_LRP064a,0,SmallTruck
20770,MediumTruck65535,N2_LRP147d,0,MediumTruck
20771,MediumTruck65535,N2_LRP147b,0,MediumTruck
20772,MediumTruck65535,N2_LRP147a,0,MediumTruck
20773,MediumTruck65536,N2_LRP076a,0,MediumTruck
20774,MediumTruck65537,N1_LRP386c,0,MediumTruck
20775,MediumTruck65537,N1_LRP386a,0,MediumTruck
20776,MediumTruck65537,N1_LRP385g,0,MediumTruck
20777,SmallTruck65539,N2_LRP206b,0,SmallTruck
20778,SmallTruck65552,N2_LRP072a,0,SmallTruck
20779,SmallTruck65553,N1_LRP387b,0,SmallTruck
20780,SmallTruck65553,N1_LRP387a,0,SmallTruck
20781,SmallTruck65553,N1_LRP386f,0,SmallTruck
20782,SmallTruck65553,N1_LRP386e,0,SmallTruck
20783,LargeBus65556,N2_LRP018a,0,LargeBus
20784,SmallTruck65563,N2_LRP074a,0,SmallTruck
20785,MediumTruck65568,N1_LRP077a,0,MediumTruck
20786,LargeBus65570,N2_LRP081a,0,LargeBus
20787,LargeBus65575,N1_LRP109a,0,LargeBus
20788,MediumTruck65578,N2_LRP044a,0,MediumTruck
20789,MediumTruck65578,N2_LRP043d,0,MediumTruck
20790,SmallTruck65579,N2_LRP157b,0,SmallTruck
20791,MiniBus65585,N1_LRP387e,0,MiniBus
20792,MiniBus65585,N1_LRP387b,0,MiniBus
20793,MiniBus65585,N1_LRP387a,0,MiniBus
20794,MediumTruck65589,N102_LRP009a,0,MediumTruck
20795,MediumTruck65593,N2_LRP048a,0,MediumTruck
20796,MiniBus65599,N2_LRP163a,0,MiniBus
20797,MiniBus65599,N2_LRP162e,0,MiniBus
20798,MiniBus65599,N2_LRP162d,0,MiniBus
20799,MiniBus65599,N2_LRP162c,0,MiniBus
20800,MediumTruck65601,N1_LRP398d,2.030040550507382,MediumTruck
20801,MediumTruck65602,N2_LRP066a,0,MediumTruck
20802,SmallTruck65611,N2_LRP087a,0,SmallTruck
20803,MediumTruck65616,N2_LRP055b,0,MediumTruck
20804,MediumTruck65616,N2_LRP056a,0,MediumTruck
20805,LargeBus65617,N1_LRP398d,3.030040550507382,LargeBus
20806,LargeBus65618,N2_LRP067c,0,LargeBus
20807,SmallTruck65620,N104_LRPSa,0,SmallTruck
20808,SmallTruck65631,N2_LRP171f,2.355380878335021,SmallTruck
20809,LargeBus65632,N2_LRP057a,0,LargeBus
20810,LargeBus65632,N2_LRP057b,0,LargeBus
20811,MediumTruck65635,N2_LRP228b,0,MediumTruck
20812,MiniBus65639,N1_LRP127a,0,MiniBus
20813,SmallTruck65644,N207_LRP061d,0,SmallTruck
20814,LargeBus65650,N2_LRP060c,0,LargeBus
20815,LargeBus65650,N2_LRP061a,0,LargeBus
20816,LargeBus65651,N2_LRP225c,0.13110155516119526,LargeBus
20817,MediumTruck65656,N2_LRP053a,0,MediumTruck
20818,MediumTruck65658,N2_LRP064b,0,MediumTruck
20819,MediumTruck65665,N1_LRP412d,0,MediumTruck
20820,MediumTruck65665,N1_LRP412b,0,MediumTruck
20821,HeavyTruck65669,N102_LRP029d,0,HeavyTruck
20822,MediumTruck65679,N208_LRP004c,0,MediumTruck
20823,LargeBus65681,N1_LRP414a,0,LargeBus
20824,MediumTruck65682,N2_LRP048a,0,MediumTruck
20825,MediumTruck65685,N102_LRP034b,0,MediumTruck
20826,SmallTruck65697,N1_LRP420c,0,SmallTruck
20827,SmallTruck65697,N1_LRP420a,0,SmallTruck
20828,MiniBus65698,N2_LRP048a,0,MiniBus
20829,MediumTruck65699,N2_LRP243a,0,MediumTruck
20830,SmallTruck65701,N102_LRP038b,0,SmallTruck
20831,SmallTruck65701,N102_LRP037d,0,SmallTruck
20832,MediumTruck65708,N2_LRP104a,0,MediumTruck
20833,SmallTruck65709,N2_LRP153a,0,SmallTruck
20834,SmallTruck65709,N2_LRP152d,0,SmallTruck
20835,MediumTruck65713,N1_LRP423d,0,MediumTruck
20836,MediumTruck65713,N1_LRP423c,0,MediumTruck
20837,MediumTruck65713,N1_LRP423b,0.07363151406868272,MediumTruck
20838,LargeBus65715,N2_LRP243a,0,LargeBus
20839,MediumTruck65720,N2_LRP039c,0,MediumTruck
20840,MediumTruck65729,N1_LRP425c,0.017825443275256325,MediumTruck
20841,MediumTruck65736,N2_LRP035b,0,MediumTruck
20842,LargeBus65745,N1_LRP425e,0,LargeBus
20843,LargeBus65745,N1_LRP425c,2.291303671733576,LargeBus
20844,MediumTruck65751,N104_LRP017b,0,MediumTruck
20845,MediumTruck65752,N105_LRP032b,0,MediumTruck
20846,MediumTruck65752,N105_LRP032c,0,MediumTruck
20847,SmallTruck65754,N2_LRP090a,0,SmallTruck
20848,MediumTruck65761,N1_LRP432b,0,MediumTruck
20849,MediumTruck65769,N105_LRP020c,0,MediumTruck
20850,MediumTruck65773,N2_LRP170b,0,MediumTruck
20851,MediumTruck65773,N2_LRP170a,0,MediumTruck
20852,MediumTruck65773,N2_LRP169f,0,MediumTruck
20853,MediumTruck65773,N2_LRP169e,0,MediumTruck
20854,MediumTruck65773,N2_LRP169d,0,MediumTruck
20855,MediumTruck65773,N2_LRP169c,0,MediumTruck
20856,MediumTruck65777,N1_LRP435c,0,MediumTruck
20857,MediumTruck65778,N2_LRP024b,0,MediumTruck
20858,MediumTruck65781,N102_LRP058a,0,MediumTruck
20859,MediumTruck65785,N105_LRP024c,0,MediumTruck
20860,SmallTruck65789,N2_LRP171d,0,SmallTruck
20861,SmallTruck65789,N2_LRP170j,0,SmallTruck
20862,SmallTruck65789,N2_LRP170i,0,SmallTruck
20863,SmallTruck65789,N2_LRP170h,0,SmallTruck
20864,SmallTruck65789,N2_LRP170g,0,SmallTruck
20865,SmallTruck65789,N2_LRP170f,2.205506153195243,SmallTruck
20866,MiniBus65790,N208_LRP027b,0,MiniBus
20867,MiniBus65790,N208_LRP027d,0,MiniBus
20868,SmallTruck65792,N2_LRP012c,0,SmallTruck
20869,LargeBus65793,N1_LRP438a,0,LargeBus
20870,MediumTruck65797,N102_LRP062c,0,MediumTruck
20871,MediumTruck65797,N102_LRP062b,0,MediumTruck
20872,MediumTruck65804,N2_LRP165c,0,MediumTruck
20873,MediumTruck65804,N2_LRP165d,0,MediumTruck
20874,SmallTruck65807,N2_LRP211b,0,SmallTruck
20875,SmallTruck65809,N1_LRP443d,0,SmallTruck
20876,SmallTruck65809,N1_LRP443c,0,SmallTruck
20877,MediumTruck65810,N2_LRP016a,0,MediumTruck
20878,MediumTruck65812,N1_LRP098a,0,MediumTruck
20879,LargeBus65819,N204_LRP020b,0,LargeBus
20880,SmallTruck65820,N2_LRP132c,0,SmallTruck
20881,MediumTruck65823,N2_LRP242a,0,MediumTruck
20882,LargeBus65825,N1_LRP446d,0,LargeBus
20883,LargeBus65825,N1_LRP446b,0,LargeBus
20884,SmallTruck65827,N2_LRP276a,0,SmallTruck
20885,MediumTruck65837,N2_LRP182b,0,MediumTruck
20886,MediumTruck65837,N2_LRP182a,0,MediumTruck
20887,SmallTruck65838,N208_LRP011b,0,SmallTruck
20888,HeavyTruck65841,N1_LRP451b,0,HeavyTruck
20889,HeavyTruck65841,N1_LRP450e,0.04672031080964475,HeavyTruck
20890,MiniBus65852,N2_LRP155a,0,MiniBus
20891,MiniBus65855,N2_LRP221b,0,MiniBus
20892,MediumTruck65857,N1_LRP455a,0,MediumTruck
20893,MediumTruck65859,N2_LRP284b,0,MediumTruck
20894,SmallTruck65864,N105_LRP003a,0,SmallTruck
20895,SmallTruck65869,N2_LRP188a,0,SmallTruck
20896,SmallTruck65869,N2_LRP187b,0,SmallTruck
20897,MiniBus65280,N1_LRP166c,0,MiniBus
20898,MiniBus65295,N2_LRP076b,0,MiniBus
20899,LargeBus65298,N2_LRP155a,0,LargeBus
20900,LargeBus65299,N2_LRP135b,0,LargeBus
20901,LargeBus65299,N2_LRP135a,0,LargeBus
20902,LargeBus65308,N1_LRP001a,0,LargeBus
20903,MediumTruck65312,N2_LRP128b,0,MediumTruck
20904,LargeBus65313,N1_LRP325c,0,LargeBus
20905,LargeBus65313,N1_LRP325a,0,LargeBus
20906,MediumTruck65314,N2_LRP139b,0,MediumTruck
20907,MediumTruck65314,N2_LRP140a,0.018825186105099236,MediumTruck
20908,MediumTruck65326,N2_LRP151a,0,MediumTruck
20909,SmallTruck65331,N2_LRP159d,0,SmallTruck
20910,SmallTruck65331,N2_LRP159c,0,SmallTruck
20911,SmallTruck65331,N2_LRP159b,0,SmallTruck
20912,MediumTruck65345,N1_LRP336a,0,MediumTruck
20913,SmallTruck65346,N2_LRP126c,0,SmallTruck
20914,SmallTruck65346,N2_LRP126d,0,SmallTruck
20915,SmallTruck65346,N2_LRP127b,0,SmallTruck
20916,MediumTruck65356,N2_LRP021a,0,MediumTruck
20917,MediumTruck65358,N2_LRP162a,0.16811272893640802,MediumTruck
20918,MediumTruck65360,N1_LRP131b,0,MediumTruck
20919,MiniBus65361,N1_LRP335a,0,MiniBus
20920,LargeBus65363,N2_LRP155a,0,LargeBus
20921,MediumTruck65365,N1_LRP034a,0,MediumTruck
20922,SmallTruck65372,N2_LRP021b,0,SmallTruck
20923,MediumTruck65380,N2_LRP052a,0,MediumTruck
20924,MediumTruck65384,N2_LRP119c,0,MediumTruck
20925,MediumTruck65384,N2_LRP120a,0,MediumTruck
20926,MiniBus65390,N2_LRP160a,0,MiniBus
20927,MiniBus65390,N2_LRP159d,0,MiniBus
20928,MediumTruck65392,N1_LRP123a,0,MediumTruck
20929,LargeBus65394,N2_LRP124c,0,LargeBus
20930,LargeBus65394,N2_LRP125a,0,LargeBus
20931,LargeBus65395,N2_LRP166d,0,LargeBus
20932,MediumTruck65402,N1_LRP012a,0,MediumTruck
20933,MediumTruck65402,N1_LRP012b,0,MediumTruck
20934,MediumTruck65403,N2_LRP035b,0,MediumTruck
20935,MediumTruck65409,N1_LRP350a,0,MediumTruck
20936,LargeBus65411,N2_LRP170e,0,LargeBus
20937,LargeBus65411,N2_LRP170c,0,LargeBus
20938,LargeBus65422,N2_LRP167b,0,LargeBus
20939,LargeBus65422,N2_LRP166e,0,LargeBus
20940,SmallTruck65427,N2_LRP179a,0,SmallTruck
20941,SmallTruck65427,N2_LRP178b,0,SmallTruck
20942,SmallTruck65430,N1_LRP244c,0,SmallTruck
20943,SmallTruck65430,N1_LRP245a,0,SmallTruck
20944,MediumTruck65436,N2_LRP039a,0,MediumTruck
20945,MediumTruck65440,N1_LRP111a,0,MediumTruck
20946,MediumTruck65441,N1_LRP357f,0,MediumTruck
20947,MediumTruck65441,N1_LRP357d,0,MediumTruck
20948,SmallTruck65443,N2_LRP183a,0,SmallTruck
20949,SmallTruck65443,N2_LRP182d,0,SmallTruck
20950,MediumTruck65456,N1_LRP107a,0,MediumTruck
20951,MediumTruck65457,N1_LRP363b,0,MediumTruck
20952,SmallTruck65459,N208_LRP011b,0,SmallTruck
20953,HeavyTruck65460,N2_LRP035b,0,HeavyTruck
20954,MiniBus65470,N2_LRP177a,0,MiniBus
20955,MiniBus65470,N2_LRP176e,0,MiniBus
20956,MiniBus65470,N2_LRP176d,0,MiniBus
20957,MiniBus65470,N2_LRP176c,0,MiniBus
20958,MiniBus65470,N2_LRP176b,0,MiniBus
20959,MediumTruck65473,N1_LRP367a,0,MediumTruck
20960,MediumTruck65474,N2_LRP098b,0.12675872157597562,MediumTruck
20961,SmallTruck65475,N2_LRP188a,0,SmallTruck
20962,SmallTruck65483,N2_LRP181c,0,SmallTruck
20963,SmallTruck65485,N2_LRP098b,0.16403229955648174,SmallTruck
20964,MediumTruck65489,N1_LRP371c,0,MediumTruck
20965,MediumTruck65489,N1_LRP371a,0,MediumTruck
20966,MiniBus65500,N2_LRP044c,0,MiniBus
20967,MiniBus65500,N2_LRP044a,0,MiniBus
20968,MiniBus65502,N2_LRP183c,0,MiniBus
20969,LargeBus65505,N1_LRP370c,0,LargeBus
20970,LargeBus65505,N1_LRP370a,0,LargeBus
20971,LargeBus65505,N1_LRP369c,0,LargeBus
20972,HeavyTruck65506,N2_LRP093a,0,HeavyTruck
20973,LargeBus65507,N2_LRP186d,0,LargeBus
20974,MiniBus65515,N2_LRP175c,0,MiniBus
20975,MediumTruck65535,N2_LRP146a,0,MediumTruck
20976,MediumTruck65536,N2_LRP076b,0,MediumTruck
20977,MediumTruck65545,N2_LRP060c,0,MediumTruck
20978,MediumTruck65545,N2_LRP061a,0,MediumTruck
20979,SmallTruck65553,N1_LRP386c,0,SmallTruck
20980,SmallTruck65553,N1_LRP386a,0,SmallTruck
20981,SmallTruck65553,N1_LRP385g,0,SmallTruck
20982,SmallTruck65563,N2_LRP073g,0,SmallTruck
20983,LargeBus65570,N2_LRP081b,0,LargeBus
20984,MediumTruck65578,N2_LRP043a,0.0904933423346211,MediumTruck
20985,SmallTruck65579,N2_LRP158a,0,SmallTruck
20986,MiniBus65585,N1_LRP386f,0,MiniBus
20987,MiniBus65585,N1_LRP386e,0,MiniBus
20988,MiniBus65585,N1_LRP386c,0,MiniBus
20989,MediumTruck65586,N2_LRP072a,0,MediumTruck
20990,MediumTruck65587,N2_LRP216b,0,MediumTruck
20991,SmallTruck65592,N2_LRP069c,0,SmallTruck
20992,SmallTruck65592,N2_LRP069e,0,SmallTruck
20993,SmallTruck65592,N2_LRP070a,0,SmallTruck
20994,MediumTruck65593,N2_LRP048b,0,MediumTruck
20995,MiniBus65599,N2_LRP162a,0.38926631870944944,MiniBus
20996,MiniBus65600,N1_LRP077a,0,MiniBus
20997,MediumTruck65602,N2_LRP067c,0,MediumTruck
20998,SmallTruck65611,N2_LRP086a,0,SmallTruck
20999,MediumTruck65612,N2_LRP207b,0,MediumTruck
21000,MediumTruck65616,N2_LRP057a,0,MediumTruck
21001,MediumTruck65624,N2_LRP064a,0,MediumTruck
21002,MediumTruck65630,N2_LRP221b,0,MediumTruck
21003,LargeBus65637,N102_LRP015a,0,LargeBus
21004,MediumTruck65656,N2_LRP054a,0,MediumTruck
21005,MediumTruck65658,N2_LRP064a,0,MediumTruck
21006,MediumTruck65665,N1_LRP412a,0,MediumTruck
21007,MediumTruck65665,N1_LRP411b,0,MediumTruck
21008,MediumTruck65682,N2_LRP048b,0,MediumTruck
21009,MediumTruck65685,N102_LRP033c,0,MediumTruck
21010,SmallTruck65697,N1_LRP418b,0,SmallTruck
21011,MiniBus65698,N2_LRP048b,0,MiniBus
21012,MediumTruck65699,N2_LRP242a,0,MediumTruck
21013,HeavyTruck65700,N102_LRP045a,0,HeavyTruck
21014,SmallTruck65701,N102_LRP037c,0,SmallTruck
21015,MediumTruck65705,N105_LRP003a,0,MediumTruck
21016,LargeBus65707,N2_LRP132a,0,LargeBus
21017,LargeBus65707,N2_LRP132b,0,LargeBus
21018,LargeBus65707,N2_LRP132c,0,LargeBus
21019,SmallTruck65709,N2_LRP152c,0,SmallTruck
21020,SmallTruck65709,N2_LRP152b,0,SmallTruck
21021,SmallTruck65709,N2_LRP152a,0,SmallTruck
21022,SmallTruck65709,N2_LRP151b,0,SmallTruck
21023,LargeBus65715,N2_LRP242a,0,LargeBus
21024,MediumTruck65720,N2_LRP040a,0,MediumTruck
21025,MediumTruck65720,N2_LRP040b,0,MediumTruck
21026,MiniBus65721,N2_LRP021a,0,MiniBus
21027,SmallTruck65725,N2_LRP157b,0,SmallTruck
21028,SmallTruck65725,N2_LRP157a,0,SmallTruck
21029,MediumTruck65729,N1_LRP425b,0,MediumTruck
21030,SmallTruck65732,N102_LRP036b,0,SmallTruck
21031,SmallTruck65732,N102_LRP036d,0,SmallTruck
21032,HeavyTruck65733,N102_LRP045a,0,HeavyTruck
21033,MiniBus65738,N2_LRP079a,0,MiniBus
21034,MiniBus65757,N2_LRP226c,0,MiniBus
21035,MiniBus65757,N2_LRP226d,0,MiniBus
21036,MediumTruck65761,N1_LRP432a,0,MediumTruck
21037,MediumTruck65773,N2_LRP169b,0,MediumTruck
21038,MiniBus65774,N208_LRP031d,0,MiniBus
21039,MediumTruck65775,N208_LRP029c,0,MediumTruck
21040,MediumTruck65778,N2_LRP025a,0,MediumTruck
21041,MediumTruck65778,N2_LRP025b,0,MediumTruck
21042,LargeBus65782,N1_LRP120b,0,LargeBus
21043,SmallTruck65786,N2_LRP140c,0.00531520843593161,SmallTruck
21044,MiniBus65790,N208_LRP027f,0,MiniBus
21045,SmallTruck65792,N2_LRP012f,0,SmallTruck
21046,LargeBus65793,N1_LRP437b,0,LargeBus
21047,LargeBus65793,N1_LRP437a,0,LargeBus
21048,SmallTruck65800,N105_LRP020c,0,SmallTruck
21049,MediumTruck65813,N102_LRP065a,0,MediumTruck
21050,MediumTruck65817,N105_LRP032c,0,MediumTruck
21051,MediumTruck65817,N105_LRP032b,0,MediumTruck
21052,SmallTruck65820,N2_LRP132b,0,SmallTruck
21053,SmallTruck65820,N2_LRP132a,0,SmallTruck
21054,MediumTruck65823,N2_LRP243a,0,MediumTruck
21055,LargeBus65825,N1_LRP445d,0,LargeBus
21056,LargeBus65825,N1_LRP445b,0,LargeBus
21057,SmallTruck65830,N1_LRP136a,0,SmallTruck
21058,MediumTruck65837,N2_LRP181c,0,MediumTruck
21059,HeavyTruck65841,N1_LRP450c,0,HeavyTruck
21060,SmallTruck65849,N105_LRP041c,0,SmallTruck
21061,MiniBus65852,N2_LRP156a,0,MiniBus
21062,LargeBus65856,N1_LRP004b,0,LargeBus
21063,MediumTruck65859,N2_LRP283b,0,MediumTruck
21064,SmallTruck65862,N1_LRP143a,0,SmallTruck
21065,SmallTruck65870,N208_LRP004c,0,SmallTruck
21066,MediumTruck65878,N104_LRPSa,0,MediumTruck
21067,MediumTruck65887,N2_LRP228b,0,MediumTruck
21068,MiniBus65280,N1_LRP167a,0,MiniBus
21069,SmallTruck65281,N1_LRP322a,0,SmallTruck
21070,MediumTruck65282,N2_LRP146a,0,MediumTruck
21071,MediumTruck65285,N1_LRP014a,0,MediumTruck
21072,MiniBus65295,N2_LRP076a,0,MiniBus
21073,LargeBus65299,N2_LRP134c,0,LargeBus
21074,MediumTruck65312,N2_LRP129a,0,MediumTruck
21075,MediumTruck65312,N2_LRP129b,0,MediumTruck
21076,MediumTruck65312,N2_LRP129c,0,MediumTruck
21077,MediumTruck65325,N2_LRP061a,0,MediumTruck
21078,SmallTruck65331,N2_LRP158a,0,SmallTruck
21079,MediumTruck65334,N105_LRP003a,0,MediumTruck
21080,MediumTruck65336,N2_LRP132a,0,MediumTruck
21081,MediumTruck65336,N2_LRP132b,0,MediumTruck
21082,MediumTruck65336,N2_LRP132c,0,MediumTruck
21083,MediumTruck65337,N2_LRP108a,0,MediumTruck
21084,MediumTruck65341,N2_LRP067c,0,MediumTruck
21085,MediumTruck65342,N2_LRP155a,0,MediumTruck
21086,MediumTruck65345,N1_LRP335a,0,MediumTruck
21087,SmallTruck65346,N2_LRP127c,0,SmallTruck
21088,SmallTruck65346,N2_LRP128a,0,SmallTruck
21089,SmallTruck65347,N2_LRP165d,0,SmallTruck
21090,SmallTruck65347,N2_LRP165c,0,SmallTruck
21091,SmallTruck65347,N2_LRP164d,0,SmallTruck
21092,MediumTruck65353,N2_LRP106a,0,MediumTruck
21093,MediumTruck65358,N2_LRP161c,0,MediumTruck
21094,MediumTruck65358,N2_LRP161b,0,MediumTruck
21095,LargeBus65363,N2_LRP154c,0,LargeBus
21096,MediumTruck65365,N1_LRP033b,0,MediumTruck
21097,MediumTruck65365,N1_LRP033a,0,MediumTruck
21098,SmallTruck65372,N2_LRP021a,0,SmallTruck
21099,SmallTruck65373,N2_LRP070c,0,SmallTruck
21100,MediumTruck65380,N2_LRP053a,0,MediumTruck
21101,MediumTruck65384,N2_LRP121a,0,MediumTruck
21102,MiniBus65390,N2_LRP159c,0,MiniBus
21103,MiniBus65390,N2_LRP159b,0,MiniBus
21104,LargeBus65394,N2_LRP125b,0,LargeBus
21105,LargeBus65394,N2_LRP125c,0,LargeBus
21106,LargeBus65394,N2_LRP125d,0,LargeBus
21107,LargeBus65394,N2_LRP126a,0,LargeBus
21108,LargeBus65395,N2_LRP165d,0,LargeBus
21109,LargeBus65395,N2_LRP165c,0,LargeBus
21110,MiniBus65405,N2_LRP067c,0,MiniBus
21111,LargeBus65407,N2_LRP104a,0,LargeBus
21112,LargeBus65408,N1_LRP131b,0,LargeBus
21113,LargeBus65411,N2_LRP170b,0,LargeBus
21114,LargeBus65411,N2_LRP170a,0,LargeBus
21115,LargeBus65411,N2_LRP169f,0,LargeBus
21116,LargeBus65411,N2_LRP169e,0,LargeBus
21117,LargeBus65411,N2_LRP169d,0,LargeBus
21118,LargeBus65411,N2_LRP169c,0,LargeBus
21119,MiniBus65418,N1_LRP020a,0,MiniBus
21120,LargeBus65419,N2_LRP025b,0,LargeBus
21121,LargeBus65422,N2_LRP166d,0,LargeBus
21122,MediumTruck65425,N1_LRP353b,0,MediumTruck
21123,MediumTruck65425,N1_LRP353a,0,MediumTruck
21124,MediumTruck65425,N1_LRP352a,0,MediumTruck
21125,SmallTruck65427,N2_LRP178a,0,SmallTruck
21126,SmallTruck65430,N1_LRP245b,0,SmallTruck
21127,SmallTruck65430,N1_LRP246a,0,SmallTruck
21128,LargeBus65431,N1_LRP221a,0,LargeBus
21129,LargeBus65434,N105_LRP030c,0,LargeBus
21130,MediumTruck65436,N2_LRP038c,0,MediumTruck
21131,MediumTruck65440,N1_LRP112a,0,MediumTruck
21132,MediumTruck65441,N1_LRP357c,0,MediumTruck
21133,MediumTruck65441,N1_LRP357a,0,MediumTruck
21134,SmallTruck65443,N2_LRP182b,0,SmallTruck
21135,SmallTruck65443,N2_LRP182a,0,SmallTruck
21136,MediumTruck65446,N1_LRP036c,0,MediumTruck
21137,MiniBus65470,N2_LRP175f,0,MiniBus
21138,MiniBus65470,N2_LRP175e,0,MiniBus
21139,MiniBus65470,N2_LRP175d,0,MiniBus
21140,MiniBus65470,N2_LRP175c,0,MiniBus
21141,SmallTruck65475,N2_LRP187b,0,SmallTruck
21142,SmallTruck65483,N2_LRP182a,0,SmallTruck
21143,SmallTruck65483,N2_LRP182b,0,SmallTruck
21144,MediumTruck65489,N1_LRP370e,0,MediumTruck
21145,SmallTruck65490,N2_LRP095a,0,SmallTruck
21146,MediumTruck65497,N2_LRP073b,0,MediumTruck
21147,MediumTruck65497,N2_LRP073c,0,MediumTruck
21148,MiniBus65500,N2_LRP043d,0,MiniBus
21149,MiniBus65502,N2_LRP183a,0,MiniBus
21150,MiniBus65502,N2_LRP182d,0,MiniBus
21151,LargeBus65505,N1_LRP369b,0,LargeBus
21152,LargeBus65505,N1_LRP369a,0,LargeBus
21153,LargeBus65507,N2_LRP186c,0,LargeBus
21154,LargeBus65507,N2_LRP186b,0.3988092440227449,LargeBus
21155,MiniBus65515,N2_LRP175d,0,MiniBus
21156,MiniBus65515,N2_LRP175e,0,MiniBus
21157,MiniBus65515,N2_LRP175f,0,MiniBus
21158,MiniBus65515,N2_LRP176b,0,MiniBus
21159,MiniBus65515,N2_LRP176c,0,MiniBus
21160,SmallTruck65517,N2_LRP106b,0,SmallTruck
21161,SmallTruck65517,N2_LRP106a,0,SmallTruck
21162,MediumTruck65521,N1_LRP377f,0,MediumTruck
21163,MediumTruck65523,N2_LRP200c,0,MediumTruck
21164,MediumTruck65537,N1_LRP384a,0,MediumTruck
21165,MediumTruck65538,N2_LRP084a,0,MediumTruck
21166,SmallTruck65552,N2_LRP073b,0,SmallTruck
21167,SmallTruck65552,N2_LRP073c,0,SmallTruck
21168,SmallTruck65563,N2_LRP073c,0,SmallTruck
21169,SmallTruck65563,N2_LRP073b,0,SmallTruck
21170,LargeBus65575,N1_LRP107a,0,LargeBus
21171,SmallTruck65579,N2_LRP159b,0,SmallTruck
21172,SmallTruck65579,N2_LRP159c,0,SmallTruck
21173,MiniBus65585,N1_LRP386a,0,MiniBus
21174,MiniBus65585,N1_LRP385g,0,MiniBus
21175,MediumTruck65587,N2_LRP216a,0,MediumTruck
21176,SmallTruck65592,N2_LRP070c,0,SmallTruck
21177,MiniBus65599,N2_LRP161c,0,MiniBus
21178,MiniBus65599,N2_LRP161b,0,MiniBus
21179,MediumTruck65606,N1_LRP077a,0,MediumTruck
21180,MediumTruck65616,N2_LRP057b,0,MediumTruck
21181,SmallTruck65619,N2_LRP224b,0,SmallTruck
21182,LargeBus65621,N102_LRP009a,0,LargeBus
21183,MediumTruck65623,N1_LRP127a,0,MediumTruck
21184,MediumTruck65624,N2_LRP064b,0,MediumTruck
21185,LargeBus65632,N2_LRP058c,0,LargeBus
21186,LargeBus65632,N2_LRP059a,0,LargeBus
21187,MediumTruck65635,N2_LRP226d,0,MediumTruck
21188,MediumTruck65635,N2_LRP226c,0,MediumTruck
21189,LargeBus65636,N1_LRP014a,0,LargeBus
21190,MediumTruck65642,N2_LRP172c,0,MediumTruck
21191,MediumTruck65642,N2_LRP172d,0,MediumTruck
21192,MiniBus65647,N2_LRP170e,0,MiniBus
21193,MiniBus65647,N2_LRP170c,0,MiniBus
21194,LargeBus65649,N1_LRP403a,0,LargeBus
21195,LargeBus65651,N2_LRP224b,0,LargeBus
21196,MediumTruck65656,N2_LRP054b,0,MediumTruck
21197,MediumTruck65665,N1_LRP411a,0,MediumTruck
21198,HeavyTruck65669,N102_LRP028c,0,HeavyTruck
21199,MiniBus65674,N2_LRP064b,0,MiniBus
21200,MiniBus65674,N2_LRP064a,0,MiniBus
21201,LargeBus65676,N2_LRP199d,0,LargeBus
21202,LargeBus65677,N2_LRP141b,0,LargeBus
21203,LargeBus65677,N2_LRP141a,0,LargeBus
21204,LargeBus65681,N1_LRP412d,0,LargeBus
21205,LargeBus65681,N1_LRP412b,0,LargeBus
21206,MediumTruck65686,N1_LRP098a,0,MediumTruck
21207,MiniBus65698,N2_LRP050a,0,MiniBus
21208,MediumTruck65699,N2_LRP241c,0,MediumTruck
21209,SmallTruck65701,N102_LRP036d,0,SmallTruck
21210,SmallTruck65701,N102_LRP036b,0,SmallTruck
21211,MiniBus65702,N1_LRP098a,0,MiniBus
21212,LargeBus65707,N2_LRP133a,0,LargeBus
21213,MediumTruck65708,N2_LRP103c,0,MediumTruck
21214,SmallTruck65709,N2_LRP151a,0,SmallTruck
21215,MediumTruck65711,N208_LRP011b,0,MediumTruck
21216,MediumTruck65713,N1_LRP422b,0,MediumTruck
21217,MediumTruck65713,N1_LRP421f,0,MediumTruck
21218,LargeBus65715,N2_LRP241c,0,LargeBus
21219,MediumTruck65720,N2_LRP041b,0,MediumTruck
21220,MiniBus65721,N2_LRP021b,0,MiniBus
21221,SmallTruck65725,N2_LRP156a,0,SmallTruck
21222,SmallTruck65727,N2_LRP188a,0,SmallTruck
21223,MediumTruck65729,N1_LRP425a,0,MediumTruck
21224,MediumTruck65729,N1_LRP424e,0,MediumTruck
21225,MediumTruck65730,N2_LRP038c,0,MediumTruck
21226,HeavyTruck65731,N2_LRP249a,0,HeavyTruck
21227,SmallTruck65732,N102_LRP037c,0,SmallTruck
21228,SmallTruck65732,N102_LRP037d,0,SmallTruck
21229,MiniBus65738,N2_LRP078a,0,MiniBus
21230,MediumTruck65748,N102_LRP033c,0,MediumTruck
21231,MediumTruck65758,N208_LRP034c,0,MediumTruck
21232,MediumTruck65758,N208_LRP034d,0,MediumTruck
21233,MediumTruck65760,N1_LRP030a,0,MediumTruck
21234,MediumTruck65761,N1_LRP431d,0.2040633370539858,MediumTruck
21235,MediumTruck65773,N2_LRP168c,0,MediumTruck
21236,MediumTruck65773,N2_LRP168a,0,MediumTruck
21237,MediumTruck65775,N208_LRP028d,0,MediumTruck
21238,MediumTruck65779,N2_LRP262a,0,MediumTruck
21239,MediumTruck65779,N2_LRP261b,0,MediumTruck
21240,LargeBus65780,N102_LRP028c,0,LargeBus
21241,MediumTruck65785,N105_LRP023c,0,MediumTruck
21242,MiniBus65790,N208_LRP028d,0,MiniBus
21243,LargeBus65793,N1_LRP436a,0,LargeBus
21244,LargeBus65793,N1_LRP435c,0,LargeBus
21245,SmallTruck65800,N105_LRP021d,0,SmallTruck
21246,MediumTruck65801,N105_LRP027c,0,MediumTruck
21247,MediumTruck65804,N2_LRP166d,0,MediumTruck
21248,MediumTruck65804,N2_LRP166e,0,MediumTruck
21249,MediumTruck65804,N2_LRP167b,0,MediumTruck
21250,SmallTruck65809,N1_LRP441a,0,SmallTruck
21251,MediumTruck65814,N104_LRP017b,0,MediumTruck
21252,MediumTruck65816,N105_LRP017c,0,MediumTruck
21253,SmallTruck65818,N204_LRP020b,0,SmallTruck
21254,MediumTruck65823,N2_LRP243b,0,MediumTruck
21255,LargeBus65825,N1_LRP444e,0,LargeBus
21256,LargeBus65825,N1_LRP444d,0,LargeBus
21257,LargeBus65825,N1_LRP444c,0,LargeBus
21258,SmallTruck65827,N2_LRP274e,0,SmallTruck
21259,MediumTruck65837,N2_LRP180c,0,MediumTruck
21260,HeavyTruck65841,N1_LRP450a,0,HeavyTruck
21261,SmallTruck65849,N105_LRP040c,0,SmallTruck
21262,MiniBus65852,N2_LRP157a,0,MiniBus
21263,MiniBus65855,N2_LRP219a,0,MiniBus
21264,MediumTruck65863,N104_LRP044d,0,MediumTruck
21265,SmallTruck65869,N2_LRP186d,0,SmallTruck
21266,SmallTruck65869,N2_LRP186c,0,SmallTruck
21267,MediumTruck65877,N102_LRP082a,0,MediumTruck
21268,MiniBus65280,N1_LRP169a,0,MiniBus
21269,SmallTruck65281,N1_LRP321d,0,SmallTruck
21270,SmallTruck65281,N1_LRP321b,0,SmallTruck
21271,MediumTruck65282,N2_LRP147a,0,MediumTruck
21272,MediumTruck65282,N2_LRP147b,0,MediumTruck
21273,MediumTruck65285,N1_LRP012b,0,MediumTruck
21274,MediumTruck65285,N1_LRP012a,0,MediumTruck
21275,MediumTruck65289,N102_LRP033c,0,MediumTruck
21276,MediumTruck65297,N1_LRP327a,1.6383231267538843,MediumTruck
21277,LargeBus65298,N2_LRP156a,0,LargeBus
21278,LargeBus65298,N2_LRP157a,0,LargeBus
21279,LargeBus65299,N2_LRP134b,0,LargeBus
21280,LargeBus65299,N2_LRP133a,0,LargeBus
21281,MiniBus65311,N2_LRP079a,0,MiniBus
21282,MediumTruck65312,N2_LRP130a,0,MediumTruck
21283,MediumTruck65312,N2_LRP130b,0,MediumTruck
21284,MediumTruck65312,N2_LRP130c,0,MediumTruck
21285,LargeBus65313,N1_LRP323b,0,LargeBus
21286,MediumTruck65314,N2_LRP140c,0.13930408863794475,MediumTruck
21287,SmallTruck65316,N2_LRP069c,0,SmallTruck
21288,SmallTruck65316,N2_LRP069e,0,SmallTruck
21289,SmallTruck65316,N2_LRP070a,0,SmallTruck
21290,MediumTruck65321,N2_LRP117a,0.009494567924872186,MediumTruck
21291,MediumTruck65325,N2_LRP060c,0,MediumTruck
21292,LargeBus65328,N2_LRP138a,0,LargeBus
21293,MediumTruck65336,N2_LRP133a,0,MediumTruck
21294,MediumTruck65341,N2_LRP066a,0,MediumTruck
21295,MediumTruck65342,N2_LRP154c,0,MediumTruck
21296,SmallTruck65346,N2_LRP128b,0,SmallTruck
21297,SmallTruck65347,N2_LRP164b,0,SmallTruck
21298,SmallTruck65347,N2_LRP164a,0,SmallTruck
21299,HeavyTruck65352,N102_LRP065a,0,HeavyTruck
21300,MediumTruck65353,N2_LRP106b,0,MediumTruck
21301,SmallTruck65355,N2_LRP211b,0,SmallTruck
21302,MediumTruck65358,N2_LRP161a,0,MediumTruck
21303,MiniBus65361,N1_LRP333a,0,MiniBus
21304,LargeBus65363,N2_LRP153b,0,LargeBus
21305,SmallTruck65373,N2_LRP070a,0,SmallTruck
21306,SmallTruck65373,N2_LRP069e,0,SmallTruck
21307,SmallTruck65373,N2_LRP069c,0,SmallTruck
21308,MediumTruck65380,N2_LRP054a,0,MediumTruck
21309,MediumTruck65382,N1_LRP020a,0,MediumTruck
21310,MediumTruck65384,N2_LRP121c,0,MediumTruck
21311,MediumTruck65387,N2_LRP029b,0,MediumTruck
21312,MiniBus65390,N2_LRP158a,0,MiniBus
21313,LargeBus65394,N2_LRP126b,0,LargeBus
21314,LargeBus65394,N2_LRP126c,0,LargeBus
21315,LargeBus65394,N2_LRP126d,0,LargeBus
21316,LargeBus65395,N2_LRP164d,0,LargeBus
21317,LargeBus65395,N2_LRP164b,0,LargeBus
21318,LargeBus65395,N2_LRP164a,0,LargeBus
21319,MediumTruck65402,N1_LRP014a,0,MediumTruck
21320,MiniBus65405,N2_LRP066a,0,MiniBus
21321,LargeBus65407,N2_LRP103c,0,LargeBus
21322,MediumTruck65409,N1_LRP349a,0,MediumTruck
21323,MediumTruck65409,N1_LRP348b,0,MediumTruck
21324,LargeBus65411,N2_LRP169b,0,LargeBus
21325,LargeBus65411,N2_LRP168c,0,LargeBus
21326,LargeBus65419,N2_LRP025a,0,LargeBus
21327,LargeBus65419,N2_LRP024b,0,LargeBus
21328,MediumTruck65421,N2_LRP084a,0,MediumTruck
21329,LargeBus65422,N2_LRP165d,0,LargeBus
21330,LargeBus65422,N2_LRP165c,0,LargeBus
21331,SmallTruck65427,N2_LRP177a,0,SmallTruck
21332,SmallTruck65430,N1_LRP246b,0,SmallTruck
21333,LargeBus65431,N1_LRP223a,0.3462355660537425,LargeBus
21334,MiniBus65442,N2_LRP117a,0.009682727273747967,MiniBus
21335,SmallTruck65443,N2_LRP181c,0,SmallTruck
21336,MediumTruck65446,N1_LRP035a,0,MediumTruck
21337,MediumTruck65456,N1_LRP109a,0,MediumTruck
21338,SmallTruck65475,N2_LRP186d,0,SmallTruck
21339,SmallTruck65483,N2_LRP182d,0,SmallTruck
21340,SmallTruck65483,N2_LRP183a,0,SmallTruck
21341,SmallTruck65485,N2_LRP097a,0,SmallTruck
21342,MediumTruck65489,N1_LRP370c,0,MediumTruck
21343,MediumTruck65489,N1_LRP370a,0,MediumTruck
21344,MediumTruck65489,N1_LRP369c,0,MediumTruck
21345,SmallTruck65490,N2_LRP096a,0,SmallTruck
21346,SmallTruck65490,N2_LRP096c,0,SmallTruck
21347,MediumTruck65497,N2_LRP073g,0,MediumTruck
21348,MiniBus65500,N2_LRP043a,0.09199933202041108,MiniBus
21349,MiniBus65502,N2_LRP182b,0,MiniBus
21350,MiniBus65502,N2_LRP182a,0,MiniBus
21351,LargeBus65505,N1_LRP368a,0.014097688646216787,LargeBus
21352,SmallTruck65511,N1_LRP098a,0,SmallTruck
21353,MiniBus65515,N2_LRP176d,0,MiniBus
21354,MiniBus65515,N2_LRP176e,0,MiniBus
21355,MiniBus65515,N2_LRP177a,0,MiniBus
21356,SmallTruck65519,N2_LRP141b,0,SmallTruck
21357,MediumTruck65521,N1_LRP377d,0,MediumTruck
21358,MediumTruck65521,N1_LRP377c,0,MediumTruck
21359,MediumTruck65521,N1_LRP377a,0,MediumTruck
21360,SmallTruck65522,N2_LRP090a,0,SmallTruck
21361,MediumTruck65523,N2_LRP199d,0,MediumTruck
21362,MediumTruck65536,N2_LRP078a,0,MediumTruck
21363,MediumTruck65537,N1_LRP383b,0,MediumTruck
21364,MediumTruck65551,N2_LRP148b,0,MediumTruck
21365,SmallTruck65552,N2_LRP073g,0,SmallTruck
21366,SmallTruck65553,N1_LRP384a,0,SmallTruck
21367,MediumTruck65555,N2_LRP207b,0,MediumTruck
21368,LargeBus65556,N2_LRP021a,0,LargeBus
21369,MediumTruck65571,N2_LRP211c,0,MediumTruck
21370,MediumTruck65578,N2_LRP042a,0,MediumTruck
21371,SmallTruck65579,N2_LRP159d,0,SmallTruck
21372,SmallTruck65579,N2_LRP160a,0,SmallTruck
21373,MiniBus65585,N1_LRP384a,0,MiniBus
21374,MediumTruck65586,N2_LRP073b,0,MediumTruck
21375,MediumTruck65586,N2_LRP073c,0,MediumTruck
21376,MediumTruck65593,N2_LRP050a,0,MediumTruck
21377,MiniBus65599,N2_LRP161a,0,MiniBus
21378,LargeBus65618,N2_LRP069c,0,LargeBus
21379,LargeBus65618,N2_LRP069e,0,LargeBus
21380,LargeBus65618,N2_LRP070a,0,LargeBus
21381,LargeBus65618,N2_LRP070c,0,LargeBus
21382,MediumTruck65627,N2_LRP146a,0,MediumTruck
21383,MediumTruck65630,N2_LRP219a,0,MediumTruck
21384,SmallTruck65631,N2_LRP171e,0,SmallTruck
21385,LargeBus65636,N1_LRP012b,0,LargeBus
21386,LargeBus65636,N1_LRP012a,0,LargeBus
21387,MiniBus65647,N2_LRP170b,0,MiniBus
21388,MiniBus65647,N2_LRP170a,0,MiniBus
21389,MiniBus65647,N2_LRP169f,0,MiniBus
21390,MiniBus65647,N2_LRP169e,0,MiniBus
21391,MiniBus65647,N2_LRP169d,0,MiniBus
21392,MiniBus65647,N2_LRP169c,0,MiniBus
21393,LargeBus65649,N1_LRP402b,0,LargeBus
21394,MediumTruck65652,N1_LRP023a,0,MediumTruck
21395,MediumTruck65656,N2_LRP055b,0,MediumTruck
21396,MediumTruck65656,N2_LRP056a,0,MediumTruck
21397,MediumTruck65665,N1_LRP410c,0.009515421122471305,MediumTruck
21398,MediumTruck65666,N1_LRP064c,0,MediumTruck
21399,MediumTruck65668,N1_LRP027a,0,MediumTruck
21400,MediumTruck65668,N1_LRP026b,0,MediumTruck
21401,LargeBus65676,N2_LRP200c,0,LargeBus
21402,LargeBus65677,N2_LRP140c,1.1393040886379446,LargeBus
21403,MediumTruck65680,N1_LRP051a,0,MediumTruck
21404,LargeBus65681,N1_LRP412a,0,LargeBus
21405,LargeBus65681,N1_LRP411b,0,LargeBus
21406,LargeBus65681,N1_LRP411a,0,LargeBus
21407,MediumTruck65682,N2_LRP050a,0,MediumTruck
21408,LargeBus65683,N2_LRP231d,0,LargeBus
21409,LargeBus65683,N2_LRP231c,0,LargeBus
21410,SmallTruck65697,N1_LRP417d,0.08968521998925864,SmallTruck
21411,LargeBus65707,N2_LRP134b,0,LargeBus
21412,MediumTruck65708,N2_LRP102a,0,MediumTruck
21413,MediumTruck65713,N1_LRP421d,0,MediumTruck
21414,MediumTruck65720,N2_LRP042a,0,MediumTruck
21415,SmallTruck65727,N2_LRP187b,0,SmallTruck
21416,MediumTruck65729,N1_LRP424c,0,MediumTruck
21417,MediumTruck65729,N1_LRP424b,0,MediumTruck
21418,MediumTruck65729,N1_LRP424a,0.005418667713660847,MediumTruck
21419,MediumTruck65730,N2_LRP039a,0,MediumTruck
21420,SmallTruck65732,N102_LRP038b,0,SmallTruck
21421,SmallTruck65732,N102_LRP038d,0,SmallTruck
21422,MiniBus65738,N2_LRP076b,0,MiniBus
21423,LargeBus65745,N1_LRP425b,0,LargeBus
21424,LargeBus65745,N1_LRP425a,0,LargeBus
21425,LargeBus65747,N2_LRP249a,0,LargeBus
21426,MediumTruck65748,N102_LRP034b,0,MediumTruck
21427,MediumTruck65752,N105_LRP035d,0,MediumTruck
21428,SmallTruck65754,N2_LRP087a,0,SmallTruck
21429,MiniBus65757,N2_LRP228b,0,MiniBus
21430,MediumTruck65768,N105_LRP030c,0,MediumTruck
21431,MediumTruck65773,N2_LRP167c,0,MediumTruck
21432,MediumTruck65773,N2_LRP167b,0,MediumTruck
21433,MediumTruck65775,N208_LRP027f,0,MediumTruck
21434,MediumTruck65775,N208_LRP027d,0,MediumTruck
21435,SmallTruck65776,N1_LRP026a,0,SmallTruck
21436,SmallTruck65776,N1_LRP026b,0,SmallTruck
21437,MediumTruck65777,N1_LRP433c,0,MediumTruck
21438,MediumTruck65777,N1_LRP433b,0.2927717474731803,MediumTruck
21439,MediumTruck65779,N2_LRP261a,0,MediumTruck
21440,LargeBus65782,N1_LRP119a,0,LargeBus
21441,MediumTruck65785,N105_LRP022c,0,MediumTruck
21442,SmallTruck65786,N2_LRP141a,0,SmallTruck
21443,SmallTruck65786,N2_LRP141b,0,SmallTruck
21444,SmallTruck65789,N2_LRP170e,0,SmallTruck
21445,SmallTruck65789,N2_LRP170c,0,SmallTruck
21446,MiniBus65790,N208_LRP029c,0,MiniBus
21447,LargeBus65794,N2_LRP024b,0,LargeBus
21448,LargeBus65794,N2_LRP025a,0,LargeBus
21449,SmallTruck65800,N105_LRP022c,0,SmallTruck
21450,MediumTruck65804,N2_LRP167c,0,MediumTruck
21451,SmallTruck65805,N2_LRP172d,0,SmallTruck
21452,SmallTruck65805,N2_LRP172c,0,SmallTruck
21453,MediumTruck65810,N2_LRP018a,0,MediumTruck
21454,MediumTruck65817,N105_LRP030c,0,MediumTruck
21455,SmallTruck65820,N2_LRP130c,0,SmallTruck
21456,SmallTruck65820,N2_LRP130b,0,SmallTruck
21457,LargeBus65825,N1_LRP444b,0,LargeBus
21458,LargeBus65825,N1_LRP444a,0,LargeBus
21459,LargeBus65825,N1_LRP443d,0,LargeBus
21460,LargeBus65826,N2_LRP016a,0,LargeBus
21461,SmallTruck65830,N1_LRP134a,0,SmallTruck
21462,SmallTruck65833,N105_LRP035d,0,SmallTruck
21463,MediumTruck65837,N2_LRP180a,0,MediumTruck
21464,LargeBus65840,N1_LRP010b,0,LargeBus
21465,LargeBus65840,N1_LRP010c,0,LargeBus
21466,LargeBus65840,N1_LRP011a,0,LargeBus
21467,HeavyTruck65841,N1_LRP449d,0,HeavyTruck
21468,HeavyTruck65841,N1_LRP449c,0,HeavyTruck
21469,LargeBus65842,N2_LRP012c,0,LargeBus
21470,SmallTruck65849,N105_LRP039b,0,SmallTruck
21471,MiniBus65852,N2_LRP157b,0,MiniBus
21472,MediumTruck65857,N1_LRP452e,0,MediumTruck
21473,MediumTruck65857,N1_LRP452d,0,MediumTruck
21474,SmallTruck65862,N1_LRP142a,0,SmallTruck
21475,SmallTruck65864,N105_LRP005c,0,SmallTruck
21476,SmallTruck65864,N105_LRP006a,0,SmallTruck
21477,SmallTruck65869,N2_LRP186b,1.6097798965318915,SmallTruck
21478,MediumTruck65872,N1_LRP001a,0,MediumTruck
21479,LargeBus65873,N1_LRP456c,0,LargeBus
21480,HeavyTruck65874,N1_LRP010b,0,HeavyTruck
21481,HeavyTruck65874,N1_LRP010c,0,HeavyTruck
21482,LargeBus65875,N2_LRP285c,0,LargeBus
21483,LargeBus65875,N2_LRP285a,0,LargeBus
21484,MiniBus65885,N207_LRP066b,0,MiniBus
21485,MediumTruck65887,N2_LRP226d,0,MediumTruck
21486,MediumTruck65887,N2_LRP226c,0,MediumTruck
21487,SmallTruck65281,N1_LRP321a,0,SmallTruck
21488,MediumTruck65282,N2_LRP147d,0,MediumTruck
21489,MediumTruck65282,N2_LRP148b,0,MediumTruck
21490,MediumTruck65289,N102_LRP034b,0,MediumTruck
21491,MiniBus65295,N2_LRP074a,0,MiniBus
21492,LargeBus65298,N2_LRP157b,0,LargeBus
21493,SmallTruck65304,N104_LRP017b,0,SmallTruck
21494,MiniBus65311,N2_LRP078a,0,MiniBus
21495,SmallTruck65316,N2_LRP070c,0,SmallTruck
21496,MediumTruck65321,N2_LRP117b,0,MediumTruck
21497,SmallTruck65323,N2_LRP012f,0,SmallTruck
21498,MediumTruck65325,N2_LRP059a,0,MediumTruck
21499,LargeBus65328,N2_LRP138b,0,LargeBus
21500,LargeBus65328,N2_LRP139a,0,LargeBus
21501,SmallTruck65331,N2_LRP157b,0,SmallTruck
21502,SmallTruck65331,N2_LRP157a,0,SmallTruck
21503,MediumTruck65336,N2_LRP134b,0,MediumTruck
21504,MediumTruck65336,N2_LRP134c,0,MediumTruck
21505,MediumTruck65342,N2_LRP153b,0,MediumTruck
21506,MediumTruck65342,N2_LRP153a,0,MediumTruck
21507,MediumTruck65345,N1_LRP333a,0,MediumTruck
21508,SmallTruck65346,N2_LRP129a,0,SmallTruck
21509,SmallTruck65346,N2_LRP129b,0,SmallTruck
21510,SmallTruck65346,N2_LRP129c,0,SmallTruck
21511,SmallTruck65347,N2_LRP163d,0,SmallTruck
21512,SmallTruck65347,N2_LRP163c,0,SmallTruck
21513,SmallTruck65347,N2_LRP163b,0,SmallTruck
21514,SmallTruck65347,N2_LRP163a,0,SmallTruck
21515,SmallTruck65355,N2_LRP211c,0,SmallTruck
21516,MediumTruck65356,N2_LRP018a,0,MediumTruck
21517,MediumTruck65358,N2_LRP160a,0,MediumTruck
21518,MediumTruck65360,N1_LRP134a,0,MediumTruck
21519,MiniBus65361,N1_LRP332c,0,MiniBus
21520,MiniBus65361,N1_LRP332b,0,MiniBus
21521,LargeBus65363,N2_LRP153a,0,LargeBus
21522,LargeBus65363,N2_LRP152d,0,LargeBus
21523,LargeBus65363,N2_LRP152c,0,LargeBus
21524,LargeBus65376,N1_LRP142a,0,LargeBus
21525,MediumTruck65377,N1_LRP342c,0,MediumTruck
21526,MediumTruck65377,N1_LRP342a,1.5926535882956614,MediumTruck
21527,MediumTruck65380,N2_LRP054b,0,MediumTruck
21528,MediumTruck65384,N2_LRP122b,0,MediumTruck
21529,MiniBus65390,N2_LRP157b,0,MiniBus
21530,MiniBus65390,N2_LRP157a,0,MiniBus
21531,LargeBus65394,N2_LRP127b,0,LargeBus
21532,LargeBus65394,N2_LRP127c,0,LargeBus
21533,LargeBus65395,N2_LRP163d,0,LargeBus
21534,LargeBus65395,N2_LRP163c,0,LargeBus
21535,LargeBus65395,N2_LRP163b,0,LargeBus
21536,LargeBus65407,N2_LRP102a,0,LargeBus
21537,LargeBus65408,N1_LRP134a,0,LargeBus
21538,MediumTruck65409,N1_LRP348a,0,MediumTruck
21539,MediumTruck65410,N2_LRP117a,0.0810797984548955,MediumTruck
21540,LargeBus65411,N2_LRP168a,0,LargeBus
21541,LargeBus65411,N2_LRP167c,0,LargeBus
21542,LargeBus65422,N2_LRP164d,0,LargeBus
21543,LargeBus65422,N2_LRP164b,0,LargeBus
21544,LargeBus65422,N2_LRP164a,0,LargeBus
21545,MediumTruck65425,N1_LRP351a,0,MediumTruck
21546,SmallTruck65427,N2_LRP176e,0,SmallTruck
21547,SmallTruck65427,N2_LRP176d,0,SmallTruck
21548,SmallTruck65427,N2_LRP176c,0,SmallTruck
21549,SmallTruck65427,N2_LRP176b,0,SmallTruck
21550,LargeBus65434,N105_LRP032b,0,LargeBus
21551,LargeBus65434,N105_LRP032c,0,LargeBus
21552,MiniBus65442,N2_LRP117b,0,MiniBus
21553,SmallTruck65443,N2_LRP180c,0,SmallTruck
21554,MediumTruck65457,N1_LRP360c,0,MediumTruck
21555,MediumTruck65457,N1_LRP360a,0,MediumTruck
21556,MediumTruck65465,N2_LRP079d,0,MediumTruck
21557,MediumTruck65473,N1_LRP364d,0,MediumTruck
21558,SmallTruck65475,N2_LRP186c,0,SmallTruck
21559,MediumTruck65481,N1_LRP068a,0,MediumTruck
21560,SmallTruck65483,N2_LRP183c,0,SmallTruck
21561,SmallTruck65483,N2_LRP183d,0.4439139593207107,SmallTruck
21562,SmallTruck65485,N2_LRP096c,0,SmallTruck
21563,MediumTruck65489,N1_LRP369b,0,MediumTruck
21564,MediumTruck65489,N1_LRP369a,0,MediumTruck
21565,SmallTruck65490,N2_LRP097a,0,SmallTruck
21566,MediumTruck65493,N1_LRP064c,0,MediumTruck
21567,LargeBus65495,N1_LRP083b,0,LargeBus
21568,LargeBus65495,N1_LRP083a,0,LargeBus
21569,MediumTruck65497,N2_LRP074a,0,MediumTruck
21570,MiniBus65502,N2_LRP181c,0,MiniBus
21571,SmallTruck65510,N1_LRP051a,0,SmallTruck
21572,SmallTruck65517,N2_LRP104a,0,SmallTruck
21573,SmallTruck65519,N2_LRP141a,0,SmallTruck
21574,SmallTruck65519,N2_LRP140c,2.1393040886379446,SmallTruck
21575,MediumTruck65521,N1_LRP376a,0,MediumTruck
21576,SmallTruck65532,N2_LRP061a,0,SmallTruck
21577,MediumTruck65536,N2_LRP079a,0,MediumTruck
21578,MediumTruck65537,N1_LRP383a,0,MediumTruck
21579,MediumTruck65537,N1_LRP382b,0,MediumTruck
21580,MediumTruck65538,N2_LRP086a,0,MediumTruck
21581,LargeBus65542,N1_LRP051a,0,LargeBus
21582,MediumTruck65551,N2_LRP147d,0,MediumTruck
21583,MediumTruck65551,N2_LRP147b,0,MediumTruck
21584,MediumTruck65551,N2_LRP147a,0,MediumTruck
21585,SmallTruck65552,N2_LRP074a,0,SmallTruck
21586,SmallTruck65553,N1_LRP383b,0,SmallTruck
21587,LargeBus65556,N2_LRP021b,0,LargeBus
21588,SmallTruck65563,N2_LRP072a,0,SmallTruck
21589,LargeBus65570,N2_LRP084a,0,LargeBus
21590,MediumTruck65571,N2_LRP211b,0,MediumTruck
21591,SmallTruck65573,N102_LRP002c,0,SmallTruck
21592,SmallTruck65573,N102_LRP002b,0,SmallTruck
21593,SmallTruck65573,N102_LRP002a,0,SmallTruck
21594,LargeBus65575,N1_LRP105a,0,LargeBus
21595,MediumTruck65578,N2_LRP041b,0,MediumTruck
21596,SmallTruck65579,N2_LRP161a,0,SmallTruck
21597,MiniBus65585,N1_LRP383b,0,MiniBus
21598,MediumTruck65586,N2_LRP073g,0,MediumTruck
21599,MediumTruck65587,N2_LRP214b,0.03620113834708604,MediumTruck
21600,SmallTruck65592,N2_LRP072a,0,SmallTruck
21601,MiniBus65599,N2_LRP160a,0,MiniBus
21602,MiniBus65599,N2_LRP159d,0,MiniBus
21603,MediumTruck65601,N1_LRP398a,0,MediumTruck
21604,MediumTruck65602,N2_LRP069c,0,MediumTruck
21605,MediumTruck65602,N2_LRP069e,0,MediumTruck
21606,MediumTruck65602,N2_LRP070a,0,MediumTruck
21607,MiniBus65603,N2_LRP211c,0,MiniBus
21608,MiniBus65603,N2_LRP211b,0,MiniBus
21609,SmallTruck65611,N2_LRP084a,0,SmallTruck
21610,MediumTruck65616,N2_LRP058c,0,MediumTruck
21611,MediumTruck65616,N2_LRP059a,0,MediumTruck
21612,LargeBus65617,N1_LRP398a,0,LargeBus
21613,MediumTruck65624,N2_LRP066a,0,MediumTruck
21614,MediumTruck65627,N2_LRP147a,0,MediumTruck
21615,MediumTruck65627,N2_LRP147b,0,MediumTruck
21616,SmallTruck65631,N2_LRP171d,0,SmallTruck
21617,SmallTruck65631,N2_LRP170j,0,SmallTruck
21618,SmallTruck65631,N2_LRP170i,0,SmallTruck
21619,SmallTruck65631,N2_LRP170h,0,SmallTruck
21620,SmallTruck65631,N2_LRP170g,0,SmallTruck
21621,SmallTruck65631,N2_LRP170f,0.030631539517264682,SmallTruck
21622,LargeBus65632,N2_LRP060c,0,LargeBus
21623,LargeBus65632,N2_LRP061a,0,LargeBus
21624,MediumTruck65635,N2_LRP225c,0.14390163924567,MediumTruck
21625,MediumTruck65638,N1_LRP083b,0,MediumTruck
21626,MiniBus65639,N1_LRP123a,0,MiniBus
21627,MiniBus65647,N2_LRP169b,0,MiniBus
21628,MiniBus65647,N2_LRP168c,0,MiniBus
21629,SmallTruck65653,N102_LRP022a,0,SmallTruck
21630,SmallTruck65654,N1_LRP088a,0,SmallTruck
21631,MediumTruck65656,N2_LRP057a,0,MediumTruck
21632,LargeBus65660,N207_LRP066b,0,LargeBus
21633,MediumTruck65665,N1_LRP410b,0,MediumTruck
21634,SmallTruck65667,N2_LRP231d,0,SmallTruck
21635,SmallTruck65667,N2_LRP231c,0,SmallTruck
21636,MediumTruck65668,N1_LRP026a,0,MediumTruck
21637,LargeBus65681,N1_LRP410c,0.09600100383248347,LargeBus
21638,LargeBus65683,N2_LRP230e,0,LargeBus
21639,MediumTruck65699,N2_LRP240a,0,MediumTruck
21640,LargeBus65707,N2_LRP134c,0,LargeBus
21641,LargeBus65707,N2_LRP135a,0,LargeBus
21642,MediumTruck65713,N1_LRP420e,0,MediumTruck
21643,MediumTruck65713,N1_LRP420d,0,MediumTruck
21644,LargeBus65715,N2_LRP240a,0,LargeBus
21645,HeavyTruck65717,N102_LRP038d,0,HeavyTruck
21646,MediumTruck65720,N2_LRP043a,0.34491647395377295,MediumTruck
21647,SmallTruck65725,N2_LRP155a,0,SmallTruck
21648,SmallTruck65727,N2_LRP186d,0,SmallTruck
21649,MediumTruck65730,N2_LRP039c,0,MediumTruck
21650,MediumTruck65730,N2_LRP040a,0,MediumTruck
21651,HeavyTruck65731,N2_LRP248a,0,HeavyTruck
21652,MediumTruck65735,N104_LRP010a,0,MediumTruck
21653,MediumTruck65736,N2_LRP038c,0,MediumTruck
21654,MediumTruck65736,N2_LRP039a,0,MediumTruck
21655,MiniBus65738,N2_LRP076a,0,MiniBus
21656,LargeBus65745,N1_LRP424e,0,LargeBus
21657,LargeBus65745,N1_LRP424c,0,LargeBus
21658,LargeBus65745,N1_LRP424b,0,LargeBus
21659,LargeBus65745,N1_LRP424a,0.5439722867722103,LargeBus
21660,LargeBus65747,N2_LRP248a,0,LargeBus
21661,SmallTruck65754,N2_LRP086a,0,SmallTruck
21662,SmallTruck65755,N2_LRP118a,0,SmallTruck
21663,SmallTruck65755,N2_LRP118b,0,SmallTruck
21664,MediumTruck65761,N1_LRP431b,0,MediumTruck
21665,MediumTruck65761,N1_LRP431a,0,MediumTruck
21666,MediumTruck65761,N1_LRP430c,0,MediumTruck
21667,MediumTruck65764,N1_LRP051a,0,MediumTruck
21668,MediumTruck65769,N105_LRP017c,0,MediumTruck
21669,SmallTruck65771,N204_LRP003b,0,SmallTruck
21670,MediumTruck65773,N2_LRP166e,0,MediumTruck
21671,MediumTruck65773,N2_LRP166d,0,MediumTruck
21672,MiniBus65774,N208_LRP034c,0,MiniBus
21673,MiniBus65774,N208_LRP034d,0,MiniBus
21674,MediumTruck65775,N208_LRP027b,0,MediumTruck
21675,SmallTruck65776,N1_LRP027a,0,SmallTruck
21676,MediumTruck65777,N1_LRP432b,0,MediumTruck
21677,LargeBus65780,N102_LRP029d,0,LargeBus
21678,MediumTruck65781,N102_LRP055c,0,MediumTruck
21679,LargeBus65782,N1_LRP118d,0,LargeBus
21680,MediumTruck65785,N105_LRP021d,0,MediumTruck
21681,SmallTruck65789,N2_LRP170b,0,SmallTruck
21682,SmallTruck65789,N2_LRP170a,0,SmallTruck
21683,SmallTruck65789,N2_LRP169f,0,SmallTruck
21684,SmallTruck65789,N2_LRP169e,0,SmallTruck
21685,SmallTruck65789,N2_LRP169d,0,SmallTruck
21686,SmallTruck65789,N2_LRP169c,0,SmallTruck
21687,MiniBus65790,N208_LRP031b,0,MiniBus
21688,LargeBus65794,N2_LRP025b,0,LargeBus
21689,MediumTruck65795,N2_LRP264a,0,MediumTruck
21690,SmallTruck65800,N105_LRP023c,0,SmallTruck
21691,MediumTruck65804,N2_LRP168a,0,MediumTruck
21692,MediumTruck65804,N2_LRP168c,0,MediumTruck
21693,SmallTruck65805,N2_LRP171f,0.013676712823668826,SmallTruck
21694,SmallTruck65807,N2_LRP207b,0,SmallTruck
21695,SmallTruck65809,N1_LRP440a,0,SmallTruck
21696,LargeBus65815,N104_LRP028a,0,LargeBus
21697,SmallTruck65820,N2_LRP130a,0,SmallTruck
21698,SmallTruck65820,N2_LRP129c,0,SmallTruck
21699,LargeBus65825,N1_LRP443c,0,LargeBus
21700,HeavyTruck65828,N102_LRP015a,0,HeavyTruck
21701,MediumTruck65837,N2_LRP179a,0,MediumTruck
21702,MediumTruck65837,N2_LRP178b,0,MediumTruck
21703,LargeBus65840,N1_LRP012a,0,LargeBus
21704,LargeBus65840,N1_LRP012b,0,LargeBus
21705,HeavyTruck65841,N1_LRP448a,0,HeavyTruck
21706,LargeBus65842,N2_LRP012f,0,LargeBus
21707,MediumTruck65846,N1_LRP137a,0,MediumTruck
21708,MiniBus65852,N2_LRP158a,0,MiniBus
21709,MiniBus65854,N208_LRP011b,0,MiniBus
21710,MediumTruck65857,N1_LRP452c,0,MediumTruck
21711,MediumTruck65857,N1_LRP452a,0,MediumTruck
21712,MediumTruck65857,N1_LRP451e,0,MediumTruck
21713,MediumTruck65865,N105_LRP042b,0,MediumTruck
21714,LargeBus65873,N1_LRP456a,0,LargeBus
21715,HeavyTruck65874,N1_LRP011a,0,HeavyTruck
21716,LargeBus65875,N2_LRP284c,0,LargeBus
21717,LargeBus65875,N2_LRP284b,0,LargeBus
21718,MediumTruck65878,N1_LRP145a,0,MediumTruck
21719,SmallTruck65882,N204_LRP003b,0,SmallTruck
21720,MediumTruck65887,N2_LRP225c,1.14390163924567,MediumTruck
21721,SmallTruck65281,N1_LRP320a,0,SmallTruck
21722,MiniBus65295,N2_LRP073g,0,MiniBus
21723,MiniBus65295,N2_LRP073c,0,MiniBus
21724,MiniBus65295,N2_LRP073b,0,MiniBus
21725,LargeBus65296,N1_LRP166a,0,LargeBus
21726,LargeBus65298,N2_LRP158a,0,LargeBus
21727,LargeBus65299,N2_LRP132c,0,LargeBus
21728,LargeBus65299,N2_LRP132b,0,LargeBus
21729,LargeBus65299,N2_LRP132a,0,LargeBus
21730,MiniBus65311,N2_LRP076b,0,MiniBus
21731,LargeBus65313,N1_LRP322a,0,LargeBus
21732,LargeBus65313,N1_LRP321d,0,LargeBus
21733,MediumTruck65314,N2_LRP141a,0,MediumTruck
21734,MediumTruck65314,N2_LRP141b,0,MediumTruck
21735,MediumTruck65321,N2_LRP118a,0,MediumTruck
21736,SmallTruck65323,N2_LRP012c,0,SmallTruck
21737,MediumTruck65325,N2_LRP058c,0,MediumTruck
21738,MediumTruck65326,N2_LRP148b,0,MediumTruck
21739,LargeBus65328,N2_LRP139b,0,LargeBus
21740,LargeBus65328,N2_LRP140a,0.17549662683201134,LargeBus
21741,SmallTruck65329,N1_LRP327a,0.5521889524104131,SmallTruck
21742,SmallTruck65331,N2_LRP156a,0,SmallTruck
21743,MediumTruck65334,N105_LRP005c,0,MediumTruck
21744,MediumTruck65334,N105_LRP006a,0,MediumTruck
21745,MediumTruck65335,N1_LRP051a,0,MediumTruck
21746,MediumTruck65336,N2_LRP135a,0,MediumTruck
21747,MediumTruck65341,N2_LRP064b,0,MediumTruck
21748,MediumTruck65342,N2_LRP152d,0,MediumTruck
21749,MediumTruck65342,N2_LRP152c,0,MediumTruck
21750,MediumTruck65342,N2_LRP152b,0,MediumTruck
21751,MediumTruck65342,N2_LRP152a,0,MediumTruck
21752,MediumTruck65345,N1_LRP332c,0,MediumTruck
21753,SmallTruck65346,N2_LRP130a,0,SmallTruck
21754,SmallTruck65346,N2_LRP130b,0,SmallTruck
21755,SmallTruck65346,N2_LRP130c,0,SmallTruck
21756,SmallTruck65347,N2_LRP162e,0,SmallTruck
21757,SmallTruck65347,N2_LRP162d,0,SmallTruck
21758,SmallTruck65347,N2_LRP162c,0,SmallTruck
21759,MediumTruck65353,N2_LRP108a,0,MediumTruck
21760,MediumTruck65358,N2_LRP159d,0,MediumTruck
21761,MediumTruck65358,N2_LRP159c,0,MediumTruck
21762,MediumTruck65358,N2_LRP159b,0,MediumTruck
21763,MiniBus65361,N1_LRP332a,0,MiniBus
21764,LargeBus65363,N2_LRP152b,0,LargeBus
21765,LargeBus65363,N2_LRP152a,0,LargeBus
21766,LargeBus65363,N2_LRP151b,0,LargeBus
21767,MediumTruck65365,N1_LRP030a,0,MediumTruck
21768,SmallTruck65372,N2_LRP018a,0,SmallTruck
21769,SmallTruck65373,N2_LRP067c,0,SmallTruck
21770,LargeBus65376,N1_LRP143a,0,LargeBus
21771,MediumTruck65380,N2_LRP055b,0,MediumTruck
21772,MediumTruck65380,N2_LRP056a,0,MediumTruck
21773,MediumTruck65384,N2_LRP123c,0,MediumTruck
21774,MediumTruck65384,N2_LRP123d,0,MediumTruck
21775,LargeBus65388,N208_LRP004c,0,LargeBus
21776,MiniBus65390,N2_LRP156a,0,MiniBus
21777,MiniBus65393,N1_LRP341a,0,MiniBus
21778,MiniBus65393,N1_LRP340a,0,MiniBus
21779,LargeBus65394,N2_LRP128a,0,LargeBus
21780,LargeBus65394,N2_LRP128b,0,LargeBus
21781,LargeBus65395,N2_LRP163a,0,LargeBus
21782,LargeBus65395,N2_LRP162e,0,LargeBus
21783,LargeBus65395,N2_LRP162d,0,LargeBus
21784,LargeBus65395,N2_LRP162c,0,LargeBus
21785,MediumTruck65409,N1_LRP347b,0,MediumTruck
21786,MediumTruck65409,N1_LRP347a,0,MediumTruck
21787,MediumTruck65410,N2_LRP117b,0,MediumTruck
21788,LargeBus65411,N2_LRP167b,0,LargeBus
21789,LargeBus65411,N2_LRP166e,0,LargeBus
21790,MiniBus65418,N1_LRP023a,0,MiniBus
21791,LargeBus65422,N2_LRP163d,0,LargeBus
21792,LargeBus65422,N2_LRP163c,0,LargeBus
21793,LargeBus65422,N2_LRP163b,0,LargeBus
21794,MediumTruck65425,N1_LRP350a,0,MediumTruck
21795,MediumTruck65426,N1_LRP127a,0,MediumTruck
21796,SmallTruck65427,N2_LRP175f,0,SmallTruck
21797,SmallTruck65427,N2_LRP175e,0,SmallTruck
21798,SmallTruck65427,N2_LRP175d,0,SmallTruck
21799,SmallTruck65427,N2_LRP175c,0,SmallTruck
21800,LargeBus65431,N1_LRP224a,0,LargeBus
21801,MediumTruck65436,N2_LRP035b,0,MediumTruck
21802,MiniBus65442,N2_LRP118a,0,MiniBus
21803,SmallTruck65443,N2_LRP180a,0,SmallTruck
21804,MediumTruck65446,N1_LRP034a,0,MediumTruck
21805,SmallTruck65449,N1_LRP077a,0,SmallTruck
21806,HeavyTruck65460,N2_LRP038c,0,HeavyTruck
21807,HeavyTruck65460,N2_LRP039a,0,HeavyTruck
21808,MediumTruck65465,N2_LRP081a,0,MediumTruck
21809,MediumTruck65473,N1_LRP364c,0,MediumTruck
21810,MediumTruck65473,N1_LRP364a,0,MediumTruck
21811,SmallTruck65475,N2_LRP186b,1.6097798965318915,SmallTruck
21812,SmallTruck65485,N2_LRP096a,0,SmallTruck
21813,SmallTruck65485,N2_LRP095a,0,SmallTruck
21814,MediumTruck65489,N1_LRP368a,0.28728386445405996,MediumTruck
21815,SmallTruck65490,N2_LRP098b,0.02090482945317467,SmallTruck
21816,MediumTruck65497,N2_LRP076a,0,MediumTruck
21817,MiniBus65500,N2_LRP042a,0,MiniBus
21818,MiniBus65502,N2_LRP180c,0,MiniBus
21819,MiniBus65502,N2_LRP180a,0,MiniBus
21820,LargeBus65505,N1_LRP367a,0,LargeBus
21821,HeavyTruck65506,N2_LRP095a,0,HeavyTruck
21822,HeavyTruck65506,N2_LRP096a,0,HeavyTruck
21823,LargeBus65507,N2_LRP184c,0,LargeBus
21824,MiniBus65515,N2_LRP178a,0,MiniBus
21825,MiniBus65515,N2_LRP178b,0,MiniBus
21826,MiniBus65515,N2_LRP179a,0,MiniBus
21827,MediumTruck65521,N1_LRP375c,0,MediumTruck
21828,SmallTruck65522,N2_LRP091b,0,SmallTruck
21829,SmallTruck65522,N2_LRP092a,0,SmallTruck
21830,SmallTruck65522,N2_LRP092b,0,SmallTruck
21831,SmallTruck65532,N2_LRP060c,0,SmallTruck
21832,MediumTruck65533,N2_LRP108a,0,MediumTruck
21833,MediumTruck65536,N2_LRP079b,0.16771883607831256,MediumTruck
21834,MediumTruck65537,N1_LRP382a,0,MediumTruck
21835,MediumTruck65537,N1_LRP381c,0,MediumTruck
21836,MediumTruck65537,N1_LRP381b,0,MediumTruck
21837,MediumTruck65538,N2_LRP087a,0,MediumTruck
21838,MediumTruck65545,N2_LRP064a,0,MediumTruck
21839,MediumTruck65551,N2_LRP146a,0,MediumTruck
21840,SmallTruck65552,N2_LRP076a,0,SmallTruck
21841,SmallTruck65553,N1_LRP383a,0,SmallTruck
21842,SmallTruck65553,N1_LRP382b,0,SmallTruck
21843,MediumTruck65554,N1_LRP094a,0,MediumTruck
21844,MediumTruck65569,N1_LRP391a,0,MediumTruck
21845,MediumTruck65578,N2_LRP040b,0,MediumTruck
21846,SmallTruck65579,N2_LRP161b,0,SmallTruck
21847,SmallTruck65579,N2_LRP161c,0,SmallTruck
21848,SmallTruck65579,N2_LRP162a,0.9536627173252296,SmallTruck
21849,MediumTruck65584,N1_LRP077a,0,MediumTruck
21850,MiniBus65585,N1_LRP383a,0,MiniBus
21851,MediumTruck65586,N2_LRP074a,0,MediumTruck
21852,MiniBus65599,N2_LRP159c,0,MiniBus
21853,MiniBus65599,N2_LRP159b,0,MiniBus
21854,MediumTruck65602,N2_LRP070c,0,MediumTruck
21855,MediumTruck65605,N102_LRP009a,0,MediumTruck
21856,MediumTruck65612,N2_LRP211b,0,MediumTruck
21857,LargeBus65618,N2_LRP072a,0,LargeBus
21858,SmallTruck65619,N2_LRP221b,0,SmallTruck
21859,MediumTruck65624,N2_LRP067c,0,MediumTruck
21860,MediumTruck65627,N2_LRP147d,0,MediumTruck
21861,MediumTruck65627,N2_LRP148b,0,MediumTruck
21862,SmallTruck65631,N2_LRP170e,0,SmallTruck
21863,SmallTruck65631,N2_LRP170c,0,SmallTruck
21864,MediumTruck65633,N1_LRP403a,0,MediumTruck
21865,MediumTruck65638,N1_LRP083a,0,MediumTruck
21866,MiniBus65639,N1_LRP122a,0,MiniBus
21867,MiniBus65647,N2_LRP168a,0,MiniBus
21868,MiniBus65647,N2_LRP167c,0,MiniBus
21869,LargeBus65650,N2_LRP064a,0,LargeBus
21870,LargeBus65650,N2_LRP064b,0,LargeBus
21871,MediumTruck65656,N2_LRP057b,0,MediumTruck
21872,MediumTruck65658,N2_LRP061a,0,MediumTruck
21873,MediumTruck65665,N1_LRP410a,0,MediumTruck
21874,SmallTruck65667,N2_LRP230e,0,SmallTruck
21875,LargeBus65681,N1_LRP410b,0,LargeBus
21876,LargeBus65681,N1_LRP410a,0,LargeBus
21877,LargeBus65683,N2_LRP230c,0,LargeBus
21878,MediumTruck65685,N102_LRP029d,0,MediumTruck
21879,MediumTruck65692,N2_LRP098b,0.3552927336161672,MediumTruck
21880,SmallTruck65695,N208_LRP004c,0,SmallTruck
21881,SmallTruck65697,N1_LRP417b,0,SmallTruck
21882,SmallTruck65697,N1_LRP416e,0,SmallTruck
21883,SmallTruck65697,N1_LRP416d,0,SmallTruck
21884,MiniBus65698,N2_LRP052a,0,MiniBus
21885,MediumTruck65699,N2_LRP239a,0,MediumTruck
21886,MediumTruck65699,N2_LRP238c,0,MediumTruck
21887,SmallTruck65701,N102_LRP034b,0,SmallTruck
21888,LargeBus65707,N2_LRP135b,0,LargeBus
21889,MediumTruck65713,N1_LRP420c,0,MediumTruck
21890,MediumTruck65713,N1_LRP420a,0,MediumTruck
21891,LargeBus65715,N2_LRP239a,0,LargeBus
21892,LargeBus65715,N2_LRP238c,0,LargeBus
21893,HeavyTruck65717,N102_LRP038b,0,HeavyTruck
21894,HeavyTruck65717,N102_LRP037d,0,HeavyTruck
21895,MediumTruck65718,N104_LRP044d,0,MediumTruck
21896,MiniBus65721,N2_LRP024b,0,MiniBus
21897,SmallTruck65725,N2_LRP154c,0,SmallTruck
21898,SmallTruck65727,N2_LRP186c,0,SmallTruck
21899,MediumTruck65729,N1_LRP423d,0,MediumTruck
21900,MediumTruck65729,N1_LRP423c,0,MediumTruck
21901,MediumTruck65729,N1_LRP423b,0.14334510538676237,MediumTruck
21902,MediumTruck65730,N2_LRP040b,0,MediumTruck
21903,MediumTruck65736,N2_LRP039c,0,MediumTruck
21904,SmallTruck65755,N2_LRP118e,0,SmallTruck
21905,SmallTruck65755,N2_LRP118g,0,SmallTruck
21906,MediumTruck65761,N1_LRP430b,0,MediumTruck
21907,MediumTruck65761,N1_LRP430a,0,MediumTruck
21908,MediumTruck65761,N1_LRP429f,0,MediumTruck
21909,LargeBus65762,N2_LRP035b,0,LargeBus
21910,MediumTruck65767,N104_LRP017b,0,MediumTruck
21911,MediumTruck65768,N105_LRP032b,0,MediumTruck
21912,MediumTruck65768,N105_LRP032c,0,MediumTruck
21913,MediumTruck65777,N1_LRP432a,0,MediumTruck
21914,MediumTruck65785,N105_LRP020c,0,MediumTruck
21915,SmallTruck65789,N2_LRP169b,0,SmallTruck
21916,LargeBus65793,N1_LRP433c,0,LargeBus
21917,LargeBus65793,N1_LRP433b,0.6827082843330032,LargeBus
21918,MediumTruck65797,N102_LRP058a,0,MediumTruck
21919,MediumTruck65801,N105_LRP024c,0,MediumTruck
21920,MediumTruck65804,N2_LRP169b,0,MediumTruck
21921,MediumTruck65804,N2_LRP169c,0,MediumTruck
21922,MediumTruck65804,N2_LRP169d,0,MediumTruck
21923,SmallTruck65805,N2_LRP171e,0,SmallTruck
21924,MediumTruck65806,N208_LRP024d,0,MediumTruck
21925,MediumTruck65808,N1_LRP020a,0,MediumTruck
21926,SmallTruck65809,N1_LRP439a,0,SmallTruck
21927,MediumTruck65813,N102_LRP062c,0,MediumTruck
21928,MediumTruck65813,N102_LRP062b,0,MediumTruck
21929,SmallTruck65820,N2_LRP129b,0,SmallTruck
21930,SmallTruck65820,N2_LRP129a,0,SmallTruck
21931,SmallTruck65820,N2_LRP128b,0,SmallTruck
21932,MediumTruck65823,N2_LRP246c,0,MediumTruck
21933,LargeBus65825,N1_LRP441a,0,LargeBus
21934,MediumTruck65837,N2_LRP178a,0,MediumTruck
21935,HeavyTruck65841,N1_LRP447c,0,HeavyTruck
21936,HeavyTruck65843,N2_LRP276a,0,HeavyTruck
21937,MiniBus65852,N2_LRP159b,0,MiniBus
21938,MiniBus65852,N2_LRP159c,0,MiniBus
21939,MiniBus65852,N2_LRP159d,0,MiniBus
21940,MiniBus65855,N2_LRP216b,0,MiniBus
21941,MediumTruck65857,N1_LRP451b,0,MediumTruck
21942,MediumTruck65857,N1_LRP450e,0.01816036252350658,MediumTruck
21943,LargeBus65873,N1_LRP455a,0,LargeBus
21944,LargeBus65875,N2_LRP283b,0,LargeBus
21945,MediumTruck65880,N105_LRP003a,0,MediumTruck
21946,MiniBus65280,N1_LRP171a,0.11348027710462348,MiniBus
21947,SmallTruck65281,N1_LRP319b,0,SmallTruck
21948,SmallTruck65281,N1_LRP319a,0,SmallTruck
21949,LargeBus65296,N1_LRP166c,0,LargeBus
21950,LargeBus65298,N2_LRP159b,0,LargeBus
21951,LargeBus65298,N2_LRP159c,0,LargeBus
21952,MiniBus65311,N2_LRP076a,0,MiniBus
21953,MediumTruck65312,N2_LRP132a,0,MediumTruck
21954,MediumTruck65312,N2_LRP132b,0,MediumTruck
21955,MediumTruck65312,N2_LRP132c,0,MediumTruck
21956,LargeBus65313,N1_LRP321b,0,LargeBus
21957,LargeBus65313,N1_LRP321a,0,LargeBus
21958,SmallTruck65316,N2_LRP072a,0,SmallTruck
21959,MediumTruck65321,N2_LRP118b,0,MediumTruck
21960,MediumTruck65321,N2_LRP118e,0,MediumTruck
21961,MediumTruck65326,N2_LRP147d,0,MediumTruck
21962,MediumTruck65326,N2_LRP147b,0,MediumTruck
21963,MediumTruck65326,N2_LRP147a,0,MediumTruck
21964,MediumTruck65336,N2_LRP135b,0,MediumTruck
21965,MediumTruck65341,N2_LRP064a,0,MediumTruck
21966,MediumTruck65342,N2_LRP151b,0,MediumTruck
21967,MediumTruck65345,N1_LRP332b,0,MediumTruck
21968,MediumTruck65345,N1_LRP332a,0,MediumTruck
21969,SmallTruck65347,N2_LRP162a,1.9536627173252294,SmallTruck
21970,MediumTruck65358,N2_LRP158a,0,MediumTruck
21971,MediumTruck65360,N1_LRP136a,0,MediumTruck
21972,LargeBus65363,N2_LRP151a,0,LargeBus
21973,LargeBus65366,N2_LRP012c,0,LargeBus
21974,MediumTruck65380,N2_LRP057a,0,MediumTruck
21975,MediumTruck65384,N2_LRP123e,0,MediumTruck
21976,MediumTruck65384,N2_LRP124c,0,MediumTruck
21977,MiniBus65390,N2_LRP155a,0,MiniBus
21978,MediumTruck65392,N1_LRP127a,0,MediumTruck
21979,MiniBus65393,N1_LRP339c,0.0825001387707923,MiniBus
21980,LargeBus65394,N2_LRP129a,0,LargeBus
21981,LargeBus65394,N2_LRP129b,0,LargeBus
21982,LargeBus65394,N2_LRP129c,0,LargeBus
21983,LargeBus65395,N2_LRP162a,2.1729867887609995,LargeBus
21984,MiniBus65405,N2_LRP064b,0,MiniBus
21985,MiniBus65405,N2_LRP064a,0,MiniBus
21986,LargeBus65408,N1_LRP136a,0,LargeBus
21987,MediumTruck65410,N2_LRP118a,0,MediumTruck
21988,LargeBus65411,N2_LRP166d,0,LargeBus
21989,LargeBus65422,N2_LRP163a,0,LargeBus
21990,LargeBus65422,N2_LRP162e,0,LargeBus
21991,LargeBus65422,N2_LRP162d,0,LargeBus
21992,LargeBus65422,N2_LRP162c,0,LargeBus
21993,SmallTruck65430,N1_LRP250a,0,SmallTruck
21994,MiniBus65442,N2_LRP118b,0,MiniBus
21995,MiniBus65442,N2_LRP118e,0,MiniBus
21996,MiniBus65442,N2_LRP118g,0,MiniBus
21997,SmallTruck65443,N2_LRP179a,0,SmallTruck
21998,SmallTruck65443,N2_LRP178b,0,SmallTruck
21999,MediumTruck65446,N1_LRP033b,0,MediumTruck
22000,MediumTruck65446,N1_LRP033a,0,MediumTruck
22001,MediumTruck65456,N1_LRP111a,0,MediumTruck
22002,MediumTruck65457,N1_LRP359b,0,MediumTruck
22003,MediumTruck65457,N1_LRP359a,0,MediumTruck
22004,HeavyTruck65460,N2_LRP039c,0,HeavyTruck
22005,HeavyTruck65460,N2_LRP040a,0,HeavyTruck
22006,MediumTruck65465,N2_LRP081b,0,MediumTruck
22007,MiniBus65470,N2_LRP172d,0,MiniBus
22008,MiniBus65470,N2_LRP172c,0,MiniBus
22009,MediumTruck65473,N1_LRP363b,0,MediumTruck
22010,SmallTruck65483,N2_LRP184c,0,SmallTruck
22011,HeavyTruck65491,N2_LRP188a,0,HeavyTruck
22012,MediumTruck65497,N2_LRP076b,0,MediumTruck
22013,MiniBus65500,N2_LRP041b,0,MiniBus
22014,MiniBus65502,N2_LRP179a,0,MiniBus
22015,HeavyTruck65506,N2_LRP096c,0,HeavyTruck
22016,LargeBus65507,N2_LRP183d,0.010850250151094707,LargeBus
22017,MiniBus65515,N2_LRP180a,0,MiniBus
22018,SmallTruck65517,N2_LRP103c,0,SmallTruck
22019,MediumTruck65521,N1_LRP374e,0,MediumTruck
22020,SmallTruck65522,N2_LRP093a,0,SmallTruck
22021,SmallTruck65532,N2_LRP059a,0,SmallTruck
22022,MediumTruck65536,N2_LRP079d,0,MediumTruck
22023,MediumTruck65545,N2_LRP064b,0,MediumTruck
22024,SmallTruck65552,N2_LRP076b,0,SmallTruck
22025,SmallTruck65553,N1_LRP382a,0,SmallTruck
22026,SmallTruck65553,N1_LRP381c,0,SmallTruck
22027,SmallTruck65553,N1_LRP381b,0,SmallTruck
22028,MediumTruck65555,N2_LRP206b,0,MediumTruck
22029,SmallTruck65563,N2_LRP070c,0,SmallTruck
22030,MediumTruck65569,N1_LRP390a,0,MediumTruck
22031,LargeBus65570,N2_LRP086a,0,LargeBus
22032,SmallTruck65572,N102_LRP082a,0,SmallTruck
22033,SmallTruck65573,N102_LRPSc,0,SmallTruck
22034,MediumTruck65578,N2_LRP040a,0,MediumTruck
22035,MediumTruck65578,N2_LRP039c,0,MediumTruck
22036,SmallTruck65579,N2_LRP162c,0,SmallTruck
22037,SmallTruck65579,N2_LRP162d,0,SmallTruck
22038,MiniBus65585,N1_LRP382b,0,MiniBus
22039,MiniBus65585,N1_LRP382a,0,MiniBus
22040,MiniBus65585,N1_LRP381c,0,MiniBus
22041,MediumTruck65586,N2_LRP076a,0,MediumTruck
22042,SmallTruck65592,N2_LRP073b,0,SmallTruck
22043,SmallTruck65592,N2_LRP073c,0,SmallTruck
22044,MediumTruck65593,N2_LRP052a,0,MediumTruck
22045,MiniBus65599,N2_LRP158a,0,MiniBus
22046,MediumTruck65612,N2_LRP211c,0,MediumTruck
22047,MediumTruck65616,N2_LRP060c,0,MediumTruck
22048,MediumTruck65616,N2_LRP061a,0,MediumTruck
22049,SmallTruck65631,N2_LRP170b,0,SmallTruck
22050,SmallTruck65631,N2_LRP170a,0,SmallTruck
22051,SmallTruck65631,N2_LRP169f,0,SmallTruck
22052,SmallTruck65631,N2_LRP169e,0,SmallTruck
22053,SmallTruck65631,N2_LRP169d,0,SmallTruck
22054,SmallTruck65631,N2_LRP169c,0,SmallTruck
22055,MediumTruck65633,N1_LRP402b,0,MediumTruck
22056,MediumTruck65642,N2_LRP175c,0,MediumTruck
22057,MediumTruck65642,N2_LRP175d,0,MediumTruck
22058,MediumTruck65642,N2_LRP175e,0,MediumTruck
22059,MediumTruck65642,N2_LRP175f,0,MediumTruck
22060,SmallTruck65644,N207_LRP066b,0,SmallTruck
22061,MiniBus65647,N2_LRP167b,0,MiniBus
22062,MiniBus65647,N2_LRP166e,0,MiniBus
22063,LargeBus65649,N1_LRP400a,0,LargeBus
22064,LargeBus65651,N2_LRP221b,0,LargeBus
22065,MediumTruck65658,N2_LRP060c,0,MediumTruck
22066,SmallTruck65667,N2_LRP230c,0,SmallTruck
22067,MiniBus65674,N2_LRP061a,0,MiniBus
22068,MiniBus65674,N2_LRP060c,0,MiniBus
22069,LargeBus65677,N2_LRP140a,0.002816811662661581,LargeBus
22070,MediumTruck65682,N2_LRP052a,0,MediumTruck
22071,LargeBus65683,N2_LRP229c,0,LargeBus
22072,LargeBus65683,N2_LRP229a,0.15285656302615422,LargeBus
22073,MediumTruck65686,N1_LRP094a,0,MediumTruck
22074,SmallTruck65697,N1_LRP415c,1.986766681539543,SmallTruck
22075,MiniBus65698,N2_LRP053a,0,MiniBus
22076,MiniBus65698,N2_LRP054a,0,MiniBus
22077,SmallTruck65701,N102_LRP033c,0,SmallTruck
22078,MiniBus65702,N1_LRP094a,0,MiniBus
22079,SmallTruck65703,N104_LRPSa,0,SmallTruck
22080,SmallTruck65709,N2_LRP148b,0,SmallTruck
22081,MediumTruck65713,N1_LRP418b,0,MediumTruck
22082,MediumTruck65716,N102_LRP045a,0,MediumTruck
22083,HeavyTruck65717,N102_LRP037c,0,HeavyTruck
22084,MediumTruck65720,N2_LRP043d,0,MediumTruck
22085,MediumTruck65720,N2_LRP044a,0,MediumTruck
22086,MiniBus65721,N2_LRP025a,0,MiniBus
22087,MiniBus65721,N2_LRP025b,0,MiniBus
22088,SmallTruck65725,N2_LRP153b,0,SmallTruck
22089,SmallTruck65725,N2_LRP153a,0,SmallTruck
22090,SmallTruck65727,N2_LRP186b,1.6097798965318915,SmallTruck
22091,MediumTruck65730,N2_LRP041b,0,MediumTruck
22092,MediumTruck65730,N2_LRP042a,0,MediumTruck
22093,HeavyTruck65731,N2_LRP246c,0,HeavyTruck
22094,MediumTruck65736,N2_LRP040a,0,MediumTruck
22095,MediumTruck65736,N2_LRP040b,0,MediumTruck
22096,MiniBus65738,N2_LRP074a,0,MiniBus
22097,LargeBus65745,N1_LRP423d,0,LargeBus
22098,LargeBus65745,N1_LRP423c,0,LargeBus
22099,LargeBus65745,N1_LRP423b,0.3633688813518611,LargeBus
22100,LargeBus65747,N2_LRP246c,0,LargeBus
22101,MediumTruck65748,N102_LRP036b,0,MediumTruck
22102,MediumTruck65748,N102_LRP036d,0,MediumTruck
22103,MediumTruck65749,N102_LRP045a,0,MediumTruck
22104,SmallTruck65755,N2_LRP119c,0,SmallTruck
22105,SmallTruck65755,N2_LRP120a,0,SmallTruck
22106,MiniBus65757,N208_LRP055a,0,MiniBus
22107,MediumTruck65760,N1_LRP033a,0,MediumTruck
22108,MediumTruck65760,N1_LRP033b,0,MediumTruck
22109,MediumTruck65761,N1_LRP429c,0,MediumTruck
22110,MediumTruck65761,N1_LRP429b,0,MediumTruck
22111,MediumTruck65761,N1_LRP429a,0,MediumTruck
22112,MediumTruck65773,N2_LRP165d,0,MediumTruck
22113,MediumTruck65773,N2_LRP165c,0,MediumTruck
22114,MediumTruck65773,N2_LRP164d,0,MediumTruck
22115,MediumTruck65777,N1_LRP431d,0.12906314631591848,MediumTruck
22116,MediumTruck65778,N2_LRP029b,0,MediumTruck
22117,MediumTruck65779,N2_LRP258a,0,MediumTruck
22118,MiniBus65787,N204_LRP003b,0,MiniBus
22119,SmallTruck65789,N2_LRP168c,0,SmallTruck
22120,SmallTruck65789,N2_LRP168a,0,SmallTruck
22121,MiniBus65790,N208_LRP031d,0,MiniBus
22122,SmallTruck65792,N2_LRP016a,0,SmallTruck
22123,LargeBus65793,N1_LRP432b,0,LargeBus
22124,SmallTruck65800,N105_LRP024c,0,SmallTruck
22125,MediumTruck65804,N2_LRP169e,0,MediumTruck
22126,MediumTruck65804,N2_LRP169f,0,MediumTruck
22127,MediumTruck65804,N2_LRP170a,0,MediumTruck
22128,MediumTruck65804,N2_LRP170b,0,MediumTruck
22129,MediumTruck65804,N2_LRP170c,0,MediumTruck
22130,SmallTruck65805,N2_LRP171d,0,SmallTruck
22131,SmallTruck65805,N2_LRP170j,0,SmallTruck
22132,SmallTruck65805,N2_LRP170i,0,SmallTruck
22133,SmallTruck65805,N2_LRP170h,0,SmallTruck
22134,SmallTruck65805,N2_LRP170g,0,SmallTruck
22135,SmallTruck65805,N2_LRP170f,0.13378076487129692,SmallTruck
22136,MediumTruck65810,N2_LRP021a,0,MediumTruck
22137,LargeBus65811,N2_LRP264a,0,LargeBus
22138,MediumTruck65816,N105_LRP020c,0,MediumTruck
22139,SmallTruck65820,N2_LRP128a,0,SmallTruck
22140,SmallTruck65820,N2_LRP127c,0,SmallTruck
22141,LargeBus65826,N2_LRP018a,0,LargeBus
22142,MediumTruck65829,N102_LRP065a,0,MediumTruck
22143,SmallTruck65830,N1_LRP131b,0,SmallTruck
22144,SmallTruck65833,N105_LRP032c,0,SmallTruck
22145,SmallTruck65833,N105_LRP032b,0,SmallTruck
22146,MediumTruck65837,N2_LRP177a,0,MediumTruck
22147,LargeBus65840,N1_LRP014a,0,LargeBus
22148,HeavyTruck65841,N1_LRP447b,0,HeavyTruck
22149,HeavyTruck65841,N1_LRP447a,0,HeavyTruck
22150,HeavyTruck65841,N1_LRP446d,0,HeavyTruck
22151,HeavyTruck65841,N1_LRP446b,0,HeavyTruck
22152,MediumTruck65846,N1_LRP136a,0,MediumTruck
22153,MiniBus65852,N2_LRP160a,0,MiniBus
22154,MiniBus65855,N2_LRP216a,0,MiniBus
22155,MediumTruck65857,N1_LRP450c,0,MediumTruck
22156,MediumTruck65865,N105_LRP041c,0,MediumTruck
22157,SmallTruck65868,N207_LRP008c,0,SmallTruck
22158,MediumTruck65878,N1_LRP143a,0,MediumTruck
22159,LargeBus65879,N104_LRP044d,0,LargeBus
22160,MediumTruck65886,N208_LRP004c,0,MediumTruck
22161,MiniBus65894,N104_LRPSa,0,MiniBus
22162,SmallTruck65896,N1_LRP012a,0,SmallTruck
22163,SmallTruck65896,N1_LRP012b,0,SmallTruck
22164,MiniBus65280,N1_LRP171b,0,MiniBus
22165,SmallTruck65281,N1_LRP318b,0,SmallTruck
22166,MediumTruck65289,N102_LRP036b,0,MediumTruck
22167,MediumTruck65289,N102_LRP036d,0,MediumTruck
22168,MiniBus65295,N2_LRP072a,0,MiniBus
22169,LargeBus65296,N1_LRP167a,0,LargeBus
22170,MediumTruck65297,N1_LRP325c,0,MediumTruck
22171,MediumTruck65297,N1_LRP325a,0,MediumTruck
22172,LargeBus65298,N2_LRP159d,0,LargeBus
22173,LargeBus65298,N2_LRP160a,0,LargeBus
22174,LargeBus65299,N2_LRP130c,0,LargeBus
22175,LargeBus65299,N2_LRP130b,0,LargeBus
22176,SmallTruck65301,N1_LRP014a,0,SmallTruck
22177,MediumTruck65312,N2_LRP133a,0,MediumTruck
22178,LargeBus65313,N1_LRP320a,0,LargeBus
22179,MediumTruck65321,N2_LRP118g,0,MediumTruck
22180,MediumTruck65325,N2_LRP057b,0,MediumTruck
22181,MediumTruck65325,N2_LRP057a,0,MediumTruck
22182,MediumTruck65326,N2_LRP146a,0,MediumTruck
22183,LargeBus65328,N2_LRP140c,1.1393040886379446,LargeBus
22184,SmallTruck65331,N2_LRP155a,0,SmallTruck
22185,MediumTruck65342,N2_LRP151a,0,MediumTruck
22186,SmallTruck65355,N2_LRP214b,0.07901979902020323,SmallTruck
22187,MediumTruck65356,N2_LRP016a,0,MediumTruck
22188,LargeBus65366,N2_LRP012f,0,LargeBus
22189,SmallTruck65373,N2_LRP066a,0,SmallTruck
22190,LargeBus65376,N1_LRP145a,0,LargeBus
22191,MediumTruck65377,N1_LRP341a,0,MediumTruck
22192,MediumTruck65377,N1_LRP340a,0,MediumTruck
22193,MediumTruck65380,N2_LRP057b,0,MediumTruck
22194,MediumTruck65387,N2_LRP025b,0,MediumTruck
22195,MiniBus65390,N2_LRP154c,0,MiniBus
22196,MiniBus65393,N1_LRP339a,0,MiniBus
22197,LargeBus65394,N2_LRP130a,0,LargeBus
22198,LargeBus65394,N2_LRP130b,0,LargeBus
22199,LargeBus65394,N2_LRP130c,0,LargeBus
22200,MediumTruck65404,N2_LRP029b,0,MediumTruck
22201,MediumTruck65410,N2_LRP118b,0,MediumTruck
22202,MediumTruck65410,N2_LRP118e,0,MediumTruck
22203,LargeBus65411,N2_LRP165d,0,LargeBus
22204,LargeBus65411,N2_LRP165c,0,LargeBus
22205,SmallTruck65416,N2_LRP117a,0.08056267892809571,SmallTruck
22206,LargeBus65419,N2_LRP021b,0,LargeBus
22207,MediumTruck65421,N2_LRP081b,0,MediumTruck
22208,MediumTruck65421,N2_LRP081a,0,MediumTruck
22209,LargeBus65422,N2_LRP162a,2.1729867887609995,LargeBus
22210,MediumTruck65425,N1_LRP349a,0,MediumTruck
22211,MediumTruck65425,N1_LRP348b,0,MediumTruck
22212,LargeBus65431,N1_LRP226a,0,LargeBus
22213,LargeBus65431,N1_LRP226b,0,LargeBus
22214,LargeBus65434,N105_LRP035d,0,LargeBus
22215,MediumTruck65441,N1_LRP353b,0,MediumTruck
22216,MediumTruck65441,N1_LRP353a,0,MediumTruck
22217,MediumTruck65441,N1_LRP352a,0,MediumTruck
22218,MiniBus65442,N2_LRP119c,0,MiniBus
22219,MiniBus65442,N2_LRP120a,0,MiniBus
22220,SmallTruck65443,N2_LRP178a,0,SmallTruck
22221,MediumTruck65456,N1_LRP112a,0,MediumTruck
22222,MediumTruck65457,N1_LRP358b,0,MediumTruck
22223,MediumTruck65457,N1_LRP358a,0,MediumTruck
22224,HeavyTruck65460,N2_LRP040b,0,HeavyTruck
22225,MediumTruck65462,N1_LRP036c,0,MediumTruck
22226,MiniBus65470,N2_LRP171f,0.022059867445701636,MiniBus
22227,MediumTruck65489,N1_LRP367a,0,MediumTruck
22228,HeavyTruck65491,N2_LRP187b,0,HeavyTruck
22229,MiniBus65500,N2_LRP040b,0,MiniBus
22230,MiniBus65500,N2_LRP040a,0,MiniBus
22231,MiniBus65502,N2_LRP178b,0,MiniBus
22232,MiniBus65502,N2_LRP178a,0,MiniBus
22233,HeavyTruck65506,N2_LRP097a,0,HeavyTruck
22234,LargeBus65507,N2_LRP183c,0,LargeBus
22235,SmallTruck65511,N1_LRP094a,0,SmallTruck
22236,MiniBus65515,N2_LRP180c,0,MiniBus
22237,SmallTruck65517,N2_LRP102a,0,SmallTruck
22238,MediumTruck65521,N1_LRP374c,0,MediumTruck
22239,MediumTruck65521,N1_LRP374a,0,MediumTruck
22240,MediumTruck65521,N1_LRP373b,0,MediumTruck
22241,SmallTruck65532,N2_LRP058c,0,SmallTruck
22242,MediumTruck65533,N2_LRP106b,0,MediumTruck
22243,MediumTruck65533,N2_LRP106a,0,MediumTruck
22244,MediumTruck65535,N2_LRP141b,0,MediumTruck
22245,MediumTruck65535,N2_LRP141a,0,MediumTruck
22246,MediumTruck65536,N2_LRP081a,0,MediumTruck
22247,MediumTruck65537,N1_LRP380c,0,MediumTruck
22248,MediumTruck65537,N1_LRP380a,0,MediumTruck
22249,SmallTruck65539,N2_LRP200c,0,SmallTruck
22250,LargeBus65556,N2_LRP024b,0,LargeBus
22251,SmallTruck65563,N2_LRP070a,0,SmallTruck
22252,SmallTruck65563,N2_LRP069e,0,SmallTruck
22253,SmallTruck65563,N2_LRP069c,0,SmallTruck
22254,MediumTruck65568,N1_LRP083a,0,MediumTruck
22255,MediumTruck65568,N1_LRP083b,0,MediumTruck
22256,MediumTruck65569,N1_LRP389d,0,MediumTruck
22257,LargeBus65570,N2_LRP087a,0,LargeBus
22258,SmallTruck65573,N1_LRP083a,0,SmallTruck
22259,MediumTruck65578,N2_LRP039a,0,MediumTruck
22260,SmallTruck65579,N2_LRP162e,0,SmallTruck
22261,SmallTruck65579,N2_LRP163a,0,SmallTruck
22262,SmallTruck65579,N2_LRP163b,0,SmallTruck
22263,MiniBus65585,N1_LRP381b,0,MiniBus
22264,MediumTruck65586,N2_LRP076b,0,MediumTruck
22265,SmallTruck65592,N2_LRP073g,0,SmallTruck
22266,MediumTruck65593,N2_LRP053a,0,MediumTruck
22267,MiniBus65599,N2_LRP157b,0,MiniBus
22268,MiniBus65599,N2_LRP157a,0,MiniBus
22269,MediumTruck65602,N2_LRP072a,0,MediumTruck
22270,LargeBus65604,N102_LRP082a,0,LargeBus
22271,LargeBus65618,N2_LRP073b,0,LargeBus
22272,LargeBus65618,N2_LRP073c,0,LargeBus
22273,SmallTruck65619,N2_LRP219a,0,SmallTruck
22274,MediumTruck65623,N1_LRP123a,0,MediumTruck
22275,MediumTruck65630,N2_LRP216b,0,MediumTruck
22276,SmallTruck65631,N2_LRP169b,0,SmallTruck
22277,MediumTruck65635,N2_LRP224b,0,MediumTruck
22278,LargeBus65637,N102_LRP009a,0,LargeBus
22279,MiniBus65639,N1_LRP120b,0,MiniBus
22280,MediumTruck65642,N2_LRP176b,0,MediumTruck
22281,MediumTruck65642,N2_LRP176c,0,MediumTruck
22282,MediumTruck65642,N2_LRP176d,0,MediumTruck
22283,MediumTruck65642,N2_LRP176e,0,MediumTruck
22284,MiniBus65647,N2_LRP166d,0,MiniBus
22285,LargeBus65649,N1_LRP398d,0.08436532971292128,LargeBus
22286,LargeBus65650,N2_LRP066a,0,LargeBus
22287,MediumTruck65652,N1_LRP020a,0,MediumTruck
22288,MediumTruck65656,N2_LRP058c,0,MediumTruck
22289,MediumTruck65656,N2_LRP059a,0,MediumTruck
22290,MediumTruck65658,N2_LRP059a,0,MediumTruck
22291,MediumTruck65665,N1_LRP408a,0,MediumTruck
22292,SmallTruck65667,N2_LRP229c,0,SmallTruck
22293,MediumTruck65682,N2_LRP053a,0,MediumTruck
22294,MediumTruck65685,N102_LRP028c,0,MediumTruck
22295,MediumTruck65692,N2_LRP097a,0,MediumTruck
22296,MiniBus65698,N2_LRP054b,0,MiniBus
22297,SmallTruck65709,N2_LRP147d,0,SmallTruck
22298,SmallTruck65709,N2_LRP147b,0,SmallTruck
22299,SmallTruck65709,N2_LRP147a,0,SmallTruck
22300,LargeBus65715,N2_LRP236c,0,LargeBus
22301,HeavyTruck65717,N102_LRP036d,0,HeavyTruck
22302,HeavyTruck65717,N102_LRP036b,0,HeavyTruck
22303,MediumTruck65720,N2_LRP044c,0,MediumTruck
22304,SmallTruck65725,N2_LRP152d,0,SmallTruck
22305,SmallTruck65725,N2_LRP152c,0,SmallTruck
22306,SmallTruck65725,N2_LRP152b,0,SmallTruck
22307,SmallTruck65725,N2_LRP152a,0,SmallTruck
22308,MediumTruck65726,N208_LRP046b,0,MediumTruck
22309,MediumTruck65729,N1_LRP422b,0,MediumTruck
22310,MediumTruck65729,N1_LRP421f,0,MediumTruck
22311,MediumTruck65736,N2_LRP041b,0,MediumTruck
22312,MiniBus65738,N2_LRP073g,0,MiniBus
22313,MiniBus65738,N2_LRP073c,0,MiniBus
22314,MiniBus65738,N2_LRP073b,0,MiniBus
22315,MiniBus65743,N208_LRP011b,0,MiniBus
22316,MediumTruck65748,N102_LRP037c,0,MediumTruck
22317,MediumTruck65748,N102_LRP037d,0,MediumTruck
22318,SmallTruck65754,N2_LRP084a,0,SmallTruck
22319,MediumTruck65760,N1_LRP034a,0,MediumTruck
22320,MediumTruck65761,N1_LRP428d,0,MediumTruck
22321,MediumTruck65761,N1_LRP428c,0,MediumTruck
22322,MediumTruck65761,N1_LRP428b,0,MediumTruck
22323,MediumTruck65761,N1_LRP428a,0,MediumTruck
22324,MediumTruck65773,N2_LRP164b,0,MediumTruck
22325,MediumTruck65773,N2_LRP164a,0,MediumTruck
22326,MediumTruck65775,N208_LRP024d,0,MediumTruck
22327,SmallTruck65776,N1_LRP030a,0,SmallTruck
22328,SmallTruck65789,N2_LRP167c,0,SmallTruck
22329,SmallTruck65789,N2_LRP167b,0,SmallTruck
22330,LargeBus65793,N1_LRP432a,0,LargeBus
22331,LargeBus65793,N1_LRP431d,0.16581865038104343,LargeBus
22332,MediumTruck65795,N2_LRP262a,0,MediumTruck
22333,MediumTruck65795,N2_LRP261b,0,MediumTruck
22334,LargeBus65798,N104_LRP028a,0,LargeBus
22335,MediumTruck65801,N105_LRP023c,0,MediumTruck
22336,MediumTruck65804,N2_LRP170e,0,MediumTruck
22337,MediumTruck65804,N2_LRP170f,0.1342562569705545,MediumTruck
22338,SmallTruck65805,N2_LRP170e,0,SmallTruck
22339,SmallTruck65805,N2_LRP170c,0,SmallTruck
22340,SmallTruck65807,N2_LRP206b,0,SmallTruck
22341,SmallTruck65809,N1_LRP438c,0,SmallTruck
22342,SmallTruck65809,N1_LRP438b,0,SmallTruck
22343,SmallTruck65809,N1_LRP438a,0,SmallTruck
22344,MediumTruck65810,N2_LRP021b,0,MediumTruck
22345,MediumTruck65816,N105_LRP021d,0,MediumTruck
22346,MediumTruck65817,N105_LRP027c,0,MediumTruck
22347,SmallTruck65820,N2_LRP127b,0,SmallTruck
22348,MediumTruck65823,N2_LRP248a,0,MediumTruck
22349,LargeBus65825,N1_LRP440a,0,LargeBus
22350,HeavyTruck65828,N102_LRP017a,0,HeavyTruck
22351,MediumTruck65834,N204_LRP020b,0,MediumTruck
22352,MediumTruck65835,N204_LRP020b,0,MediumTruck
22353,MediumTruck65837,N2_LRP176e,0,MediumTruck
22354,MediumTruck65837,N2_LRP176d,0,MediumTruck
22355,MediumTruck65837,N2_LRP176c,0,MediumTruck
22356,MediumTruck65837,N2_LRP176b,0,MediumTruck
22357,HeavyTruck65843,N2_LRP274e,0,HeavyTruck
22358,MiniBus65852,N2_LRP161a,0,MiniBus
22359,MiniBus65852,N2_LRP161b,0,MiniBus
22360,MiniBus65852,N2_LRP161c,0,MiniBus
22361,MiniBus65855,N2_LRP214b,1.0790197990202033,MiniBus
22362,MediumTruck65857,N1_LRP450a,0,MediumTruck
22363,MediumTruck65860,N102_LRP009a,0,MediumTruck
22364,MediumTruck65865,N105_LRP040c,0,MediumTruck
22365,SmallTruck65869,N2_LRP184c,0,SmallTruck
22366,MediumTruck65872,N1_LRP004b,0,MediumTruck
22367,HeavyTruck65876,N1_LRP077a,0,HeavyTruck
22368,MiniBus65892,N102_LRPSc,0,MiniBus
22369,HeavyTruck65893,N102_LRP082a,0,HeavyTruck
22370,SmallTruck65900,N2_LRP146a,0,SmallTruck
22371,MiniBus65280,N1_LRP171c,0,MiniBus
22372,SmallTruck65281,N1_LRP318a,0,SmallTruck
22373,MediumTruck65282,N2_LRP151a,0,MediumTruck
22374,MediumTruck65285,N105_LRP003a,0,MediumTruck
22375,MediumTruck65289,N102_LRP037c,0,MediumTruck
22376,MediumTruck65289,N102_LRP037d,0,MediumTruck
22377,LargeBus65296,N1_LRP169a,0,LargeBus
22378,LargeBus65298,N2_LRP161a,0,LargeBus
22379,LargeBus65299,N2_LRP130a,0,LargeBus
22380,LargeBus65299,N2_LRP129c,0,LargeBus
22381,LargeBus65299,N2_LRP129b,0,LargeBus
22382,SmallTruck65301,N1_LRP012b,0,SmallTruck
22383,SmallTruck65301,N1_LRP012a,0,SmallTruck
22384,MiniBus65311,N2_LRP074a,0,MiniBus
22385,MediumTruck65312,N2_LRP134b,0,MediumTruck
22386,MediumTruck65312,N2_LRP134c,0,MediumTruck
22387,LargeBus65313,N1_LRP319b,0,LargeBus
22388,LargeBus65313,N1_LRP319a,0,LargeBus
22389,SmallTruck65316,N2_LRP073b,0,SmallTruck
22390,SmallTruck65316,N2_LRP073c,0,SmallTruck
22391,MediumTruck65321,N2_LRP119c,0,MediumTruck
22392,MediumTruck65321,N2_LRP120a,0,MediumTruck
22393,MediumTruck65325,N2_LRP056a,0,MediumTruck
22394,SmallTruck65329,N1_LRP325c,0,SmallTruck
22395,SmallTruck65329,N1_LRP325a,0,SmallTruck
22396,SmallTruck65331,N2_LRP154c,0,SmallTruck
22397,SmallTruck65346,N2_LRP132a,0,SmallTruck
22398,SmallTruck65346,N2_LRP132b,0,SmallTruck
22399,SmallTruck65346,N2_LRP132c,0,SmallTruck
22400,SmallTruck65347,N2_LRP161c,0,SmallTruck
22401,SmallTruck65347,N2_LRP161b,0,SmallTruck
22402,MediumTruck65358,N2_LRP157b,0,MediumTruck
22403,MediumTruck65358,N2_LRP157a,0,MediumTruck
22404,MediumTruck65360,N1_LRP137a,0,MediumTruck
22405,SmallTruck65372,N2_LRP016a,0,SmallTruck
22406,MediumTruck65384,N2_LRP125a,0,MediumTruck
22407,MediumTruck65384,N2_LRP125b,0,MediumTruck
22408,MediumTruck65384,N2_LRP125c,0,MediumTruck
22409,MediumTruck65387,N2_LRP025a,0,MediumTruck
22410,MediumTruck65387,N2_LRP024b,0,MediumTruck
22411,MiniBus65390,N2_LRP153b,0,MiniBus
22412,LargeBus65408,N1_LRP137a,0,LargeBus
22413,MediumTruck65410,N2_LRP118g,0,MediumTruck
22414,LargeBus65411,N2_LRP164d,0,LargeBus
22415,LargeBus65411,N2_LRP164b,0,LargeBus
22416,LargeBus65411,N2_LRP164a,0,LargeBus
22417,SmallTruck65416,N2_LRP117b,0,SmallTruck
22418,LargeBus65419,N2_LRP021a,0,LargeBus
22419,MediumTruck65421,N2_LRP079d,0,MediumTruck
22420,MediumTruck65421,N2_LRP079b,0.3182672021461786,MediumTruck
22421,MediumTruck65425,N1_LRP348a,0,MediumTruck
22422,SmallTruck65430,N1_LRP251a,0,SmallTruck
22423,SmallTruck65443,N2_LRP177a,0,SmallTruck
22424,MediumTruck65457,N1_LRP357f,0,MediumTruck
22425,MediumTruck65457,N1_LRP357d,0,MediumTruck
22426,HeavyTruck65460,N2_LRP041b,0,HeavyTruck
22427,MediumTruck65462,N1_LRP035a,0,MediumTruck
22428,MiniBus65470,N2_LRP171e,0,MiniBus
22429,MediumTruck65474,N2_LRP102a,0,MediumTruck
22430,SmallTruck65483,N2_LRP186b,1.6097798965318915,SmallTruck
22431,SmallTruck65485,N2_LRP093a,0,SmallTruck
22432,HeavyTruck65491,N2_LRP186d,0,HeavyTruck
22433,MediumTruck65497,N2_LRP078a,0,MediumTruck
22434,MiniBus65500,N2_LRP039c,0,MiniBus
22435,LargeBus65505,N1_LRP364d,0,LargeBus
22436,HeavyTruck65506,N2_LRP098b,0.35899157114580765,HeavyTruck
22437,LargeBus65507,N2_LRP183a,0,LargeBus
22438,LargeBus65507,N2_LRP182d,0,LargeBus
22439,MiniBus65515,N2_LRP181c,0,MiniBus
22440,SmallTruck65519,N2_LRP140a,0.1874262666557907,SmallTruck
22441,MediumTruck65521,N1_LRP373a,0,MediumTruck
22442,LargeBus65525,N1_LRP105a,0,LargeBus
22443,MediumTruck65535,N2_LRP140c,1.1393040886379446,MediumTruck
22444,MediumTruck65536,N2_LRP081b,0,MediumTruck
22445,MediumTruck65538,N2_LRP090a,0,MediumTruck
22446,SmallTruck65539,N2_LRP199d,0,SmallTruck
22447,MediumTruck65545,N2_LRP066a,0,MediumTruck
22448,SmallTruck65552,N2_LRP078a,0,SmallTruck
22449,SmallTruck65553,N1_LRP380c,0,SmallTruck
22450,SmallTruck65553,N1_LRP380a,0,SmallTruck
22451,LargeBus65556,N2_LRP025a,0,LargeBus
22452,LargeBus65556,N2_LRP025b,0,LargeBus
22453,MediumTruck65569,N1_LRP389b,0.013122313811897372,MediumTruck
22454,MediumTruck65571,N2_LRP207b,0,MediumTruck
22455,SmallTruck65573,N1_LRP083b,0,SmallTruck
22456,MediumTruck65578,N2_LRP038c,0,MediumTruck
22457,SmallTruck65579,N2_LRP163c,0,SmallTruck
22458,SmallTruck65579,N2_LRP163d,0,SmallTruck
22459,LargeBus65581,N2_LRP108a,0,LargeBus
22460,MiniBus65585,N1_LRP380c,0,MiniBus
22461,MiniBus65585,N1_LRP380a,0,MiniBus
22462,MediumTruck65587,N2_LRP211c,0,MediumTruck
22463,MediumTruck65590,N1_LRP068a,0,MediumTruck
22464,SmallTruck65592,N2_LRP074a,0,SmallTruck
22465,MediumTruck65593,N2_LRP054a,0,MediumTruck
22466,MiniBus65599,N2_LRP156a,0,MiniBus
22467,MiniBus65600,N1_LRP083a,0,MiniBus
22468,MiniBus65600,N1_LRP083b,0,MiniBus
22469,SmallTruck65611,N2_LRP081b,0,SmallTruck
22470,SmallTruck65611,N2_LRP081a,0,SmallTruck
22471,LargeBus65618,N2_LRP073g,0,LargeBus
22472,MediumTruck65623,N1_LRP122a,0,MediumTruck
22473,MediumTruck65624,N2_LRP069c,0,MediumTruck
22474,MediumTruck65624,N2_LRP069e,0,MediumTruck
22475,MediumTruck65624,N2_LRP070a,0,MediumTruck
22476,MediumTruck65630,N2_LRP216a,0,MediumTruck
22477,SmallTruck65631,N2_LRP168c,0,SmallTruck
22478,SmallTruck65631,N2_LRP168a,0,SmallTruck
22479,LargeBus65636,N105_LRP003a,0,LargeBus
22480,MediumTruck65642,N2_LRP177a,0,MediumTruck
22481,MiniBus65647,N2_LRP165d,0,MiniBus
22482,MiniBus65647,N2_LRP165c,0,MiniBus
22483,LargeBus65649,N1_LRP398a,0,LargeBus
22484,LargeBus65650,N2_LRP067c,0,LargeBus
22485,LargeBus65651,N2_LRP219a,0,LargeBus
22486,SmallTruck65653,N102_LRP019b,0,SmallTruck
22487,SmallTruck65653,N102_LRP019a,0,SmallTruck
22488,MediumTruck65658,N2_LRP058c,0,MediumTruck
22489,MediumTruck65661,N208_LRP034d,0,MediumTruck
22490,MediumTruck65661,N208_LRP034c,0,MediumTruck
22491,SmallTruck65667,N2_LRP229a,0.43633155555209696,SmallTruck
22492,MediumTruck65668,N1_LRP023a,0,MediumTruck
22493,MiniBus65674,N2_LRP059a,0,MiniBus
22494,MiniBus65674,N2_LRP058c,0,MiniBus
22495,LargeBus65677,N2_LRP139b,0,LargeBus
22496,LargeBus65677,N2_LRP139a,0,LargeBus
22497,LargeBus65681,N1_LRP408a,0,LargeBus
22498,MediumTruck65682,N2_LRP054a,0,MediumTruck
22499,SmallTruck65684,N102_LRP055c,0,SmallTruck
22500,MediumTruck65692,N2_LRP096c,0,MediumTruck
22501,MediumTruck65694,N208_LRP055a,0,MediumTruck
22502,MediumTruck65696,N1_LRP051a,0,MediumTruck
22503,MiniBus65698,N2_LRP055b,0,MiniBus
22504,MediumTruck65699,N2_LRP236c,0,MediumTruck
22505,LargeBus65707,N2_LRP138a,0,LargeBus
22506,LargeBus65707,N2_LRP138b,0,LargeBus
22507,SmallTruck65709,N2_LRP146a,0,SmallTruck
22508,MiniBus65710,N208_LRP055a,0,MiniBus
22509,MediumTruck65713,N1_LRP417d,0.2550354089395307,MediumTruck
22510,LargeBus65715,N2_LRP236a,0,LargeBus
22511,MediumTruck65720,N2_LRP045b,0,MediumTruck
22512,SmallTruck65725,N2_LRP151b,0,SmallTruck
22513,MediumTruck65729,N1_LRP421d,0,MediumTruck
22514,MediumTruck65730,N2_LRP043a,0.47011572649193667,MediumTruck
22515,MediumTruck65736,N2_LRP042a,0,MediumTruck
22516,MediumTruck65737,N105_LRP006a,0,MediumTruck
22517,MediumTruck65737,N105_LRP005c,0,MediumTruck
22518,LargeBus65745,N1_LRP422b,0,LargeBus
22519,LargeBus65745,N1_LRP421f,0,LargeBus
22520,MediumTruck65748,N102_LRP038b,0,MediumTruck
22521,MediumTruck65748,N102_LRP038d,0,MediumTruck
22522,MediumTruck65752,N105_LRP039b,0,MediumTruck
22523,SmallTruck65755,N2_LRP121a,0,SmallTruck
22524,SmallTruck65755,N2_LRP121c,0,SmallTruck
22525,MediumTruck65761,N1_LRP427e,0,MediumTruck
22526,MediumTruck65761,N1_LRP427d,0,MediumTruck
22527,MediumTruck65761,N1_LRP427b,0,MediumTruck
22528,LargeBus65762,N2_LRP038c,0,LargeBus
22529,LargeBus65762,N2_LRP039a,0,LargeBus
22530,LargeBus65763,N2_LRP249a,0,LargeBus
22531,MediumTruck65768,N105_LRP035d,0,MediumTruck
22532,MediumTruck65773,N2_LRP163d,0,MediumTruck
22533,MediumTruck65773,N2_LRP163c,0,MediumTruck
22534,MediumTruck65773,N2_LRP163b,0,MediumTruck
22535,MediumTruck65773,N2_LRP163a,0,MediumTruck
22536,MediumTruck65777,N1_LRP431b,0,MediumTruck
22537,MediumTruck65777,N1_LRP431a,0,MediumTruck
22538,MediumTruck65777,N1_LRP430c,0,MediumTruck
22539,LargeBus65780,N102_LRP033c,0,LargeBus
22540,SmallTruck65789,N2_LRP166e,0,SmallTruck
22541,SmallTruck65789,N2_LRP166d,0,SmallTruck
22542,SmallTruck65792,N2_LRP018a,0,SmallTruck
22543,LargeBus65794,N2_LRP029b,0,LargeBus
22544,MediumTruck65795,N2_LRP261a,0,MediumTruck
22545,MediumTruck65801,N105_LRP022c,0,MediumTruck
22546,MediumTruck65804,N2_LRP170g,0,MediumTruck
22547,MediumTruck65804,N2_LRP170h,0,MediumTruck
22548,MediumTruck65804,N2_LRP170i,0,MediumTruck
22549,MediumTruck65804,N2_LRP170j,0,MediumTruck
22550,SmallTruck65805,N2_LRP170b,0,SmallTruck
22551,SmallTruck65805,N2_LRP170a,0,SmallTruck
22552,SmallTruck65805,N2_LRP169f,0,SmallTruck
22553,SmallTruck65805,N2_LRP169e,0,SmallTruck
22554,SmallTruck65805,N2_LRP169d,0,SmallTruck
22555,SmallTruck65805,N2_LRP169c,0,SmallTruck
22556,MediumTruck65806,N208_LRP027b,0,MediumTruck
22557,MediumTruck65806,N208_LRP027d,0,MediumTruck
22558,MediumTruck65808,N1_LRP023a,0,MediumTruck
22559,SmallTruck65809,N1_LRP437b,0,SmallTruck
22560,SmallTruck65809,N1_LRP437a,0,SmallTruck
22561,MediumTruck65816,N105_LRP022c,0,MediumTruck
22562,SmallTruck65820,N2_LRP126d,0,SmallTruck
22563,SmallTruck65820,N2_LRP126c,0,SmallTruck
22564,SmallTruck65820,N2_LRP126b,0,SmallTruck
22565,LargeBus65824,N2_LRP012c,0,LargeBus
22566,LargeBus65825,N1_LRP439a,0,LargeBus
22567,LargeBus65826,N2_LRP021a,0,LargeBus
22568,SmallTruck65833,N105_LRP030c,0,SmallTruck
22569,MediumTruck65837,N2_LRP175f,0,MediumTruck
22570,MediumTruck65837,N2_LRP175e,0,MediumTruck
22571,MediumTruck65837,N2_LRP175d,0,MediumTruck
22572,MediumTruck65837,N2_LRP175c,0,MediumTruck
22573,HeavyTruck65841,N1_LRP445d,0,HeavyTruck
22574,HeavyTruck65841,N1_LRP445b,0,HeavyTruck
22575,LargeBus65842,N2_LRP016a,0,LargeBus
22576,MediumTruck65844,N1_LRP068a,0,MediumTruck
22577,MediumTruck65846,N1_LRP134a,0,MediumTruck
22578,SmallTruck65849,N105_LRP035d,0,SmallTruck
22579,MiniBus65852,N2_LRP162a,2.1729867887609995,MiniBus
22580,MediumTruck65857,N1_LRP449d,0,MediumTruck
22581,MediumTruck65857,N1_LRP449c,0,MediumTruck
22582,MediumTruck65865,N105_LRP039b,0,MediumTruck
22583,SmallTruck65869,N2_LRP183d,0.14607196981856524,SmallTruck
22584,MiniBus65871,N208_LRP046b,0,MiniBus
22585,LargeBus65873,N1_LRP452e,0,LargeBus
22586,LargeBus65873,N1_LRP452d,0,LargeBus
22587,LargeBus65873,N1_LRP452c,0,LargeBus
22588,LargeBus65873,N1_LRP452a,0,LargeBus
22589,MediumTruck65878,N1_LRP142a,0,MediumTruck
22590,MediumTruck65880,N105_LRP005c,0,MediumTruck
22591,MediumTruck65880,N105_LRP006a,0,MediumTruck
22592,MiniBus65885,N207_LRP061d,0,MiniBus
22593,MediumTruck65887,N2_LRP224b,0,MediumTruck
22594,MiniBus65888,N1_LRP001a,0,MiniBus
22595,MiniBus65889,N1_LRP456c,0,MiniBus
22596,SmallTruck65891,N2_LRP285c,0,SmallTruck
22597,MiniBus65892,N102_LRP002a,0,MiniBus
22598,MiniBus65892,N102_LRP002b,0,MiniBus
22599,MiniBus65892,N102_LRP002c,0,MiniBus
22600,MiniBus65894,N1_LRP145a,0,MiniBus
22601,SmallTruck65896,N1_LRP014a,0,SmallTruck
22602,MediumTruck65901,N207_LRP066b,0,MediumTruck
22603,MiniBus65280,N1_LRP172a,0,MiniBus
22604,MiniBus65280,N1_LRP172b,0,MiniBus
22605,SmallTruck65281,N1_LRP317a,0.36452782283804486,SmallTruck
22606,MediumTruck65282,N2_LRP151b,0,MediumTruck
22607,MediumTruck65282,N2_LRP152a,0,MediumTruck
22608,MediumTruck65282,N2_LRP152b,0,MediumTruck
22609,MediumTruck65289,N102_LRP038b,0,MediumTruck
22610,MediumTruck65289,N102_LRP038d,0,MediumTruck
22611,MiniBus65295,N2_LRP070c,0,MiniBus
22612,MediumTruck65297,N1_LRP323b,0,MediumTruck
22613,LargeBus65298,N2_LRP161b,0,LargeBus
22614,LargeBus65298,N2_LRP161c,0,LargeBus
22615,LargeBus65298,N2_LRP162a,3.1729867887609995,LargeBus
22616,LargeBus65299,N2_LRP129a,0,LargeBus
22617,LargeBus65299,N2_LRP128b,0,LargeBus
22618,MiniBus65311,N2_LRP073g,0,MiniBus
22619,MiniBus65311,N2_LRP073c,0,MiniBus
22620,MiniBus65311,N2_LRP073b,0,MiniBus
22621,MediumTruck65312,N2_LRP135a,0,MediumTruck
22622,LargeBus65313,N1_LRP318b,0,LargeBus
22623,SmallTruck65316,N2_LRP073g,0,SmallTruck
22624,MediumTruck65321,N2_LRP121a,0,MediumTruck
22625,MediumTruck65325,N2_LRP055b,0,MediumTruck
22626,SmallTruck65331,N2_LRP153b,0,SmallTruck
22627,SmallTruck65331,N2_LRP153a,0,SmallTruck
22628,MediumTruck65336,N2_LRP138a,0,MediumTruck
22629,SmallTruck65346,N2_LRP133a,0,SmallTruck
22630,SmallTruck65347,N2_LRP161a,0,SmallTruck
22631,MediumTruck65358,N2_LRP156a,0,MediumTruck
22632,LargeBus65363,N2_LRP148b,0,LargeBus
22633,MediumTruck65365,N1_LRP027a,0,MediumTruck
22634,MediumTruck65365,N1_LRP026b,0,MediumTruck
22635,SmallTruck65373,N2_LRP064b,0,SmallTruck
22636,SmallTruck65373,N2_LRP064a,0,SmallTruck
22637,MediumTruck65377,N1_LRP339c,0.2340782973785971,MediumTruck
22638,MediumTruck65380,N2_LRP058c,0,MediumTruck
22639,MediumTruck65380,N2_LRP059a,0,MediumTruck
22640,MediumTruck65384,N2_LRP125d,0,MediumTruck
22641,MediumTruck65384,N2_LRP126a,0,MediumTruck
22642,MediumTruck65384,N2_LRP126b,0,MediumTruck
22643,MiniBus65390,N2_LRP153a,0,MiniBus
22644,MiniBus65390,N2_LRP152d,0,MiniBus
22645,MiniBus65390,N2_LRP152c,0,MiniBus
22646,LargeBus65394,N2_LRP132a,0,LargeBus
22647,LargeBus65395,N2_LRP161c,0,LargeBus
22648,LargeBus65395,N2_LRP161b,0,LargeBus
22649,MediumTruck65403,N2_LRP029b,0,MediumTruck
22650,LargeBus65407,N2_LRP098b,1.3589915711458076,LargeBus
22651,MediumTruck65410,N2_LRP119c,0,MediumTruck
22652,MediumTruck65410,N2_LRP120a,0,MediumTruck
22653,LargeBus65411,N2_LRP163d,0,LargeBus
22654,LargeBus65411,N2_LRP163c,0,LargeBus
22655,LargeBus65411,N2_LRP163b,0,LargeBus
22656,SmallTruck65416,N2_LRP118a,0,SmallTruck
22657,MiniBus65418,N1_LRP026a,0,MiniBus
22658,MiniBus65418,N1_LRP026b,0,MiniBus
22659,MediumTruck65421,N2_LRP079a,0,MediumTruck
22660,MediumTruck65425,N1_LRP347b,0,MediumTruck
22661,MediumTruck65425,N1_LRP347a,0,MediumTruck
22662,SmallTruck65427,N2_LRP172d,0,SmallTruck
22663,SmallTruck65427,N2_LRP172c,0,SmallTruck
22664,SmallTruck65430,N1_LRP252a,0,SmallTruck
22665,SmallTruck65430,N1_LRP252c,0,SmallTruck
22666,MediumTruck65441,N1_LRP351a,0,MediumTruck
22667,MiniBus65442,N2_LRP121a,0,MiniBus
22668,SmallTruck65443,N2_LRP176e,0,SmallTruck
22669,SmallTruck65443,N2_LRP176d,0,SmallTruck
22670,SmallTruck65443,N2_LRP176c,0,SmallTruck
22671,SmallTruck65443,N2_LRP176b,0,SmallTruck
22672,MediumTruck65446,N1_LRP030a,0,MediumTruck
22673,MediumTruck65457,N1_LRP357c,0,MediumTruck
22674,MediumTruck65457,N1_LRP357a,0,MediumTruck
22675,SmallTruck65459,N208_LRP004c,0,SmallTruck
22676,HeavyTruck65460,N2_LRP042a,0,HeavyTruck
22677,MediumTruck65465,N2_LRP084a,0,MediumTruck
22678,MiniBus65470,N2_LRP171d,0,MiniBus
22679,MiniBus65470,N2_LRP170j,0,MiniBus
22680,MiniBus65470,N2_LRP170i,0,MiniBus
22681,MiniBus65470,N2_LRP170h,0,MiniBus
22682,MiniBus65470,N2_LRP170g,0,MiniBus
22683,MiniBus65470,N2_LRP170f,0.013060000355070905,MiniBus
22684,MediumTruck65473,N1_LRP360c,0,MediumTruck
22685,MediumTruck65473,N1_LRP360a,0,MediumTruck
22686,MediumTruck65474,N2_LRP103c,0,MediumTruck
22687,SmallTruck65475,N2_LRP184c,0,SmallTruck
22688,HeavyTruck65491,N2_LRP186c,0,HeavyTruck
22689,MediumTruck65497,N2_LRP079a,0,MediumTruck
22690,MiniBus65500,N2_LRP039a,0,MiniBus
22691,MiniBus65500,N2_LRP038c,0,MiniBus
22692,MiniBus65502,N2_LRP177a,0,MiniBus
22693,MiniBus65502,N2_LRP176e,0,MiniBus
22694,MiniBus65502,N2_LRP176d,0,MiniBus
22695,MiniBus65502,N2_LRP176c,0,MiniBus
22696,MiniBus65502,N2_LRP176b,0,MiniBus
22697,LargeBus65505,N1_LRP364c,0,LargeBus
22698,LargeBus65505,N1_LRP364a,0,LargeBus
22699,LargeBus65505,N1_LRP363b,0,LargeBus
22700,LargeBus65507,N2_LRP182b,0,LargeBus
22701,LargeBus65507,N2_LRP182a,0,LargeBus
22702,MediumTruck65513,N1_LRP064c,0,MediumTruck
22703,MiniBus65515,N2_LRP182a,0,MiniBus
22704,MiniBus65515,N2_LRP182b,0,MiniBus
22705,MiniBus65515,N2_LRP182d,0,MiniBus
22706,MediumTruck65521,N1_LRP372c,0,MediumTruck
22707,MediumTruck65521,N1_LRP372a,0,MediumTruck
22708,SmallTruck65532,N2_LRP057b,0,SmallTruck
22709,SmallTruck65532,N2_LRP057a,0,SmallTruck
22710,MediumTruck65533,N2_LRP104a,0,MediumTruck
22711,MediumTruck65545,N2_LRP067c,0,MediumTruck
22712,SmallTruck65552,N2_LRP079a,0,SmallTruck
22713,MediumTruck65554,N1_LRP098a,0,MediumTruck
22714,SmallTruck65563,N2_LRP067c,0,SmallTruck
22715,MediumTruck65569,N1_LRP389a,0,MediumTruck
22716,SmallTruck65579,N2_LRP164a,0,SmallTruck
22717,SmallTruck65579,N2_LRP164b,0,SmallTruck
22718,SmallTruck65579,N2_LRP164d,0,SmallTruck
22719,MediumTruck65586,N2_LRP078a,0,MediumTruck
22720,MediumTruck65587,N2_LRP211b,0,MediumTruck
22721,MediumTruck65589,N102_LRP002c,0,MediumTruck
22722,MediumTruck65589,N102_LRP002b,0,MediumTruck
22723,MediumTruck65589,N102_LRP002a,0,MediumTruck
22724,SmallTruck65592,N2_LRP076a,0,SmallTruck
22725,MediumTruck65593,N2_LRP054b,0,MediumTruck
22726,MiniBus65599,N2_LRP155a,0,MiniBus
22727,MediumTruck65602,N2_LRP073b,0,MediumTruck
22728,MediumTruck65602,N2_LRP073c,0,MediumTruck
22729,MiniBus65603,N2_LRP207b,0,MiniBus
22730,SmallTruck65611,N2_LRP079d,0,SmallTruck
22731,SmallTruck65611,N2_LRP079b,0.07089634671011422,SmallTruck
22732,MediumTruck65612,N2_LRP214b,0.11347298066546616,MediumTruck
22733,LargeBus65618,N2_LRP074a,0,LargeBus
22734,MediumTruck65624,N2_LRP070c,0,MediumTruck
22735,MediumTruck65627,N2_LRP151a,0,MediumTruck
22736,SmallTruck65631,N2_LRP167c,0,SmallTruck
22737,SmallTruck65631,N2_LRP167b,0,SmallTruck
22738,LargeBus65632,N2_LRP064a,0,LargeBus
22739,LargeBus65632,N2_LRP064b,0,LargeBus
22740,MediumTruck65633,N1_LRP400a,0,MediumTruck
22741,SmallTruck65634,N1_LRP077a,0,SmallTruck
22742,MiniBus65639,N1_LRP119a,0,MiniBus
22743,MediumTruck65642,N2_LRP178a,0,MediumTruck
22744,MiniBus65647,N2_LRP164d,0,MiniBus
22745,MiniBus65647,N2_LRP164b,0,MiniBus
22746,MiniBus65647,N2_LRP164a,0,MiniBus
22747,MediumTruck65648,N1_LRP064c,0,MediumTruck
22748,SmallTruck65654,N1_LRP083b,0,SmallTruck
22749,MediumTruck65656,N2_LRP060c,0,MediumTruck
22750,MediumTruck65656,N2_LRP061a,0,MediumTruck
22751,MediumTruck65666,N1_LRP068a,0,MediumTruck
22752,SmallTruck65667,N2_LRP228b,0,SmallTruck
22753,HeavyTruck65669,N102_LRP022a,0,HeavyTruck
22754,LargeBus65677,N2_LRP138b,0,LargeBus
22755,LargeBus65677,N2_LRP138a,0,LargeBus
22756,MediumTruck65682,N2_LRP054b,0,MediumTruck
22757,MediumTruck65692,N2_LRP096a,0,MediumTruck
22758,MediumTruck65692,N2_LRP095a,0,MediumTruck
22759,SmallTruck65697,N1_LRP414a,0,SmallTruck
22760,MiniBus65698,N2_LRP056a,0,MiniBus
22761,MediumTruck65699,N2_LRP236a,0,MediumTruck
22762,MediumTruck65699,N2_LRP235a,0,MediumTruck
22763,LargeBus65707,N2_LRP139a,0,LargeBus
22764,LargeBus65707,N2_LRP139b,0,LargeBus
22765,MediumTruck65708,N2_LRP098b,2.3589915711458076,MediumTruck
22766,LargeBus65715,N2_LRP235a,0,LargeBus
22767,SmallTruck65725,N2_LRP151a,0,SmallTruck
22768,MediumTruck65729,N1_LRP420e,0,MediumTruck
22769,MediumTruck65729,N1_LRP420d,0,MediumTruck
22770,HeavyTruck65731,N2_LRP243b,0,HeavyTruck
22771,HeavyTruck65733,N102_LRP038d,0,HeavyTruck
22772,MediumTruck65736,N2_LRP043a,0.004769796511279809,MediumTruck
22773,MiniBus65738,N2_LRP072a,0,MiniBus
22774,LargeBus65745,N1_LRP421d,0,LargeBus
22775,LargeBus65747,N2_LRP243b,0,LargeBus
22776,MediumTruck65751,N104_LRP010a,0,MediumTruck
22777,MediumTruck65752,N105_LRP040c,0,MediumTruck
22778,SmallTruck65755,N2_LRP122b,0,SmallTruck
22779,MediumTruck65760,N1_LRP035a,0,MediumTruck
22780,MediumTruck65761,N1_LRP426e,0,MediumTruck
22781,MediumTruck65761,N1_LRP426d,0,MediumTruck
22782,LargeBus65762,N2_LRP039c,0,LargeBus
22783,LargeBus65763,N2_LRP248a,0,LargeBus
22784,MediumTruck65773,N2_LRP162e,0,MediumTruck
22785,MediumTruck65773,N2_LRP162d,0,MediumTruck
22786,MediumTruck65773,N2_LRP162c,0,MediumTruck
22787,MediumTruck65777,N1_LRP430b,0,MediumTruck
22788,MediumTruck65777,N1_LRP430a,0,MediumTruck
22789,MediumTruck65777,N1_LRP429f,0,MediumTruck
22790,LargeBus65780,N102_LRP034b,0,LargeBus
22791,MediumTruck65785,N105_LRP017c,0,MediumTruck
22792,SmallTruck65786,N2_LRP146a,0,SmallTruck
22793,MiniBus65790,N208_LRP034c,0,MiniBus
22794,MiniBus65790,N208_LRP034d,0,MiniBus
22795,MediumTruck65791,N2_LRP258a,0,MediumTruck
22796,LargeBus65793,N1_LRP431b,0,LargeBus
22797,LargeBus65793,N1_LRP431a,0,LargeBus
22798,LargeBus65793,N1_LRP430c,0,LargeBus
22799,MediumTruck65797,N102_LRP055c,0,MediumTruck
22800,SmallTruck65800,N105_LRP027c,0,SmallTruck
22801,MediumTruck65801,N105_LRP021d,0,MediumTruck
22802,MediumTruck65804,N2_LRP171d,0,MediumTruck
22803,MediumTruck65804,N2_LRP171e,0,MediumTruck
22804,MediumTruck65804,N2_LRP171f,0.016741287846006005,MediumTruck
22805,SmallTruck65805,N2_LRP169b,0,SmallTruck
22806,MediumTruck65806,N208_LRP027f,0,MediumTruck
22807,SmallTruck65809,N1_LRP436a,0,SmallTruck
22808,LargeBus65811,N2_LRP262a,0,LargeBus
22809,LargeBus65811,N2_LRP261b,0,LargeBus
22810,MediumTruck65812,N1_LRP105a,0,MediumTruck
22811,MediumTruck65816,N105_LRP023c,0,MediumTruck
22812,SmallTruck65820,N2_LRP126a,0,SmallTruck
22813,SmallTruck65820,N2_LRP125d,0,SmallTruck
22814,SmallTruck65820,N2_LRP125c,0,SmallTruck
22815,SmallTruck65820,N2_LRP125b,0,SmallTruck
22816,MediumTruck65823,N2_LRP249a,0,MediumTruck
22817,LargeBus65824,N2_LRP012f,0,LargeBus
22818,LargeBus65825,N1_LRP438c,0,LargeBus
22819,LargeBus65825,N1_LRP438b,0,LargeBus
22820,LargeBus65826,N2_LRP021b,0,LargeBus
22821,HeavyTruck65828,N102_LRP019a,0,HeavyTruck
22822,HeavyTruck65828,N102_LRP019b,0,HeavyTruck
22823,HeavyTruck65841,N1_LRP444e,0,HeavyTruck
22824,HeavyTruck65841,N1_LRP444d,0,HeavyTruck
22825,HeavyTruck65841,N1_LRP444c,0,HeavyTruck
22826,HeavyTruck65841,N1_LRP444b,0,HeavyTruck
22827,HeavyTruck65841,N1_LRP444a,0,HeavyTruck
22828,MediumTruck65857,N1_LRP448a,0,MediumTruck
22829,SmallTruck65862,N1_LRP137a,0,SmallTruck
22830,SmallTruck65869,N2_LRP183c,0,SmallTruck
22831,LargeBus65873,N1_LRP451e,0,LargeBus
22832,LargeBus65873,N1_LRP451b,0,LargeBus
22833,LargeBus65873,N1_LRP450e,0.0680834503445312,LargeBus
22834,MediumTruck65881,N105_LRP042b,0,MediumTruck
22835,MiniBus65889,N1_LRP456a,0,MiniBus
22836,SmallTruck65891,N2_LRP285a,0,SmallTruck
22837,SmallTruck65891,N2_LRP284c,0,SmallTruck
22838,SmallTruck65898,N204_LRP003b,0,SmallTruck
22839,MediumTruck65903,N208_LRP055a,0,MediumTruck
22840,MiniBus65280,N1_LRP173a,0.02662717708089462,MiniBus
22841,SmallTruck65281,N1_LRP316a,0,SmallTruck
22842,MediumTruck65282,N2_LRP152c,0,MediumTruck
22843,MediumTruck65282,N2_LRP152d,0,MediumTruck
22844,MediumTruck65282,N2_LRP153a,0,MediumTruck
22845,MiniBus65295,N2_LRP070a,0,MiniBus
22846,MiniBus65295,N2_LRP069e,0,MiniBus
22847,MiniBus65295,N2_LRP069c,0,MiniBus
22848,LargeBus65299,N2_LRP128a,0,LargeBus
22849,LargeBus65299,N2_LRP127c,0,LargeBus
22850,MediumTruck65312,N2_LRP135b,0,MediumTruck
22851,LargeBus65313,N1_LRP318a,0,LargeBus
22852,LargeBus65313,N1_LRP317a,1.9792464965289858,LargeBus
22853,SmallTruck65316,N2_LRP074a,0,SmallTruck
22854,MediumTruck65321,N2_LRP121c,0,MediumTruck
22855,MediumTruck65325,N2_LRP054b,0,MediumTruck
22856,MediumTruck65325,N2_LRP054a,0,MediumTruck
22857,LargeBus65328,N2_LRP141a,0,LargeBus
22858,LargeBus65328,N2_LRP141b,0,LargeBus
22859,SmallTruck65329,N1_LRP323b,0,SmallTruck
22860,SmallTruck65331,N2_LRP152d,0,SmallTruck
22861,SmallTruck65331,N2_LRP152c,0,SmallTruck
22862,SmallTruck65331,N2_LRP152b,0,SmallTruck
22863,SmallTruck65331,N2_LRP152a,0,SmallTruck
22864,MediumTruck65336,N2_LRP138b,0,MediumTruck
22865,MediumTruck65336,N2_LRP139a,0,MediumTruck
22866,MediumTruck65341,N2_LRP061a,0,MediumTruck
22867,MediumTruck65342,N2_LRP148b,0,MediumTruck
22868,SmallTruck65346,N2_LRP134b,0,SmallTruck
22869,SmallTruck65346,N2_LRP134c,0,SmallTruck
22870,SmallTruck65347,N2_LRP160a,0,SmallTruck
22871,MediumTruck65351,N1_LRP051a,0,MediumTruck
22872,SmallTruck65355,N2_LRP216a,0,SmallTruck
22873,SmallTruck65355,N2_LRP216b,0,SmallTruck
22874,MiniBus65361,N1_LRP327a,0.16628549107831062,MiniBus
22875,LargeBus65363,N2_LRP147d,0,LargeBus
22876,LargeBus65363,N2_LRP147b,0,LargeBus
22877,MediumTruck65365,N1_LRP026a,0,MediumTruck
22878,LargeBus65376,N1_LRP148a,0,LargeBus
22879,MediumTruck65377,N1_LRP339a,0,MediumTruck
22880,MediumTruck65384,N2_LRP126c,0,MediumTruck
22881,MediumTruck65384,N2_LRP126d,0,MediumTruck
22882,MediumTruck65384,N2_LRP127b,0,MediumTruck
22883,MiniBus65390,N2_LRP152b,0,MiniBus
22884,MiniBus65390,N2_LRP152a,0,MiniBus
22885,MiniBus65390,N2_LRP151b,0,MiniBus
22886,LargeBus65394,N2_LRP132b,0,LargeBus
22887,LargeBus65394,N2_LRP132c,0,LargeBus
22888,LargeBus65395,N2_LRP161a,0,LargeBus
22889,MediumTruck65402,N1_LRP020a,0,MediumTruck
22890,MiniBus65405,N2_LRP061a,0,MiniBus
22891,MiniBus65405,N2_LRP060c,0,MiniBus
22892,MediumTruck65410,N2_LRP121a,0,MediumTruck
22893,LargeBus65411,N2_LRP163a,0,LargeBus
22894,LargeBus65411,N2_LRP162e,0,LargeBus
22895,LargeBus65411,N2_LRP162d,0,LargeBus
22896,LargeBus65411,N2_LRP162c,0,LargeBus
22897,SmallTruck65416,N2_LRP118b,0,SmallTruck
22898,SmallTruck65416,N2_LRP118e,0,SmallTruck
22899,MiniBus65418,N1_LRP027a,0,MiniBus
22900,LargeBus65419,N2_LRP018a,0,LargeBus
22901,LargeBus65422,N2_LRP161c,0,LargeBus
22902,LargeBus65422,N2_LRP161b,0,LargeBus
22903,MediumTruck65426,N1_LRP131b,0,MediumTruck
22904,SmallTruck65427,N2_LRP171f,0.03642611604115921,SmallTruck
22905,MediumTruck65440,N1_LRP118d,0,MediumTruck
22906,MediumTruck65440,N1_LRP119a,0,MediumTruck
22907,MediumTruck65441,N1_LRP350a,0,MediumTruck
22908,MiniBus65442,N2_LRP121c,0,MiniBus
22909,MiniBus65442,N2_LRP122b,0,MiniBus
22910,SmallTruck65443,N2_LRP175f,0,SmallTruck
22911,SmallTruck65443,N2_LRP175e,0,SmallTruck
22912,SmallTruck65443,N2_LRP175d,0,SmallTruck
22913,SmallTruck65443,N2_LRP175c,0,SmallTruck
22914,HeavyTruck65460,N2_LRP043a,0.11459439934869438,HeavyTruck
22915,MediumTruck65462,N1_LRP034a,0,MediumTruck
22916,MiniBus65470,N2_LRP170e,0,MiniBus
22917,MiniBus65470,N2_LRP170c,0,MiniBus
22918,MediumTruck65474,N2_LRP104a,0,MediumTruck
22919,SmallTruck65475,N2_LRP183d,0.5871956270957065,SmallTruck
22920,SmallTruck65483,N2_LRP186c,0,SmallTruck
22921,SmallTruck65485,N2_LRP092b,0,SmallTruck
22922,SmallTruck65485,N2_LRP092a,0,SmallTruck
22923,SmallTruck65485,N2_LRP091b,0,SmallTruck
22924,MediumTruck65489,N1_LRP364d,0,MediumTruck
22925,HeavyTruck65491,N2_LRP186b,0.3618751508464024,HeavyTruck
22926,MediumTruck65497,N2_LRP079b,0.576736746347801,MediumTruck
22927,MiniBus65502,N2_LRP175f,0,MiniBus
22928,MiniBus65502,N2_LRP175e,0,MiniBus
22929,MiniBus65502,N2_LRP175d,0,MiniBus
22930,MiniBus65502,N2_LRP175c,0,MiniBus
22931,LargeBus65507,N2_LRP181c,0,LargeBus
22932,MiniBus65515,N2_LRP183a,0,MiniBus
22933,MiniBus65515,N2_LRP183c,0,MiniBus
22934,SmallTruck65519,N2_LRP139b,0,SmallTruck
22935,SmallTruck65519,N2_LRP139a,0,SmallTruck
22936,MediumTruck65521,N1_LRP371c,0,MediumTruck
22937,MediumTruck65521,N1_LRP371a,0,MediumTruck
22938,SmallTruck65522,N2_LRP095a,0,SmallTruck
22939,SmallTruck65522,N2_LRP096a,0,SmallTruck
22940,LargeBus65525,N1_LRP107a,0,LargeBus
22941,SmallTruck65532,N2_LRP056a,0,SmallTruck
22942,MediumTruck65537,N1_LRP377f,0,MediumTruck
22943,MediumTruck65538,N2_LRP091b,0,MediumTruck
22944,SmallTruck65552,N2_LRP079b,1.576736746347801,SmallTruck
22945,MediumTruck65569,N1_LRP388a,0,MediumTruck
22946,LargeBus65570,N2_LRP090a,0,LargeBus
22947,SmallTruck65579,N2_LRP165c,0,SmallTruck
22948,SmallTruck65579,N2_LRP165d,0,SmallTruck
22949,LargeBus65581,N2_LRP106b,0,LargeBus
22950,LargeBus65581,N2_LRP106a,0,LargeBus
22951,MediumTruck65586,N2_LRP079a,0,MediumTruck
22952,SmallTruck65592,N2_LRP076b,0,SmallTruck
22953,MediumTruck65593,N2_LRP055b,0,MediumTruck
22954,MediumTruck65593,N2_LRP056a,0,MediumTruck
22955,MiniBus65599,N2_LRP154c,0,MiniBus
22956,MediumTruck65602,N2_LRP073g,0,MediumTruck
22957,MiniBus65603,N2_LRP206b,0,MiniBus
22958,MediumTruck65616,N2_LRP064a,0,MediumTruck
22959,LargeBus65618,N2_LRP076a,0,LargeBus
22960,LargeBus65621,N102_LRP002c,0,LargeBus
22961,LargeBus65621,N102_LRP002b,0,LargeBus
22962,LargeBus65621,N102_LRP002a,0,LargeBus
22963,MediumTruck65627,N2_LRP151b,0,MediumTruck
22964,MediumTruck65627,N2_LRP152a,0,MediumTruck
22965,MediumTruck65627,N2_LRP152b,0,MediumTruck
22966,MediumTruck65630,N2_LRP214b,0.18120752077045416,MediumTruck
22967,SmallTruck65631,N2_LRP166e,0,SmallTruck
22968,SmallTruck65631,N2_LRP166d,0,SmallTruck
22969,MediumTruck65633,N1_LRP398d,0.1640552676911535,MediumTruck
22970,MediumTruck65635,N2_LRP221b,0,MediumTruck
22971,LargeBus65636,N105_LRP005c,0,LargeBus
22972,MiniBus65639,N1_LRP118d,0,MiniBus
22973,MediumTruck65642,N2_LRP178b,0,MediumTruck
22974,MediumTruck65642,N2_LRP179a,0,MediumTruck
22975,MiniBus65647,N2_LRP163d,0,MiniBus
22976,MiniBus65647,N2_LRP163c,0,MiniBus
22977,MiniBus65647,N2_LRP163b,0,MiniBus
22978,SmallTruck65654,N1_LRP083a,0,SmallTruck
22979,MediumTruck65658,N2_LRP057b,0,MediumTruck
22980,MediumTruck65658,N2_LRP057a,0,MediumTruck
22981,MiniBus65674,N2_LRP057b,0,MiniBus
22982,MiniBus65674,N2_LRP057a,0,MiniBus
22983,LargeBus65676,N2_LRP206b,0,LargeBus
22984,MediumTruck65682,N2_LRP055b,0,MediumTruck
22985,MediumTruck65682,N2_LRP056a,0,MediumTruck
22986,LargeBus65683,N208_LRP055a,0,LargeBus
22987,MiniBus65698,N2_LRP057a,0,MiniBus
22988,MiniBus65698,N2_LRP057b,0,MiniBus
22989,SmallTruck65701,N102_LRP029d,0,SmallTruck
22990,LargeBus65707,N2_LRP140a,0.02599641887857569,LargeBus
22991,MiniBus65710,N2_LRP228b,0,MiniBus
22992,MediumTruck65711,N208_LRP004c,0,MediumTruck
22993,MediumTruck65713,N1_LRP417b,0,MediumTruck
22994,MediumTruck65713,N1_LRP416e,0,MediumTruck
22995,MediumTruck65713,N1_LRP416d,0,MediumTruck
22996,HeavyTruck65717,N102_LRP034b,0,HeavyTruck
22997,MediumTruck65719,N1_LRP145a,0,MediumTruck
22998,MediumTruck65720,N2_LRP046c,0,MediumTruck
22999,MediumTruck65720,N2_LRP047a,0,MediumTruck
23000,MediumTruck65720,N2_LRP047c,0,MediumTruck
23001,MiniBus65721,N2_LRP029b,0,MiniBus
23002,SmallTruck65727,N2_LRP184c,0,SmallTruck
23003,MediumTruck65729,N1_LRP420c,0,MediumTruck
23004,MediumTruck65729,N1_LRP420a,0,MediumTruck
23005,MediumTruck65730,N2_LRP043d,0,MediumTruck
23006,MediumTruck65730,N2_LRP044a,0,MediumTruck
23007,HeavyTruck65731,N2_LRP243a,0,HeavyTruck
23008,HeavyTruck65733,N102_LRP038b,0,HeavyTruck
23009,HeavyTruck65733,N102_LRP037d,0,HeavyTruck
23010,MediumTruck65734,N104_LRP044d,0,MediumTruck
23011,LargeBus65745,N1_LRP420e,0,LargeBus
23012,LargeBus65745,N1_LRP420d,0,LargeBus
23013,LargeBus65745,N1_LRP420c,0,LargeBus
23014,LargeBus65745,N1_LRP420a,0,LargeBus
23015,LargeBus65747,N2_LRP243a,0,LargeBus
23016,MediumTruck65752,N105_LRP041c,0,MediumTruck
23017,SmallTruck65755,N2_LRP123c,0,SmallTruck
23018,MediumTruck65760,N1_LRP036c,0,MediumTruck
23019,MediumTruck65761,N1_LRP426c,0,MediumTruck
23020,MediumTruck65761,N1_LRP426b,0,MediumTruck
23021,MediumTruck65761,N1_LRP426a,0,MediumTruck
23022,MediumTruck65761,N1_LRP425e,0,MediumTruck
23023,LargeBus65762,N2_LRP040a,0,LargeBus
23024,LargeBus65762,N2_LRP040b,0,LargeBus
23025,MediumTruck65773,N2_LRP162a,3.1729867887609995,MediumTruck
23026,MediumTruck65777,N1_LRP429c,0,MediumTruck
23027,MediumTruck65777,N1_LRP429b,0,MediumTruck
23028,MediumTruck65777,N1_LRP429a,0,MediumTruck
23029,LargeBus65782,N1_LRP112a,0,LargeBus
23030,MediumTruck65783,N104_LRP017b,0,MediumTruck
23031,SmallTruck65786,N2_LRP147a,0,SmallTruck
23032,SmallTruck65786,N2_LRP147b,0,SmallTruck
23033,MiniBus65787,N2_LRP118a,0,MiniBus
23034,MiniBus65787,N2_LRP118b,0,MiniBus
23035,SmallTruck65789,N2_LRP165d,0,SmallTruck
23036,SmallTruck65789,N2_LRP165c,0,SmallTruck
23037,SmallTruck65789,N2_LRP164d,0,SmallTruck
23038,LargeBus65793,N1_LRP430b,0,LargeBus
23039,LargeBus65793,N1_LRP430a,0,LargeBus
23040,LargeBus65793,N1_LRP429f,0,LargeBus
23041,MediumTruck65801,N105_LRP020c,0,MediumTruck
23042,SmallTruck65805,N2_LRP168c,0,SmallTruck
23043,SmallTruck65805,N2_LRP168a,0,SmallTruck
23044,MediumTruck65806,N208_LRP028d,0,MediumTruck
23045,SmallTruck65809,N1_LRP435c,0,SmallTruck
23046,MediumTruck65810,N2_LRP024b,0,MediumTruck
23047,LargeBus65811,N2_LRP261a,0,LargeBus
23048,MediumTruck65813,N102_LRP058a,0,MediumTruck
23049,MediumTruck65817,N105_LRP024c,0,MediumTruck
23050,SmallTruck65820,N2_LRP125a,0,SmallTruck
23051,SmallTruck65820,N2_LRP124c,0,SmallTruck
23052,SmallTruck65822,N208_LRP024d,0,SmallTruck
23053,LargeBus65825,N1_LRP438a,0,LargeBus
23054,MediumTruck65829,N102_LRP062c,0,MediumTruck
23055,MediumTruck65829,N102_LRP062b,0,MediumTruck
23056,HeavyTruck65841,N1_LRP443d,0,HeavyTruck
23057,HeavyTruck65841,N1_LRP443c,0,HeavyTruck
23058,MediumTruck65857,N1_LRP447c,0,MediumTruck
23059,MediumTruck65859,N2_LRP276a,0,MediumTruck
23060,SmallTruck65869,N2_LRP183a,0,SmallTruck
23061,SmallTruck65869,N2_LRP182d,0,SmallTruck
23062,SmallTruck65870,N208_LRP011b,0,SmallTruck
23063,LargeBus65873,N1_LRP450c,0,LargeBus
23064,MiniBus65884,N207_LRP008c,0,MiniBus
23065,MiniBus65889,N1_LRP455a,0,MiniBus
23066,SmallTruck65891,N2_LRP284b,0,SmallTruck
23067,MiniBus65280,N1_LRP173b,0,MiniBus
23068,MediumTruck65282,N2_LRP153b,0,MediumTruck
23069,MediumTruck65285,N105_LRP005c,0,MediumTruck
23070,MediumTruck65285,N105_LRP006a,0,MediumTruck
23071,LargeBus65296,N1_LRP171a,1.0041214323307521,LargeBus
23072,MediumTruck65297,N1_LRP322a,0,MediumTruck
23073,LargeBus65299,N2_LRP127b,0,LargeBus
23074,LargeBus65299,N2_LRP126d,0,LargeBus
23075,LargeBus65299,N2_LRP126c,0,LargeBus
23076,LargeBus65299,N2_LRP126b,0,LargeBus
23077,MiniBus65311,N2_LRP072a,0,MiniBus
23078,MediumTruck65314,N2_LRP146a,0,MediumTruck
23079,SmallTruck65316,N2_LRP076a,0,SmallTruck
23080,MediumTruck65321,N2_LRP122b,0,MediumTruck
23081,MediumTruck65325,N2_LRP053a,0,MediumTruck
23082,SmallTruck65331,N2_LRP151b,0,SmallTruck
23083,MediumTruck65336,N2_LRP139b,0,MediumTruck
23084,MediumTruck65336,N2_LRP140a,1.0259964188785757,MediumTruck
23085,MediumTruck65337,N2_LRP117a,0.004361999865822811,MediumTruck
23086,MediumTruck65341,N2_LRP060c,0,MediumTruck
23087,MediumTruck65342,N2_LRP147d,0,MediumTruck
23088,MediumTruck65342,N2_LRP147b,0,MediumTruck
23089,SmallTruck65346,N2_LRP135a,0,SmallTruck
23090,SmallTruck65347,N2_LRP159d,0,SmallTruck
23091,SmallTruck65347,N2_LRP159c,0,SmallTruck
23092,SmallTruck65347,N2_LRP159b,0,SmallTruck
23093,MediumTruck65356,N2_LRP012f,0,MediumTruck
23094,MediumTruck65358,N2_LRP155a,0,MediumTruck
23095,LargeBus65363,N2_LRP147a,0,LargeBus
23096,LargeBus65366,N2_LRP016a,0,LargeBus
23097,LargeBus65376,N1_LRP149a,0,LargeBus
23098,LargeBus65376,N1_LRP149c,0,LargeBus
23099,MediumTruck65380,N2_LRP060c,0,MediumTruck
23100,MediumTruck65380,N2_LRP061a,0,MediumTruck
23101,MediumTruck65382,N1_LRP014a,0,MediumTruck
23102,MediumTruck65384,N2_LRP127c,0,MediumTruck
23103,MediumTruck65384,N2_LRP128a,0,MediumTruck
23104,MiniBus65390,N2_LRP151a,0,MiniBus
23105,MediumTruck65392,N1_LRP131b,0,MediumTruck
23106,MiniBus65393,N1_LRP336a,0,MiniBus
23107,LargeBus65394,N2_LRP133a,0,LargeBus
23108,LargeBus65395,N2_LRP160a,0,LargeBus
23109,MediumTruck65404,N2_LRP025b,0,MediumTruck
23110,MediumTruck65409,N1_LRP342c,0,MediumTruck
23111,MediumTruck65409,N1_LRP342a,1.3451912470741105,MediumTruck
23112,MediumTruck65410,N2_LRP121c,0,MediumTruck
23113,LargeBus65411,N2_LRP162a,4.1729867887609995,LargeBus
23114,SmallTruck65416,N2_LRP118g,0,SmallTruck
23115,MediumTruck65421,N2_LRP078a,0,MediumTruck
23116,LargeBus65422,N2_LRP161a,0,LargeBus
23117,SmallTruck65427,N2_LRP171e,0,SmallTruck
23118,LargeBus65434,N105_LRP039b,0,LargeBus
23119,MiniBus65442,N2_LRP123c,0,MiniBus
23120,MediumTruck65462,N1_LRP033b,0,MediumTruck
23121,MediumTruck65462,N1_LRP033a,0,MediumTruck
23122,MiniBus65470,N2_LRP170b,0,MiniBus
23123,MiniBus65470,N2_LRP170a,0,MiniBus
23124,MiniBus65470,N2_LRP169f,0,MiniBus
23125,MiniBus65470,N2_LRP169e,0,MiniBus
23126,MiniBus65470,N2_LRP169d,0,MiniBus
23127,MiniBus65470,N2_LRP169c,0,MiniBus
23128,MediumTruck65473,N1_LRP359b,0,MediumTruck
23129,MediumTruck65473,N1_LRP359a,0,MediumTruck
23130,SmallTruck65475,N2_LRP183c,0,SmallTruck
23131,SmallTruck65483,N2_LRP186d,0,SmallTruck
23132,MediumTruck65489,N1_LRP364c,0,MediumTruck
23133,MediumTruck65489,N1_LRP364a,0,MediumTruck
23134,LargeBus65495,N1_LRP077a,0,LargeBus
23135,MediumTruck65497,N2_LRP079d,0,MediumTruck
23136,LargeBus65507,N2_LRP180c,0,LargeBus
23137,LargeBus65507,N2_LRP180a,0,LargeBus
23138,MiniBus65515,N2_LRP183d,0.12199551064207674,MiniBus
23139,SmallTruck65519,N2_LRP138b,0,SmallTruck
23140,MediumTruck65521,N1_LRP370e,0,MediumTruck
23141,SmallTruck65522,N2_LRP096c,0,SmallTruck
23142,SmallTruck65532,N2_LRP055b,0,SmallTruck
23143,MediumTruck65533,N2_LRP103c,0,MediumTruck
23144,MediumTruck65535,N2_LRP140a,2.0259964188785755,MediumTruck
23145,MediumTruck65536,N2_LRP084a,0,MediumTruck
23146,MediumTruck65537,N1_LRP377d,0,MediumTruck
23147,MediumTruck65537,N1_LRP377c,0,MediumTruck
23148,MediumTruck65537,N1_LRP377a,0,MediumTruck
23149,MediumTruck65538,N2_LRP092a,0,MediumTruck
23150,MediumTruck65538,N2_LRP092b,0,MediumTruck
23151,MediumTruck65551,N2_LRP141b,0,MediumTruck
23152,MediumTruck65551,N2_LRP141a,0,MediumTruck
23153,SmallTruck65553,N1_LRP377f,0,SmallTruck
23154,SmallTruck65563,N2_LRP066a,0,SmallTruck
23155,MediumTruck65569,N1_LRP387f,0,MediumTruck
23156,MediumTruck65569,N1_LRP387e,0,MediumTruck
23157,MediumTruck65571,N2_LRP206b,0,MediumTruck
23158,MediumTruck65578,N2_LRP035b,0,MediumTruck
23159,MiniBus65585,N1_LRP377f,0,MiniBus
23160,MiniBus65585,N1_LRP377d,0,MiniBus
23161,MediumTruck65586,N2_LRP079b,1.3790594930383326,MediumTruck
23162,MediumTruck65588,N102_LRP082a,0,MediumTruck
23163,MediumTruck65589,N102_LRPSc,0,MediumTruck
23164,MediumTruck65593,N2_LRP057a,0,MediumTruck
23165,MiniBus65599,N2_LRP153b,0,MiniBus
23166,MediumTruck65602,N2_LRP074a,0,MediumTruck
23167,SmallTruck65611,N2_LRP079a,0,SmallTruck
23168,MediumTruck65616,N2_LRP064b,0,MediumTruck
23169,LargeBus65618,N2_LRP076b,0,LargeBus
23170,SmallTruck65619,N2_LRP216b,0,SmallTruck
23171,MediumTruck65623,N1_LRP120b,0,MediumTruck
23172,MediumTruck65624,N2_LRP072a,0,MediumTruck
23173,MediumTruck65627,N2_LRP152c,0,MediumTruck
23174,MediumTruck65627,N2_LRP152d,0,MediumTruck
23175,MediumTruck65627,N2_LRP153a,0,MediumTruck
23176,LargeBus65632,N2_LRP066a,0,LargeBus
23177,MediumTruck65633,N1_LRP398a,0,MediumTruck
23178,LargeBus65636,N105_LRP006a,0,LargeBus
23179,MediumTruck65642,N2_LRP180a,0,MediumTruck
23180,MiniBus65647,N2_LRP163a,0,MiniBus
23181,MiniBus65647,N2_LRP162e,0,MiniBus
23182,MiniBus65647,N2_LRP162d,0,MiniBus
23183,MiniBus65647,N2_LRP162c,0,MiniBus
23184,LargeBus65650,N2_LRP069c,0,LargeBus
23185,LargeBus65650,N2_LRP069e,0,LargeBus
23186,LargeBus65650,N2_LRP070a,0,LargeBus
23187,LargeBus65650,N2_LRP070c,0,LargeBus
23188,LargeBus65651,N2_LRP216b,0,LargeBus
23189,SmallTruck65653,N102_LRP017a,0,SmallTruck
23190,MediumTruck65658,N2_LRP056a,0,MediumTruck
23191,MediumTruck65661,N208_LRP031d,0,MediumTruck
23192,SmallTruck65667,N2_LRP226d,0,SmallTruck
23193,SmallTruck65667,N2_LRP226c,0,SmallTruck
23194,MiniBus65674,N2_LRP056a,0,MiniBus
23195,LargeBus65676,N2_LRP207b,0,LargeBus
23196,MediumTruck65682,N2_LRP057a,0,MediumTruck
23197,SmallTruck65697,N1_LRP412d,0,SmallTruck
23198,SmallTruck65697,N1_LRP412b,0,SmallTruck
23199,MediumTruck65713,N1_LRP415c,6.165062358678171,MediumTruck
23200,HeavyTruck65717,N102_LRP033c,0,HeavyTruck
23201,MediumTruck65720,N2_LRP048a,0,MediumTruck
23202,SmallTruck65727,N2_LRP183d,0.267253550465779,SmallTruck
23203,MediumTruck65729,N1_LRP418b,0,MediumTruck
23204,MediumTruck65730,N2_LRP044c,0,MediumTruck
23205,HeavyTruck65731,N2_LRP242a,0,HeavyTruck
23206,SmallTruck65732,N102_LRP045a,0,SmallTruck
23207,HeavyTruck65733,N102_LRP037c,0,HeavyTruck
23208,MediumTruck65736,N2_LRP043d,0,MediumTruck
23209,MediumTruck65736,N2_LRP044a,0,MediumTruck
23210,MediumTruck65737,N105_LRP003a,0,MediumTruck
23211,MiniBus65738,N2_LRP070c,0,MiniBus
23212,LargeBus65747,N2_LRP242a,0,LargeBus
23213,SmallTruck65754,N2_LRP081b,0,SmallTruck
23214,SmallTruck65754,N2_LRP081a,0,SmallTruck
23215,SmallTruck65755,N2_LRP123d,0,SmallTruck
23216,SmallTruck65755,N2_LRP123e,0,SmallTruck
23217,MediumTruck65761,N1_LRP425c,0.004446259355054696,MediumTruck
23218,LargeBus65762,N2_LRP041b,0,LargeBus
23219,LargeBus65763,N2_LRP246c,0,LargeBus
23220,MediumTruck65765,N102_LRP045a,0,MediumTruck
23221,SmallTruck65776,N1_LRP033a,0,SmallTruck
23222,SmallTruck65776,N1_LRP033b,0,SmallTruck
23223,MediumTruck65777,N1_LRP428d,0,MediumTruck
23224,MediumTruck65777,N1_LRP428c,0,MediumTruck
23225,MediumTruck65777,N1_LRP428b,0,MediumTruck
23226,MediumTruck65777,N1_LRP428a,0,MediumTruck
23227,SmallTruck65786,N2_LRP147d,0,SmallTruck
23228,SmallTruck65786,N2_LRP148b,0,SmallTruck
23229,MiniBus65787,N2_LRP118e,0,MiniBus
23230,MiniBus65787,N2_LRP118g,0,MiniBus
23231,SmallTruck65789,N2_LRP164b,0,SmallTruck
23232,SmallTruck65789,N2_LRP164a,0,SmallTruck
23233,SmallTruck65792,N2_LRP021a,0,SmallTruck
23234,LargeBus65793,N1_LRP429c,0,LargeBus
23235,LargeBus65793,N1_LRP429b,0,LargeBus
23236,LargeBus65793,N1_LRP429a,0,LargeBus
23237,LargeBus65793,N1_LRP428d,0,LargeBus
23238,LargeBus65793,N1_LRP428c,0,LargeBus
23239,MediumTruck65795,N2_LRP258a,0,MediumTruck
23240,LargeBus65799,N104_LRP017b,0,LargeBus
23241,MediumTruck65804,N2_LRP172c,0,MediumTruck
23242,MediumTruck65804,N2_LRP172d,0,MediumTruck
23243,SmallTruck65805,N2_LRP167c,0,SmallTruck
23244,SmallTruck65805,N2_LRP167b,0,SmallTruck
23245,MediumTruck65806,N208_LRP029c,0,MediumTruck
23246,MediumTruck65810,N2_LRP025a,0,MediumTruck
23247,MediumTruck65810,N2_LRP025b,0,MediumTruck
23248,MediumTruck65812,N1_LRP107a,0,MediumTruck
23249,MediumTruck65816,N105_LRP024c,0,MediumTruck
23250,SmallTruck65820,N2_LRP123e,0,SmallTruck
23251,SmallTruck65820,N2_LRP123d,0,SmallTruck
23252,LargeBus65825,N1_LRP437b,0,LargeBus
23253,LargeBus65825,N1_LRP437a,0,LargeBus
23254,SmallTruck65830,N1_LRP127a,0,SmallTruck
23255,SmallTruck65831,N104_LRP028a,0,SmallTruck
23256,LargeBus65842,N2_LRP018a,0,LargeBus
23257,MediumTruck65845,N102_LRP065a,0,MediumTruck
23258,MediumTruck65846,N1_LRP131b,0,MediumTruck
23259,SmallTruck65849,N105_LRP032c,0,SmallTruck
23260,SmallTruck65849,N105_LRP032b,0,SmallTruck
23261,MiniBus65852,N2_LRP162c,0,MiniBus
23262,MiniBus65852,N2_LRP162d,0,MiniBus
23263,MediumTruck65857,N1_LRP447b,0,MediumTruck
23264,MediumTruck65857,N1_LRP447a,0,MediumTruck
23265,MediumTruck65857,N1_LRP446d,0,MediumTruck
23266,MediumTruck65857,N1_LRP446b,0,MediumTruck
23267,SmallTruck65862,N1_LRP136a,0,SmallTruck
23268,SmallTruck65869,N2_LRP182b,0,SmallTruck
23269,SmallTruck65869,N2_LRP182a,0,SmallTruck
23270,LargeBus65873,N1_LRP450a,0,LargeBus
23271,MediumTruck65881,N105_LRP041c,0,MediumTruck
23272,MediumTruck65887,N2_LRP221b,0,MediumTruck
23273,MiniBus65888,N1_LRP004b,0,MiniBus
23274,SmallTruck65891,N2_LRP283b,0,SmallTruck
23275,MiniBus65894,N1_LRP143a,0,MiniBus
23276,MediumTruck65902,N208_LRP004c,0,MediumTruck
23277,LargeBus65910,N104_LRPSa,0,LargeBus
23278,MiniBus65280,N1_LRP174a,0.3595897849056138,MiniBus
23279,SmallTruck65281,N1_LRP315a,0,SmallTruck
23280,MediumTruck65282,N2_LRP154c,0,MediumTruck
23281,MiniBus65295,N2_LRP067c,0,MiniBus
23282,MediumTruck65297,N1_LRP321d,0,MediumTruck
23283,MediumTruck65297,N1_LRP321b,0,MediumTruck
23284,LargeBus65299,N2_LRP126a,0,LargeBus
23285,LargeBus65299,N2_LRP125d,0,LargeBus
23286,LargeBus65313,N1_LRP316a,0,LargeBus
23287,MediumTruck65314,N2_LRP147a,0,MediumTruck
23288,MediumTruck65314,N2_LRP147b,0,MediumTruck
23289,SmallTruck65316,N2_LRP076b,0,SmallTruck
23290,MediumTruck65321,N2_LRP123c,0,MediumTruck
23291,MediumTruck65321,N2_LRP123d,0,MediumTruck
23292,MediumTruck65325,N2_LRP052a,0,MediumTruck
23293,SmallTruck65329,N1_LRP322a,0,SmallTruck
23294,SmallTruck65331,N2_LRP151a,0,SmallTruck
23295,MediumTruck65337,N2_LRP117b,0,MediumTruck
23296,MediumTruck65341,N2_LRP059a,0,MediumTruck
23297,MediumTruck65342,N2_LRP147a,0,MediumTruck
23298,MediumTruck65345,N1_LRP327a,0.36421377119318277,MediumTruck
23299,SmallTruck65346,N2_LRP135b,0,SmallTruck
23300,SmallTruck65347,N2_LRP158a,0,SmallTruck
23301,MediumTruck65356,N2_LRP012c,0,MediumTruck
23302,MediumTruck65358,N2_LRP154c,0,MediumTruck
23303,LargeBus65363,N2_LRP146a,0,LargeBus
23304,SmallTruck65372,N2_LRP012f,0,SmallTruck
23305,MediumTruck65382,N1_LRP012b,0,MediumTruck
23306,MediumTruck65382,N1_LRP012a,0,MediumTruck
23307,MediumTruck65384,N2_LRP128b,0,MediumTruck
23308,MediumTruck65387,N2_LRP021b,0,MediumTruck
23309,MiniBus65393,N1_LRP335a,0,MiniBus
23310,LargeBus65394,N2_LRP134b,0,LargeBus
23311,LargeBus65394,N2_LRP134c,0,LargeBus
23312,LargeBus65395,N2_LRP159d,0,LargeBus
23313,LargeBus65395,N2_LRP159c,0,LargeBus
23314,LargeBus65395,N2_LRP159b,0,LargeBus
23315,MediumTruck65404,N2_LRP025a,0,MediumTruck
23316,MediumTruck65404,N2_LRP024b,0,MediumTruck
23317,MiniBus65405,N2_LRP059a,0,MiniBus
23318,MiniBus65405,N2_LRP058c,0,MiniBus
23319,LargeBus65407,N2_LRP097a,0,LargeBus
23320,MediumTruck65410,N2_LRP122b,0,MediumTruck
23321,SmallTruck65416,N2_LRP119c,0,SmallTruck
23322,SmallTruck65416,N2_LRP120a,0,SmallTruck
23323,MediumTruck65421,N2_LRP076b,0,MediumTruck
23324,LargeBus65422,N2_LRP160a,0,LargeBus
23325,SmallTruck65427,N2_LRP171d,0,SmallTruck
23326,SmallTruck65427,N2_LRP170j,0,SmallTruck
23327,SmallTruck65427,N2_LRP170i,0,SmallTruck
23328,SmallTruck65427,N2_LRP170h,0,SmallTruck
23329,SmallTruck65427,N2_LRP170g,0,SmallTruck
23330,SmallTruck65427,N2_LRP170f,0.11313993648545158,SmallTruck
23331,LargeBus65431,N1_LRP230a,0.003199284239045318,LargeBus
23332,MediumTruck65440,N1_LRP120b,0,MediumTruck
23333,MediumTruck65441,N1_LRP349a,0,MediumTruck
23334,MediumTruck65441,N1_LRP348b,0,MediumTruck
23335,MiniBus65442,N2_LRP123d,0,MiniBus
23336,MiniBus65442,N2_LRP123e,0,MiniBus
23337,SmallTruck65449,N102_LRPSc,0,SmallTruck
23338,HeavyTruck65460,N2_LRP043d,0,HeavyTruck
23339,HeavyTruck65460,N2_LRP044a,0,HeavyTruck
23340,MediumTruck65465,N2_LRP086a,0,MediumTruck
23341,MiniBus65470,N2_LRP169b,0,MiniBus
23342,MiniBus65470,N2_LRP168c,0,MiniBus
23343,MediumTruck65473,N1_LRP358b,0,MediumTruck
23344,MediumTruck65473,N1_LRP358a,0,MediumTruck
23345,MediumTruck65474,N2_LRP106a,0,MediumTruck
23346,SmallTruck65475,N2_LRP183a,0,SmallTruck
23347,SmallTruck65475,N2_LRP182d,0,SmallTruck
23348,SmallTruck65483,N2_LRP187b,0,SmallTruck
23349,SmallTruck65485,N2_LRP090a,0,SmallTruck
23350,MediumTruck65489,N1_LRP363b,0,MediumTruck
23351,SmallTruck65490,N2_LRP102a,0,SmallTruck
23352,MediumTruck65497,N2_LRP081a,0,MediumTruck
23353,MiniBus65500,N2_LRP035b,0,MiniBus
23354,LargeBus65505,N1_LRP360c,0,LargeBus
23355,LargeBus65507,N2_LRP179a,0,LargeBus
23356,SmallTruck65519,N2_LRP138a,0,SmallTruck
23357,MediumTruck65521,N1_LRP370c,0,MediumTruck
23358,MediumTruck65521,N1_LRP370a,0,MediumTruck
23359,MediumTruck65521,N1_LRP369c,0,MediumTruck
23360,SmallTruck65522,N2_LRP097a,0,SmallTruck
23361,LargeBus65525,N1_LRP109a,0,LargeBus
23362,SmallTruck65532,N2_LRP054b,0,SmallTruck
23363,SmallTruck65532,N2_LRP054a,0,SmallTruck
23364,MediumTruck65533,N2_LRP102a,0,MediumTruck
23365,MediumTruck65537,N1_LRP376a,0,MediumTruck
23366,MediumTruck65538,N2_LRP093a,0,MediumTruck
23367,MediumTruck65545,N2_LRP069c,0,MediumTruck
23368,MediumTruck65545,N2_LRP069e,0,MediumTruck
23369,MediumTruck65545,N2_LRP070a,0,MediumTruck
23370,MediumTruck65551,N2_LRP140c,0.06599595631577546,MediumTruck
23371,SmallTruck65552,N2_LRP079d,0,SmallTruck
23372,SmallTruck65553,N1_LRP377d,0,SmallTruck
23373,SmallTruck65553,N1_LRP377c,0,SmallTruck
23374,SmallTruck65553,N1_LRP377a,0,SmallTruck
23375,MediumTruck65569,N1_LRP387b,0,MediumTruck
23376,MediumTruck65569,N1_LRP387a,0,MediumTruck
23377,MediumTruck65569,N1_LRP386f,0,MediumTruck
23378,MediumTruck65569,N1_LRP386e,0,MediumTruck
23379,LargeBus65570,N2_LRP091b,0,LargeBus
23380,LargeBus65570,N2_LRP092a,0,LargeBus
23381,LargeBus65570,N2_LRP092b,0,LargeBus
23382,SmallTruck65579,N2_LRP166d,0,SmallTruck
23383,SmallTruck65579,N2_LRP166e,0,SmallTruck
23384,SmallTruck65579,N2_LRP167b,0,SmallTruck
23385,LargeBus65581,N2_LRP104a,0,LargeBus
23386,MediumTruck65584,N1_LRP083a,0,MediumTruck
23387,MediumTruck65584,N1_LRP083b,0,MediumTruck
23388,MiniBus65585,N1_LRP377c,0,MiniBus
23389,MiniBus65585,N1_LRP377a,0,MiniBus
23390,SmallTruck65592,N2_LRP078a,0,SmallTruck
23391,MediumTruck65593,N2_LRP057b,0,MediumTruck
23392,MiniBus65599,N2_LRP153a,0,MiniBus
23393,MiniBus65599,N2_LRP152d,0,MiniBus
23394,MiniBus65599,N2_LRP152c,0,MiniBus
23395,MediumTruck65601,N1_LRP391a,0,MediumTruck
23396,MediumTruck65602,N2_LRP076a,0,MediumTruck
23397,SmallTruck65611,N2_LRP078a,0,SmallTruck
23398,MediumTruck65612,N2_LRP216a,0,MediumTruck
23399,MediumTruck65612,N2_LRP216b,0,MediumTruck
23400,LargeBus65617,N1_LRP391a,0,LargeBus
23401,SmallTruck65619,N2_LRP216a,0,SmallTruck
23402,LargeBus65621,N102_LRPSc,0,LargeBus
23403,MediumTruck65627,N2_LRP153b,0,MediumTruck
23404,SmallTruck65631,N2_LRP165d,0,SmallTruck
23405,SmallTruck65631,N2_LRP165c,0,SmallTruck
23406,SmallTruck65631,N2_LRP164d,0,SmallTruck
23407,LargeBus65632,N2_LRP067c,0,LargeBus
23408,MediumTruck65635,N2_LRP219a,0,MediumTruck
23409,MediumTruck65638,N1_LRP077a,0,MediumTruck
23410,MediumTruck65642,N2_LRP180c,0,MediumTruck
23411,MiniBus65647,N2_LRP162a,4.1729867887609995,MiniBus
23412,LargeBus65651,N2_LRP216a,0,LargeBus
23413,SmallTruck65654,N102_LRPSc,0,SmallTruck
23414,MediumTruck65658,N2_LRP055b,0,MediumTruck
23415,MediumTruck65661,N208_LRP031b,0,MediumTruck
23416,MediumTruck65668,N1_LRP020a,0,MediumTruck
23417,MiniBus65674,N2_LRP055b,0,MiniBus
23418,LargeBus65677,N2_LRP135b,0,LargeBus
23419,LargeBus65677,N2_LRP135a,0,LargeBus
23420,MediumTruck65682,N2_LRP057b,0,MediumTruck
23421,SmallTruck65684,N102_LRP058a,0,SmallTruck
23422,MediumTruck65692,N2_LRP093a,0,MediumTruck
23423,SmallTruck65697,N1_LRP412a,0,SmallTruck
23424,SmallTruck65697,N1_LRP411b,0,SmallTruck
23425,MiniBus65698,N2_LRP058c,0,MiniBus
23426,MiniBus65698,N2_LRP059a,0,MiniBus
23427,SmallTruck65701,N102_LRP028c,0,SmallTruck
23428,MiniBus65702,N1_LRP088a,0,MiniBus
23429,LargeBus65707,N2_LRP140c,0.08283720907870594,LargeBus
23430,MiniBus65710,N2_LRP226d,0,MiniBus
23431,LargeBus65714,N1_LRP064c,0,LargeBus
23432,MediumTruck65719,N1_LRP143a,0,MediumTruck
23433,MediumTruck65720,N2_LRP048b,0,MediumTruck
23434,SmallTruck65724,N204_LRP020b,0,SmallTruck
23435,SmallTruck65725,N2_LRP148b,0,SmallTruck
23436,SmallTruck65727,N2_LRP183c,0,SmallTruck
23437,MediumTruck65730,N2_LRP045b,0,MediumTruck
23438,HeavyTruck65731,N2_LRP241c,0,HeavyTruck
23439,HeavyTruck65733,N102_LRP036d,0,HeavyTruck
23440,HeavyTruck65733,N102_LRP036b,0,HeavyTruck
23441,MediumTruck65736,N2_LRP044c,0,MediumTruck
23442,MiniBus65738,N2_LRP070a,0,MiniBus
23443,MiniBus65738,N2_LRP069e,0,MiniBus
23444,MiniBus65738,N2_LRP069c,0,MiniBus
23445,SmallTruck65742,N208_LRP046b,0,SmallTruck
23446,LargeBus65745,N1_LRP418b,0,LargeBus
23447,LargeBus65747,N2_LRP241c,0,LargeBus
23448,MediumTruck65752,N105_LRP042b,0,MediumTruck
23449,SmallTruck65754,N2_LRP079d,0,SmallTruck
23450,SmallTruck65754,N2_LRP079b,0.43365790077505845,SmallTruck
23451,SmallTruck65755,N2_LRP124c,0,SmallTruck
23452,SmallTruck65759,N2_LRP188a,0,SmallTruck
23453,MediumTruck65761,N1_LRP425b,0,MediumTruck
23454,MediumTruck65761,N1_LRP425a,0,MediumTruck
23455,LargeBus65762,N2_LRP042a,0,LargeBus
23456,SmallTruck65776,N1_LRP034a,0,SmallTruck
23457,MediumTruck65777,N1_LRP427e,0,MediumTruck
23458,MediumTruck65777,N1_LRP427d,0,MediumTruck
23459,MediumTruck65777,N1_LRP427b,0,MediumTruck
23460,LargeBus65780,N102_LRP036b,0,LargeBus
23461,LargeBus65780,N102_LRP036d,0,LargeBus
23462,LargeBus65782,N1_LRP111a,0,LargeBus
23463,MiniBus65787,N2_LRP119c,0,MiniBus
23464,MiniBus65787,N2_LRP120a,0,MiniBus
23465,SmallTruck65789,N2_LRP163d,0,SmallTruck
23466,SmallTruck65789,N2_LRP163c,0,SmallTruck
23467,SmallTruck65789,N2_LRP163b,0,SmallTruck
23468,SmallTruck65789,N2_LRP163a,0,SmallTruck
23469,MediumTruck65791,N2_LRP261a,0,MediumTruck
23470,MediumTruck65791,N2_LRP261b,0,MediumTruck
23471,SmallTruck65792,N2_LRP021b,0,SmallTruck
23472,LargeBus65793,N1_LRP428b,0,LargeBus
23473,LargeBus65793,N1_LRP428a,0,LargeBus
23474,LargeBus65793,N1_LRP427e,0,LargeBus
23475,SmallTruck65805,N2_LRP166e,0,SmallTruck
23476,SmallTruck65805,N2_LRP166d,0,SmallTruck
23477,MediumTruck65817,N105_LRP023c,0,MediumTruck
23478,SmallTruck65820,N2_LRP123c,0,SmallTruck
23479,LargeBus65825,N1_LRP436a,0,LargeBus
23480,LargeBus65825,N1_LRP435c,0,LargeBus
23481,SmallTruck65833,N105_LRP027c,0,SmallTruck
23482,MediumTruck65837,N2_LRP172d,0,MediumTruck
23483,MediumTruck65837,N2_LRP172c,0,MediumTruck
23484,MiniBus65839,N208_LRP034d,0,MiniBus
23485,MiniBus65839,N208_LRP034c,0,MiniBus
23486,HeavyTruck65841,N1_LRP441a,0,HeavyTruck
23487,MediumTruck65848,N105_LRP017c,0,MediumTruck
23488,MediumTruck65850,N204_LRP020b,0,MediumTruck
23489,SmallTruck65851,N204_LRP020b,0,SmallTruck
23490,MiniBus65852,N2_LRP162e,0,MiniBus
23491,MiniBus65852,N2_LRP163a,0,MiniBus
23492,MiniBus65852,N2_LRP163b,0,MiniBus
23493,MiniBus65855,N2_LRP211c,0,MiniBus
23494,MiniBus65855,N2_LRP211b,0,MiniBus
23495,MediumTruck65859,N2_LRP274e,0,MediumTruck
23496,SmallTruck65869,N2_LRP181c,0,SmallTruck
23497,LargeBus65873,N1_LRP449d,0,LargeBus
23498,LargeBus65873,N1_LRP449c,0,LargeBus
23499,MediumTruck65881,N105_LRP040c,0,MediumTruck
23500,MiniBus65894,N1_LRP142a,0,MiniBus
23501,MediumTruck65895,N104_LRP044d,0,MediumTruck
23502,SmallTruck65900,N2_LRP141b,0,SmallTruck
23503,SmallTruck65900,N2_LRP141a,0,SmallTruck
23504,MediumTruck65908,N102_LRPSc,0,MediumTruck
23505,MediumTruck65909,N102_LRP082a,0,MediumTruck
23506,MiniBus65280,N1_LRP174b,0,MiniBus
23507,MiniBus65280,N1_LRP174c,0,MiniBus
23508,SmallTruck65281,N1_LRP314a,0,SmallTruck
23509,MediumTruck65282,N2_LRP155a,0,MediumTruck
23510,MiniBus65295,N2_LRP066a,0,MiniBus
23511,LargeBus65296,N1_LRP171b,0,LargeBus
23512,MediumTruck65297,N1_LRP321a,0,MediumTruck
23513,LargeBus65298,N2_LRP162c,0,LargeBus
23514,LargeBus65298,N2_LRP162d,0,LargeBus
23515,LargeBus65299,N2_LRP125c,0,LargeBus
23516,LargeBus65299,N2_LRP125b,0,LargeBus
23517,LargeBus65299,N2_LRP125a,0,LargeBus
23518,SmallTruck65301,N105_LRP003a,0,SmallTruck
23519,SmallTruck65303,N1_LRP036c,0,SmallTruck
23520,MiniBus65311,N2_LRP070c,0,MiniBus
23521,MediumTruck65312,N2_LRP138a,0,MediumTruck
23522,LargeBus65313,N1_LRP315a,0,LargeBus
23523,MediumTruck65314,N2_LRP147d,0,MediumTruck
23524,MediumTruck65314,N2_LRP148b,0,MediumTruck
23525,MediumTruck65321,N2_LRP123e,0,MediumTruck
23526,MediumTruck65321,N2_LRP124c,0,MediumTruck
23527,SmallTruck65323,N105_LRP006a,0,SmallTruck
23528,MediumTruck65326,N2_LRP141b,0,MediumTruck
23529,MediumTruck65326,N2_LRP141a,0,MediumTruck
23530,SmallTruck65329,N1_LRP321d,0,SmallTruck
23531,SmallTruck65329,N1_LRP321b,0,SmallTruck
23532,MediumTruck65334,N2_LRP012c,0,MediumTruck
23533,MediumTruck65337,N2_LRP118a,0,MediumTruck
23534,MediumTruck65341,N2_LRP058c,0,MediumTruck
23535,MediumTruck65342,N2_LRP146a,0,MediumTruck
23536,MediumTruck65358,N2_LRP153b,0,MediumTruck
23537,MediumTruck65358,N2_LRP153a,0,MediumTruck
23538,MiniBus65361,N1_LRP325c,0,MiniBus
23539,MiniBus65361,N1_LRP325a,0,MiniBus
23540,LargeBus65366,N2_LRP018a,0,LargeBus
23541,SmallTruck65372,N2_LRP012c,0,SmallTruck
23542,SmallTruck65373,N2_LRP061a,0,SmallTruck
23543,MediumTruck65384,N2_LRP129a,0,MediumTruck
23544,MediumTruck65384,N2_LRP129b,0,MediumTruck
23545,MediumTruck65384,N2_LRP129c,0,MediumTruck
23546,MediumTruck65387,N2_LRP021a,0,MediumTruck
23547,LargeBus65394,N2_LRP135a,0,LargeBus
23548,LargeBus65394,N2_LRP135b,0,LargeBus
23549,LargeBus65395,N2_LRP158a,0,LargeBus
23550,MediumTruck65403,N2_LRP025b,0,MediumTruck
23551,LargeBus65407,N2_LRP096c,0,LargeBus
23552,LargeBus65407,N2_LRP096a,0,LargeBus
23553,MediumTruck65410,N2_LRP123c,0,MediumTruck
23554,MediumTruck65410,N2_LRP123d,0,MediumTruck
23555,SmallTruck65416,N2_LRP121a,0,SmallTruck
23556,MiniBus65418,N1_LRP030a,0,MiniBus
23557,LargeBus65419,N2_LRP016a,0,LargeBus
23558,MediumTruck65421,N2_LRP076a,0,MediumTruck
23559,LargeBus65422,N2_LRP159d,0,LargeBus
23560,LargeBus65422,N2_LRP159c,0,LargeBus
23561,LargeBus65422,N2_LRP159b,0,LargeBus
23562,MediumTruck65426,N1_LRP134a,0,MediumTruck
23563,SmallTruck65427,N2_LRP170e,0,SmallTruck
23564,SmallTruck65427,N2_LRP170c,0,SmallTruck
23565,SmallTruck65430,N1_LRP255a,0,SmallTruck
23566,LargeBus65434,N105_LRP040c,0,LargeBus
23567,MediumTruck65436,N2_LRP029b,0,MediumTruck
23568,MediumTruck65441,N1_LRP348a,0,MediumTruck
23569,MiniBus65442,N2_LRP124c,0,MiniBus
23570,MiniBus65442,N2_LRP125a,0,MiniBus
23571,MediumTruck65446,N1_LRP027a,0,MediumTruck
23572,MediumTruck65446,N1_LRP026b,0,MediumTruck
23573,HeavyTruck65460,N2_LRP044c,0,HeavyTruck
23574,MediumTruck65465,N2_LRP087a,0,MediumTruck
23575,MiniBus65470,N2_LRP168a,0,MiniBus
23576,MiniBus65470,N2_LRP167c,0,MiniBus
23577,MediumTruck65473,N1_LRP357f,0,MediumTruck
23578,MediumTruck65473,N1_LRP357d,0,MediumTruck
23579,MediumTruck65474,N2_LRP106b,0,MediumTruck
23580,SmallTruck65475,N2_LRP182b,0,SmallTruck
23581,SmallTruck65475,N2_LRP182a,0,SmallTruck
23582,SmallTruck65483,N2_LRP188a,0,SmallTruck
23583,SmallTruck65490,N2_LRP103c,0,SmallTruck
23584,HeavyTruck65491,N2_LRP184c,0,HeavyTruck
23585,MediumTruck65497,N2_LRP081b,0,MediumTruck
23586,LargeBus65505,N1_LRP360a,0,LargeBus
23587,LargeBus65507,N2_LRP178b,0,LargeBus
23588,LargeBus65507,N2_LRP178a,0,LargeBus
23589,LargeBus65509,N1_LRP051a,0,LargeBus
23590,MiniBus65515,N2_LRP184c,0,MiniBus
23591,SmallTruck65517,N2_LRP098b,0.36142769393818497,SmallTruck
23592,MediumTruck65521,N1_LRP369b,0,MediumTruck
23593,MediumTruck65521,N1_LRP369a,0,MediumTruck
23594,SmallTruck65522,N2_LRP098b,1.361427693938185,SmallTruck
23595,SmallTruck65532,N2_LRP053a,0,SmallTruck
23596,MediumTruck65537,N1_LRP375c,0,MediumTruck
23597,MediumTruck65545,N2_LRP070c,0,MediumTruck
23598,SmallTruck65552,N2_LRP081a,0,SmallTruck
23599,SmallTruck65553,N1_LRP376a,0,SmallTruck
23600,MediumTruck65555,N2_LRP200c,0,MediumTruck
23601,LargeBus65556,N2_LRP029b,0,LargeBus
23602,SmallTruck65563,N2_LRP064b,0,SmallTruck
23603,SmallTruck65563,N2_LRP064a,0,SmallTruck
23604,MediumTruck65568,N1_LRP088a,0,MediumTruck
23605,MediumTruck65569,N1_LRP386c,0,MediumTruck
23606,MediumTruck65569,N1_LRP386a,0,MediumTruck
23607,MediumTruck65569,N1_LRP385g,0,MediumTruck
23608,LargeBus65570,N2_LRP093a,0,LargeBus
23609,LargeBus65575,N1_LRP098a,0,LargeBus
23610,SmallTruck65577,N1_LRP051a,0,SmallTruck
23611,SmallTruck65579,N2_LRP167c,0,SmallTruck
23612,LargeBus65581,N2_LRP103c,0,LargeBus
23613,MiniBus65585,N1_LRP376a,0,MiniBus
23614,MiniBus65585,N1_LRP375c,0,MiniBus
23615,MediumTruck65586,N2_LRP079d,0,MediumTruck
23616,MediumTruck65587,N2_LRP207b,0,MediumTruck
23617,MediumTruck65590,N1_LRP064c,0,MediumTruck
23618,SmallTruck65592,N2_LRP079a,0,SmallTruck
23619,MiniBus65599,N2_LRP152b,0,MiniBus
23620,MiniBus65599,N2_LRP152a,0,MiniBus
23621,MiniBus65599,N2_LRP151b,0,MiniBus
23622,MediumTruck65602,N2_LRP076b,0,MediumTruck
23623,MediumTruck65606,N1_LRP068a,0,MediumTruck
23624,MediumTruck65616,N2_LRP066a,0,MediumTruck
23625,LargeBus65617,N1_LRP390a,0,LargeBus
23626,LargeBus65618,N2_LRP078a,0,LargeBus
23627,MediumTruck65623,N1_LRP119a,0,MediumTruck
23628,MediumTruck65623,N1_LRP118d,0,MediumTruck
23629,MediumTruck65624,N2_LRP073b,0,MediumTruck
23630,MediumTruck65624,N2_LRP073c,0,MediumTruck
23631,MediumTruck65627,N2_LRP154c,0,MediumTruck
23632,SmallTruck65631,N2_LRP164b,0,SmallTruck
23633,SmallTruck65631,N2_LRP164a,0,SmallTruck
23634,MediumTruck65642,N2_LRP181c,0,MediumTruck
23635,LargeBus65650,N2_LRP072a,0,LargeBus
23636,LargeBus65651,N2_LRP214b,0.08640747485850414,LargeBus
23637,SmallTruck65653,N102_LRP015a,0,SmallTruck
23638,SmallTruck65654,N102_LRP002a,0,SmallTruck
23639,MediumTruck65656,N2_LRP064a,0,MediumTruck
23640,MediumTruck65658,N2_LRP054b,0,MediumTruck
23641,MediumTruck65658,N2_LRP054a,0,MediumTruck
23642,MediumTruck65665,N1_LRP403a,0,MediumTruck
23643,SmallTruck65667,N2_LRP225c,0.005046465965414062,SmallTruck
23644,HeavyTruck65669,N102_LRP019b,0,HeavyTruck
23645,HeavyTruck65669,N102_LRP019a,0,HeavyTruck
23646,MiniBus65674,N2_LRP054b,0,MiniBus
23647,LargeBus65677,N2_LRP134c,0,LargeBus
23648,LargeBus65681,N1_LRP403a,0,LargeBus
23649,SmallTruck65697,N1_LRP411a,0,SmallTruck
23650,HeavyTruck65700,N102_LRP055c,0,HeavyTruck
23651,MediumTruck65708,N2_LRP097a,0,MediumTruck
23652,MiniBus65710,N2_LRP226c,0,MiniBus
23653,SmallTruck65712,N1_LRP051a,0,SmallTruck
23654,LargeBus65715,N2_LRP231d,0,LargeBus
23655,LargeBus65715,N2_LRP231c,0,LargeBus
23656,SmallTruck65725,N2_LRP147d,0,SmallTruck
23657,SmallTruck65725,N2_LRP147b,0,SmallTruck
23658,SmallTruck65727,N2_LRP183a,0,SmallTruck
23659,SmallTruck65727,N2_LRP182d,0,SmallTruck
23660,MediumTruck65729,N1_LRP417d,0.10925733270186114,MediumTruck
23661,MediumTruck65736,N2_LRP045b,0,MediumTruck
23662,LargeBus65745,N1_LRP417d,0.48436687927834937,LargeBus
23663,SmallTruck65754,N2_LRP079a,0,SmallTruck
23664,SmallTruck65755,N2_LRP125a,0,SmallTruck
23665,SmallTruck65755,N2_LRP125b,0,SmallTruck
23666,SmallTruck65755,N2_LRP125c,0,SmallTruck
23667,SmallTruck65755,N2_LRP125d,0,SmallTruck
23668,SmallTruck65759,N2_LRP187b,0,SmallTruck
23669,MediumTruck65761,N1_LRP424e,0,MediumTruck
23670,MediumTruck65761,N1_LRP424c,0,MediumTruck
23671,MediumTruck65761,N1_LRP424b,0,MediumTruck
23672,MediumTruck65761,N1_LRP424a,0.07174222913686153,MediumTruck
23673,LargeBus65762,N2_LRP043a,0.01534366512217861,LargeBus
23674,MediumTruck65768,N105_LRP039b,0,MediumTruck
23675,MediumTruck65777,N1_LRP426e,0,MediumTruck
23676,MediumTruck65777,N1_LRP426d,0,MediumTruck
23677,LargeBus65780,N102_LRP037c,0,LargeBus
23678,LargeBus65780,N102_LRP037d,0,LargeBus
23679,MiniBus65787,N2_LRP121a,0,MiniBus
23680,SmallTruck65789,N2_LRP162e,0,SmallTruck
23681,SmallTruck65789,N2_LRP162d,0,SmallTruck
23682,SmallTruck65789,N2_LRP162c,0,SmallTruck
23683,MediumTruck65791,N2_LRP262a,0,MediumTruck
23684,LargeBus65793,N1_LRP427d,0,LargeBus
23685,LargeBus65793,N1_LRP427b,0,LargeBus
23686,SmallTruck65800,N105_LRP030c,0,SmallTruck
23687,MediumTruck65806,N208_LRP031b,0,MediumTruck
23688,MediumTruck65806,N208_LRP031d,0,MediumTruck
23689,MediumTruck65808,N1_LRP026a,0,MediumTruck
23690,MediumTruck65808,N1_LRP026b,0,MediumTruck
23691,SmallTruck65809,N1_LRP433c,0,SmallTruck
23692,SmallTruck65809,N1_LRP433b,0.9378246095651875,SmallTruck
23693,LargeBus65811,N2_LRP258a,0,LargeBus
23694,MediumTruck65812,N1_LRP109a,0,MediumTruck
23695,MediumTruck65817,N105_LRP022c,0,MediumTruck
23696,SmallTruck65820,N2_LRP122b,0,SmallTruck
23697,SmallTruck65822,N208_LRP027b,0,SmallTruck
23698,SmallTruck65822,N208_LRP027d,0,SmallTruck
23699,LargeBus65824,N2_LRP016a,0,LargeBus
23700,LargeBus65826,N2_LRP024b,0,LargeBus
23701,LargeBus65826,N2_LRP025a,0,LargeBus
23702,HeavyTruck65828,N102_LRP022a,0,HeavyTruck
23703,MediumTruck65837,N2_LRP171f,0.04681971634021716,MediumTruck
23704,LargeBus65840,N1_LRP020a,0,LargeBus
23705,LargeBus65842,N2_LRP021a,0,LargeBus
23706,MediumTruck65844,N1_LRP064c,0,MediumTruck
23707,SmallTruck65849,N105_LRP030c,0,SmallTruck
23708,MiniBus65852,N2_LRP163c,0,MiniBus
23709,MiniBus65852,N2_LRP163d,0,MiniBus
23710,MediumTruck65857,N1_LRP445d,0,MediumTruck
23711,MediumTruck65857,N1_LRP445b,0,MediumTruck
23712,SmallTruck65862,N1_LRP134a,0,SmallTruck
23713,MediumTruck65865,N105_LRP035d,0,MediumTruck
23714,SmallTruck65869,N2_LRP180c,0,SmallTruck
23715,LargeBus65873,N1_LRP448a,0,LargeBus
23716,MediumTruck65881,N105_LRP039b,0,MediumTruck
23717,MediumTruck65887,N2_LRP219a,0,MediumTruck
23718,MiniBus65889,N1_LRP452e,0,MiniBus
23719,MiniBus65889,N1_LRP452d,0,MiniBus
23720,MiniBus65889,N1_LRP452c,0,MiniBus
23721,MiniBus65889,N1_LRP452a,0,MiniBus
23722,SmallTruck65900,N2_LRP140c,0.057446876909514756,SmallTruck
23723,MediumTruck65904,N1_LRP001a,0,MediumTruck
23724,SmallTruck65905,N1_LRP456c,0,SmallTruck
23725,MiniBus65907,N2_LRP285c,0,MiniBus
23726,MiniBus65907,N2_LRP285a,0,MiniBus
23727,MediumTruck65908,N102_LRP002a,0,MediumTruck
23728,LargeBus65910,N1_LRP145a,0,LargeBus
23729,MiniBus65919,N208_LRP055a,0,MiniBus
23730,MiniBus65280,N1_LRP175a,0,MiniBus
23731,SmallTruck65281,N1_LRP313b,0,SmallTruck
23732,MediumTruck65282,N2_LRP156a,0,MediumTruck
23733,LargeBus65296,N1_LRP171c,0,LargeBus
23734,MediumTruck65297,N1_LRP320a,0,MediumTruck
23735,LargeBus65298,N2_LRP162e,0,LargeBus
23736,LargeBus65298,N2_LRP163a,0,LargeBus
23737,LargeBus65298,N2_LRP163b,0,LargeBus
23738,LargeBus65299,N2_LRP124c,0,LargeBus
23739,LargeBus65299,N2_LRP123e,0,LargeBus
23740,SmallTruck65303,N1_LRP035a,0,SmallTruck
23741,MiniBus65311,N2_LRP070a,0,MiniBus
23742,MiniBus65311,N2_LRP069e,0,MiniBus
23743,MiniBus65311,N2_LRP069c,0,MiniBus
23744,MediumTruck65312,N2_LRP138b,0,MediumTruck
23745,MediumTruck65312,N2_LRP139a,0,MediumTruck
23746,LargeBus65313,N1_LRP314a,0,LargeBus
23747,SmallTruck65316,N2_LRP078a,0,SmallTruck
23748,SmallTruck65323,N105_LRP005c,0,SmallTruck
23749,MediumTruck65326,N2_LRP140c,0.06315582351810932,MediumTruck
23750,SmallTruck65329,N1_LRP321a,0,SmallTruck
23751,MediumTruck65334,N2_LRP012f,0,MediumTruck
23752,MediumTruck65336,N2_LRP140c,1.0631558235181093,MediumTruck
23753,MediumTruck65337,N2_LRP118b,0,MediumTruck
23754,MediumTruck65337,N2_LRP118e,0,MediumTruck
23755,SmallTruck65347,N2_LRP157b,0,SmallTruck
23756,SmallTruck65347,N2_LRP157a,0,SmallTruck
23757,MediumTruck65353,N2_LRP117a,0.07715284904578622,MediumTruck
23758,SmallTruck65355,N2_LRP219a,0,SmallTruck
23759,MediumTruck65358,N2_LRP152d,0,MediumTruck
23760,MediumTruck65358,N2_LRP152c,0,MediumTruck
23761,MediumTruck65358,N2_LRP152b,0,MediumTruck
23762,MediumTruck65358,N2_LRP152a,0,MediumTruck
23763,MediumTruck65360,N1_LRP142a,0,MediumTruck
23764,SmallTruck65373,N2_LRP060c,0,SmallTruck
23765,MediumTruck65377,N1_LRP336a,0,MediumTruck
23766,MediumTruck65384,N2_LRP130a,0,MediumTruck
23767,MediumTruck65384,N2_LRP130b,0,MediumTruck
23768,MediumTruck65384,N2_LRP130c,0,MediumTruck
23769,MiniBus65390,N2_LRP148b,0,MiniBus
23770,MediumTruck65392,N1_LRP134a,0,MediumTruck
23771,MiniBus65393,N1_LRP333a,0,MiniBus
23772,LargeBus65395,N2_LRP157b,0,LargeBus
23773,MediumTruck65402,N1_LRP023a,0,MediumTruck
23774,MediumTruck65403,N2_LRP025a,0,MediumTruck
23775,MediumTruck65403,N2_LRP024b,0,MediumTruck
23776,MiniBus65405,N2_LRP057b,0,MiniBus
23777,MiniBus65405,N2_LRP057a,0,MiniBus
23778,LargeBus65407,N2_LRP095a,0,LargeBus
23779,LargeBus65408,N1_LRP142a,0,LargeBus
23780,MediumTruck65409,N1_LRP341a,0,MediumTruck
23781,MediumTruck65409,N1_LRP340a,0,MediumTruck
23782,MediumTruck65410,N2_LRP123e,0,MediumTruck
23783,MediumTruck65410,N2_LRP124c,0,MediumTruck
23784,SmallTruck65416,N2_LRP121c,0,SmallTruck
23785,LargeBus65422,N2_LRP158a,0,LargeBus
23786,SmallTruck65427,N2_LRP170b,0,SmallTruck
23787,SmallTruck65427,N2_LRP170a,0,SmallTruck
23788,SmallTruck65427,N2_LRP169f,0,SmallTruck
23789,SmallTruck65427,N2_LRP169e,0,SmallTruck
23790,SmallTruck65427,N2_LRP169d,0,SmallTruck
23791,SmallTruck65427,N2_LRP169c,0,SmallTruck
23792,LargeBus65431,N1_LRP231a,0,LargeBus
23793,LargeBus65431,N1_LRP231b,0,LargeBus
23794,LargeBus65434,N105_LRP041c,0,LargeBus
23795,MediumTruck65441,N1_LRP347b,0,MediumTruck
23796,MediumTruck65441,N1_LRP347a,0,MediumTruck
23797,MiniBus65442,N2_LRP125b,0,MiniBus
23798,MiniBus65442,N2_LRP125c,0,MiniBus
23799,MiniBus65442,N2_LRP125d,0,MiniBus
23800,MiniBus65442,N2_LRP126a,0,MiniBus
23801,SmallTruck65443,N2_LRP172d,0,SmallTruck
23802,SmallTruck65443,N2_LRP172c,0,SmallTruck
23803,MediumTruck65446,N1_LRP026a,0,MediumTruck
23804,SmallTruck65449,N102_LRP002a,0,SmallTruck
23805,SmallTruck65449,N102_LRP002b,0,SmallTruck
23806,SmallTruck65449,N102_LRP002c,0,SmallTruck
23807,MediumTruck65457,N1_LRP353b,0,MediumTruck
23808,MediumTruck65457,N1_LRP353a,0,MediumTruck
23809,MediumTruck65457,N1_LRP352a,0,MediumTruck
23810,HeavyTruck65460,N2_LRP045b,0,HeavyTruck
23811,MediumTruck65462,N1_LRP030a,0,MediumTruck
23812,MiniBus65470,N2_LRP167b,0,MiniBus
23813,MiniBus65470,N2_LRP166e,0,MiniBus
23814,MediumTruck65473,N1_LRP357c,0,MediumTruck
23815,MediumTruck65473,N1_LRP357a,0,MediumTruck
23816,SmallTruck65475,N2_LRP181c,0,SmallTruck
23817,SmallTruck65490,N2_LRP104a,0,SmallTruck
23818,HeavyTruck65491,N2_LRP183d,0.2665049025537529,HeavyTruck
23819,MiniBus65502,N2_LRP172d,0,MiniBus
23820,MiniBus65502,N2_LRP172c,0,MiniBus
23821,LargeBus65505,N1_LRP359b,0,LargeBus
23822,LargeBus65505,N1_LRP359a,0,LargeBus
23823,MediumTruck65513,N1_LRP068a,0,MediumTruck
23824,SmallTruck65519,N2_LRP135b,0,SmallTruck
23825,MediumTruck65521,N1_LRP368a,0.015556981127330009,MediumTruck
23826,SmallTruck65532,N2_LRP052a,0,SmallTruck
23827,MediumTruck65536,N2_LRP086a,0,MediumTruck
23828,MediumTruck65537,N1_LRP374e,0,MediumTruck
23829,MediumTruck65551,N2_LRP140a,0.10526677296855197,MediumTruck
23830,SmallTruck65552,N2_LRP081b,0,SmallTruck
23831,SmallTruck65553,N1_LRP375c,0,SmallTruck
23832,MediumTruck65555,N2_LRP199d,0,MediumTruck
23833,SmallTruck65573,N1_LRP088a,0,SmallTruck
23834,LargeBus65574,N1_LRP051a,0,LargeBus
23835,SmallTruck65579,N2_LRP168a,0,SmallTruck
23836,SmallTruck65579,N2_LRP168c,0,SmallTruck
23837,LargeBus65581,N2_LRP102a,0,LargeBus
23838,MediumTruck65586,N2_LRP081a,0,MediumTruck
23839,SmallTruck65592,N2_LRP079b,2.189923633630786,SmallTruck
23840,MediumTruck65593,N2_LRP058c,0,MediumTruck
23841,MediumTruck65593,N2_LRP059a,0,MediumTruck
23842,MiniBus65599,N2_LRP151a,0,MiniBus
23843,MiniBus65600,N1_LRP088a,0,MiniBus
23844,MediumTruck65601,N1_LRP390a,0,MediumTruck
23845,MediumTruck65601,N1_LRP389d,0,MediumTruck
23846,MediumTruck65605,N102_LRP002c,0,MediumTruck
23847,MediumTruck65605,N102_LRP002b,0,MediumTruck
23848,MediumTruck65605,N102_LRP002a,0,MediumTruck
23849,SmallTruck65611,N2_LRP076b,0,SmallTruck
23850,MediumTruck65616,N2_LRP067c,0,MediumTruck
23851,LargeBus65617,N1_LRP389d,0,LargeBus
23852,LargeBus65618,N2_LRP079a,0,LargeBus
23853,SmallTruck65619,N2_LRP214b,0.4566342934350411,SmallTruck
23854,MediumTruck65624,N2_LRP073g,0,MediumTruck
23855,MediumTruck65627,N2_LRP155a,0,MediumTruck
23856,MediumTruck65630,N2_LRP211c,0,MediumTruck
23857,SmallTruck65631,N2_LRP163d,0,SmallTruck
23858,SmallTruck65631,N2_LRP163c,0,SmallTruck
23859,SmallTruck65631,N2_LRP163b,0,SmallTruck
23860,SmallTruck65631,N2_LRP163a,0,SmallTruck
23861,MediumTruck65642,N2_LRP182a,0,MediumTruck
23862,MediumTruck65642,N2_LRP182b,0,MediumTruck
23863,MediumTruck65648,N1_LRP068a,0,MediumTruck
23864,MediumTruck65652,N1_LRP014a,0,MediumTruck
23865,SmallTruck65654,N102_LRP002b,0,SmallTruck
23866,SmallTruck65654,N102_LRP002c,0,SmallTruck
23867,MediumTruck65656,N2_LRP064b,0,MediumTruck
23868,MediumTruck65658,N2_LRP053a,0,MediumTruck
23869,MediumTruck65661,N208_LRP029c,0,MediumTruck
23870,MediumTruck65664,N1_LRP064c,0,MediumTruck
23871,MediumTruck65665,N1_LRP402b,0,MediumTruck
23872,MiniBus65674,N2_LRP054a,0,MiniBus
23873,MiniBus65674,N2_LRP053a,0,MiniBus
23874,LargeBus65677,N2_LRP134b,0,LargeBus
23875,LargeBus65677,N2_LRP133a,0,LargeBus
23876,LargeBus65681,N1_LRP402b,0,LargeBus
23877,MediumTruck65682,N2_LRP058c,0,MediumTruck
23878,MediumTruck65682,N2_LRP059a,0,MediumTruck
23879,MediumTruck65685,N102_LRP022a,0,MediumTruck
23880,MediumTruck65686,N1_LRP088a,0,MediumTruck
23881,MediumTruck65692,N2_LRP092b,0,MediumTruck
23882,MediumTruck65692,N2_LRP092a,0,MediumTruck
23883,MediumTruck65692,N2_LRP091b,0,MediumTruck
23884,SmallTruck65697,N1_LRP410c,0.10474372098220969,SmallTruck
23885,MiniBus65698,N2_LRP060c,0,MiniBus
23886,MiniBus65698,N2_LRP061a,0,MiniBus
23887,MediumTruck65699,N2_LRP231d,0,MediumTruck
23888,MediumTruck65699,N2_LRP231c,0,MediumTruck
23889,LargeBus65707,N2_LRP141a,0,LargeBus
23890,LargeBus65707,N2_LRP141b,0,LargeBus
23891,MediumTruck65708,N2_LRP096c,0,MediumTruck
23892,SmallTruck65709,N2_LRP141b,0,SmallTruck
23893,SmallTruck65709,N2_LRP141a,0,SmallTruck
23894,MiniBus65710,N2_LRP225c,0.16601275874042712,MiniBus
23895,LargeBus65715,N2_LRP230e,0,LargeBus
23896,MediumTruck65719,N1_LRP142a,0,MediumTruck
23897,MediumTruck65720,N2_LRP050a,0,MediumTruck
23898,SmallTruck65725,N2_LRP147a,0,SmallTruck
23899,SmallTruck65727,N2_LRP182b,0,SmallTruck
23900,SmallTruck65727,N2_LRP182a,0,SmallTruck
23901,MediumTruck65730,N2_LRP046c,0,MediumTruck
23902,MediumTruck65730,N2_LRP047a,0,MediumTruck
23903,MediumTruck65730,N2_LRP047c,0,MediumTruck
23904,HeavyTruck65731,N2_LRP240a,0,HeavyTruck
23905,MiniBus65738,N2_LRP067c,0,MiniBus
23906,LargeBus65747,N2_LRP240a,0,LargeBus
23907,MediumTruck65749,N102_LRP038d,0,MediumTruck
23908,SmallTruck65755,N2_LRP126a,0,SmallTruck
23909,SmallTruck65755,N2_LRP126b,0,SmallTruck
23910,SmallTruck65755,N2_LRP126c,0,SmallTruck
23911,SmallTruck65755,N2_LRP126d,0,SmallTruck
23912,SmallTruck65759,N2_LRP186d,0,SmallTruck
23913,LargeBus65763,N2_LRP243b,0,LargeBus
23914,MediumTruck65767,N104_LRP010a,0,MediumTruck
23915,MediumTruck65768,N105_LRP040c,0,MediumTruck
23916,MediumTruck65773,N2_LRP161c,0,MediumTruck
23917,MediumTruck65773,N2_LRP161b,0,MediumTruck
23918,SmallTruck65776,N1_LRP035a,0,SmallTruck
23919,MediumTruck65777,N1_LRP426c,0,MediumTruck
23920,MediumTruck65777,N1_LRP426b,0,MediumTruck
23921,MediumTruck65777,N1_LRP426a,0,MediumTruck
23922,MediumTruck65777,N1_LRP425e,0,MediumTruck
23923,MediumTruck65778,N2_LRP035b,0,MediumTruck
23924,LargeBus65780,N102_LRP038b,0,LargeBus
23925,LargeBus65780,N102_LRP038d,0,LargeBus
23926,LargeBus65782,N1_LRP109a,0,LargeBus
23927,MiniBus65787,N2_LRP121c,0,MiniBus
23928,SmallTruck65789,N2_LRP162a,3.1729867887609995,SmallTruck
23929,LargeBus65793,N1_LRP426e,0,LargeBus
23930,LargeBus65793,N1_LRP426d,0,LargeBus
23931,LargeBus65793,N1_LRP426c,0,LargeBus
23932,LargeBus65793,N1_LRP426b,0,LargeBus
23933,LargeBus65793,N1_LRP426a,0,LargeBus
23934,SmallTruck65796,N1_LRP051a,0,SmallTruck
23935,MediumTruck65801,N105_LRP017c,0,MediumTruck
23936,SmallTruck65803,N204_LRP003b,0,SmallTruck
23937,SmallTruck65805,N2_LRP165d,0,SmallTruck
23938,SmallTruck65805,N2_LRP165c,0,SmallTruck
23939,SmallTruck65805,N2_LRP164d,0,SmallTruck
23940,SmallTruck65807,N2_LRP200c,0,SmallTruck
23941,MediumTruck65808,N1_LRP027a,0,MediumTruck
23942,SmallTruck65809,N1_LRP432b,0,SmallTruck
23943,MediumTruck65813,N102_LRP055c,0,MediumTruck
23944,MediumTruck65816,N105_LRP027c,0,MediumTruck
23945,MediumTruck65817,N105_LRP021d,0,MediumTruck
23946,SmallTruck65820,N2_LRP121c,0,SmallTruck
23947,SmallTruck65822,N208_LRP027f,0,SmallTruck
23948,LargeBus65826,N2_LRP025b,0,LargeBus
23949,SmallTruck65827,N2_LRP264a,0,SmallTruck
23950,MediumTruck65837,N2_LRP171e,0,MediumTruck
23951,HeavyTruck65841,N1_LRP440a,0,HeavyTruck
23952,LargeBus65842,N2_LRP021b,0,LargeBus
23953,MiniBus65852,N2_LRP164a,0,MiniBus
23954,MiniBus65852,N2_LRP164b,0,MiniBus
23955,MiniBus65852,N2_LRP164d,0,MiniBus
23956,MediumTruck65857,N1_LRP444e,0,MediumTruck
23957,MediumTruck65857,N1_LRP444d,0,MediumTruck
23958,MediumTruck65857,N1_LRP444c,0,MediumTruck
23959,MediumTruck65857,N1_LRP444b,0,MediumTruck
23960,MediumTruck65857,N1_LRP444a,0,MediumTruck
23961,MediumTruck65860,N102_LRP015a,0,MediumTruck
23962,SmallTruck65869,N2_LRP180a,0,SmallTruck
23963,MediumTruck65872,N1_LRP010b,0,MediumTruck
23964,MediumTruck65872,N1_LRP010c,0,MediumTruck
23965,MediumTruck65872,N1_LRP011a,0,MediumTruck
23966,LargeBus65873,N1_LRP447c,0,LargeBus
23967,LargeBus65873,N1_LRP447b,0,LargeBus
23968,LargeBus65873,N1_LRP447a,0,LargeBus
23969,LargeBus65875,N2_LRP276a,0,LargeBus
23970,MediumTruck65878,N1_LRP137a,0,MediumTruck
23971,MiniBus65889,N1_LRP451e,0,MiniBus
23972,MiniBus65889,N1_LRP451b,0,MiniBus
23973,MiniBus65889,N1_LRP450e,0.5255607157333363,MiniBus
23974,MediumTruck65897,N105_LRP042b,0,MediumTruck
23975,MediumTruck65901,N207_LRP061d,0,MediumTruck
23976,SmallTruck65905,N1_LRP456a,0,SmallTruck
23977,MiniBus65907,N2_LRP284c,0,MiniBus
23978,MiniBus65907,N2_LRP284b,0,MiniBus
23979,MediumTruck65908,N102_LRP002b,0,MediumTruck
23980,MediumTruck65908,N102_LRP002c,0,MediumTruck
23981,SmallTruck65914,N204_LRP003b,0,SmallTruck
23982,MiniBus65280,N1_LRP175b,0,MiniBus
23983,MiniBus65280,N1_LRP176a,0,MiniBus
23984,MediumTruck65282,N2_LRP157a,0,MediumTruck
23985,LargeBus65296,N1_LRP172a,0,LargeBus
23986,LargeBus65296,N1_LRP172b,0,LargeBus
23987,MediumTruck65297,N1_LRP319b,0,MediumTruck
23988,MediumTruck65297,N1_LRP319a,0,MediumTruck
23989,LargeBus65298,N2_LRP163c,0,LargeBus
23990,LargeBus65298,N2_LRP163d,0,LargeBus
23991,LargeBus65299,N2_LRP123d,0,LargeBus
23992,LargeBus65299,N2_LRP123c,0,LargeBus
23993,MediumTruck65312,N2_LRP139b,0,MediumTruck
23994,MediumTruck65312,N2_LRP140a,1.105266772968552,MediumTruck
23995,LargeBus65313,N1_LRP313b,0,LargeBus
23996,SmallTruck65316,N2_LRP079a,0,SmallTruck
23997,MediumTruck65321,N2_LRP125a,0,MediumTruck
23998,MediumTruck65321,N2_LRP125b,0,MediumTruck
23999,MediumTruck65321,N2_LRP125c,0,MediumTruck
24000,MediumTruck65325,N2_LRP050a,0,MediumTruck
24001,LargeBus65328,N2_LRP146a,0,LargeBus
24002,SmallTruck65329,N1_LRP320a,0,SmallTruck
24003,SmallTruck65331,N2_LRP148b,0,SmallTruck
24004,MediumTruck65337,N2_LRP118g,0,MediumTruck
24005,MediumTruck65341,N2_LRP057b,0,MediumTruck
24006,MediumTruck65341,N2_LRP057a,0,MediumTruck
24007,MediumTruck65345,N1_LRP325c,0,MediumTruck
24008,MediumTruck65345,N1_LRP325a,0,MediumTruck
24009,SmallTruck65346,N2_LRP138a,0,SmallTruck
24010,SmallTruck65347,N2_LRP156a,0,SmallTruck
24011,MediumTruck65353,N2_LRP117b,0,MediumTruck
24012,MediumTruck65358,N2_LRP151b,0,MediumTruck
24013,MiniBus65361,N1_LRP323b,0,MiniBus
24014,MediumTruck65365,N1_LRP023a,0,MediumTruck
24015,MediumTruck65367,N1_LRP051a,0,MediumTruck
24016,MediumTruck65377,N1_LRP335a,0,MediumTruck
24017,MediumTruck65380,N2_LRP064a,0,MediumTruck
24018,MiniBus65390,N2_LRP147d,0,MiniBus
24019,MiniBus65390,N2_LRP147b,0,MiniBus
24020,MiniBus65393,N1_LRP332c,0,MiniBus
24021,MiniBus65393,N1_LRP332b,0,MiniBus
24022,LargeBus65395,N2_LRP157a,0,LargeBus
24023,LargeBus65395,N2_LRP156a,0,LargeBus
24024,MiniBus65405,N2_LRP056a,0,MiniBus
24025,LargeBus65408,N1_LRP143a,0,LargeBus
24026,SmallTruck65416,N2_LRP122b,0,SmallTruck
24027,MediumTruck65421,N2_LRP074a,0,MediumTruck
24028,LargeBus65422,N2_LRP157b,0,LargeBus
24029,MediumTruck65425,N1_LRP342c,0,MediumTruck
24030,MediumTruck65425,N1_LRP342a,1.2335403778784646,MediumTruck
24031,MediumTruck65426,N1_LRP136a,0,MediumTruck
24032,SmallTruck65427,N2_LRP169b,0,SmallTruck
24033,LargeBus65431,N1_LRP232a,0,LargeBus
24034,LargeBus65434,N105_LRP042b,0,LargeBus
24035,MediumTruck65440,N1_LRP122a,0,MediumTruck
24036,MiniBus65442,N2_LRP126b,0,MiniBus
24037,MiniBus65442,N2_LRP126c,0,MiniBus
24038,MiniBus65442,N2_LRP126d,0,MiniBus
24039,SmallTruck65443,N2_LRP171f,0.15296417581142607,SmallTruck
24040,MediumTruck65456,N1_LRP118d,0,MediumTruck
24041,MediumTruck65456,N1_LRP119a,0,MediumTruck
24042,MiniBus65470,N2_LRP166d,0,MiniBus
24043,MediumTruck65474,N2_LRP108a,0,MediumTruck
24044,SmallTruck65475,N2_LRP180c,0,SmallTruck
24045,MediumTruck65481,N1_LRP077a,0,MediumTruck
24046,SmallTruck65485,N2_LRP087a,0,SmallTruck
24047,MediumTruck65489,N1_LRP360c,0,MediumTruck
24048,MediumTruck65489,N1_LRP360a,0,MediumTruck
24049,HeavyTruck65491,N2_LRP183c,0,HeavyTruck
24050,MiniBus65502,N2_LRP171f,1.1529641758114262,MiniBus
24051,LargeBus65505,N1_LRP358b,0,LargeBus
24052,LargeBus65505,N1_LRP358a,0,LargeBus
24053,HeavyTruck65506,N2_LRP102a,0,HeavyTruck
24054,LargeBus65507,N2_LRP177a,0,LargeBus
24055,LargeBus65507,N2_LRP176e,0,LargeBus
24056,LargeBus65507,N2_LRP176d,0,LargeBus
24057,LargeBus65507,N2_LRP176c,0,LargeBus
24058,LargeBus65507,N2_LRP176b,0,LargeBus
24059,SmallTruck65511,N1_LRP088a,0,SmallTruck
24060,MiniBus65515,N2_LRP186b,0.38846421858608554,MiniBus
24061,SmallTruck65517,N2_LRP097a,0,SmallTruck
24062,SmallTruck65519,N2_LRP135a,0,SmallTruck
24063,LargeBus65525,N1_LRP111a,0,LargeBus
24064,MediumTruck65535,N2_LRP139b,0,MediumTruck
24065,MediumTruck65535,N2_LRP139a,0,MediumTruck
24066,MediumTruck65536,N2_LRP087a,0,MediumTruck
24067,MediumTruck65537,N1_LRP374c,0,MediumTruck
24068,MediumTruck65537,N1_LRP374a,0,MediumTruck
24069,MediumTruck65537,N1_LRP373b,0,MediumTruck
24070,MediumTruck65538,N2_LRP095a,0,MediumTruck
24071,MediumTruck65545,N2_LRP072a,0,MediumTruck
24072,SmallTruck65553,N1_LRP374e,0,SmallTruck
24073,MediumTruck65569,N1_LRP384a,0,MediumTruck
24074,SmallTruck65579,N2_LRP169b,0,SmallTruck
24075,SmallTruck65579,N2_LRP169c,0,SmallTruck
24076,SmallTruck65579,N2_LRP169d,0,SmallTruck
24077,MiniBus65585,N1_LRP374e,0,MiniBus
24078,MiniBus65585,N1_LRP374c,0,MiniBus
24079,MiniBus65585,N1_LRP374a,0,MiniBus
24080,MediumTruck65586,N2_LRP081b,0,MediumTruck
24081,MediumTruck65601,N1_LRP389b,0.03685770170224752,MediumTruck
24082,MediumTruck65602,N2_LRP078a,0,MediumTruck
24083,SmallTruck65611,N2_LRP076a,0,SmallTruck
24084,LargeBus65617,N1_LRP389b,1.0368577017022476,LargeBus
24085,LargeBus65618,N2_LRP079b,2.189923633630786,LargeBus
24086,MediumTruck65624,N2_LRP074a,0,MediumTruck
24087,MediumTruck65627,N2_LRP156a,0,MediumTruck
24088,MediumTruck65630,N2_LRP211b,0,MediumTruck
24089,SmallTruck65631,N2_LRP162e,0,SmallTruck
24090,SmallTruck65631,N2_LRP162d,0,SmallTruck
24091,SmallTruck65631,N2_LRP162c,0,SmallTruck
24092,LargeBus65632,N2_LRP069c,0,LargeBus
24093,LargeBus65632,N2_LRP069e,0,LargeBus
24094,LargeBus65632,N2_LRP070a,0,LargeBus
24095,LargeBus65632,N2_LRP070c,0,LargeBus
24096,LargeBus65637,N102_LRP002c,0,LargeBus
24097,LargeBus65637,N102_LRP002b,0,LargeBus
24098,LargeBus65637,N102_LRP002a,0,LargeBus
24099,MediumTruck65642,N2_LRP182d,0,MediumTruck
24100,MediumTruck65642,N2_LRP183a,0,MediumTruck
24101,LargeBus65650,N2_LRP073b,0,LargeBus
24102,LargeBus65650,N2_LRP073c,0,LargeBus
24103,MediumTruck65658,N2_LRP052a,0,MediumTruck
24104,MediumTruck65661,N208_LRP028d,0,MediumTruck
24105,MiniBus65674,N2_LRP052a,0,MiniBus
24106,SmallTruck65697,N1_LRP410b,0,SmallTruck
24107,MediumTruck65699,N2_LRP230e,0,MediumTruck
24108,MediumTruck65708,N2_LRP096a,0,MediumTruck
24109,MediumTruck65708,N2_LRP095a,0,MediumTruck
24110,SmallTruck65709,N2_LRP140c,1.0631558235181093,SmallTruck
24111,LargeBus65715,N2_LRP230c,0,LargeBus
24112,HeavyTruck65717,N102_LRP029d,0,HeavyTruck
24113,SmallTruck65725,N2_LRP146a,0,SmallTruck
24114,SmallTruck65727,N2_LRP181c,0,SmallTruck
24115,MediumTruck65729,N1_LRP417b,0,MediumTruck
24116,MediumTruck65729,N1_LRP416e,0,MediumTruck
24117,MediumTruck65729,N1_LRP416d,0,MediumTruck
24118,MediumTruck65730,N2_LRP048a,0,MediumTruck
24119,HeavyTruck65731,N2_LRP239a,0,HeavyTruck
24120,HeavyTruck65731,N2_LRP238c,0,HeavyTruck
24121,HeavyTruck65733,N102_LRP034b,0,HeavyTruck
24122,MediumTruck65736,N2_LRP046c,0,MediumTruck
24123,MediumTruck65736,N2_LRP047a,0,MediumTruck
24124,MediumTruck65736,N2_LRP047c,0,MediumTruck
24125,MiniBus65738,N2_LRP066a,0,MiniBus
24126,MiniBus65743,N208_LRP004c,0,MiniBus
24127,LargeBus65745,N1_LRP417b,0,LargeBus
24128,LargeBus65745,N1_LRP416e,0,LargeBus
24129,LargeBus65745,N1_LRP416d,0,LargeBus
24130,LargeBus65747,N2_LRP239a,0,LargeBus
24131,LargeBus65747,N2_LRP238c,0,LargeBus
24132,MediumTruck65749,N102_LRP038b,0,MediumTruck
24133,MediumTruck65749,N102_LRP037d,0,MediumTruck
24134,MediumTruck65750,N104_LRP044d,0,MediumTruck
24135,SmallTruck65754,N2_LRP078a,0,SmallTruck
24136,SmallTruck65755,N2_LRP127b,0,SmallTruck
24137,SmallTruck65759,N2_LRP186c,0,SmallTruck
24138,MediumTruck65761,N1_LRP423d,0,MediumTruck
24139,MediumTruck65761,N1_LRP423c,0,MediumTruck
24140,MediumTruck65761,N1_LRP423b,0.23642787208047564,MediumTruck
24141,LargeBus65762,N2_LRP043d,0,LargeBus
24142,LargeBus65762,N2_LRP044a,0,LargeBus
24143,LargeBus65763,N2_LRP243a,0,LargeBus
24144,MediumTruck65768,N105_LRP041c,0,MediumTruck
24145,MediumTruck65773,N2_LRP161a,0,MediumTruck
24146,SmallTruck65776,N1_LRP036c,0,SmallTruck
24147,MediumTruck65777,N1_LRP425c,0.42212930291233963,MediumTruck
24148,SmallTruck65786,N2_LRP151a,0,SmallTruck
24149,MiniBus65787,N2_LRP122b,0,MiniBus
24150,MediumTruck65791,N2_LRP264a,0,MediumTruck
24151,LargeBus65793,N1_LRP425e,0,LargeBus
24152,LargeBus65793,N1_LRP425c,1.4221293029123396,LargeBus
24153,LargeBus65794,N2_LRP035b,0,LargeBus
24154,SmallTruck65800,N105_LRP032b,0,SmallTruck
24155,SmallTruck65800,N105_LRP032c,0,SmallTruck
24156,MediumTruck65804,N2_LRP175c,0,MediumTruck
24157,MediumTruck65804,N2_LRP175d,0,MediumTruck
24158,MediumTruck65804,N2_LRP175e,0,MediumTruck
24159,MediumTruck65804,N2_LRP175f,0,MediumTruck
24160,SmallTruck65805,N2_LRP164b,0,SmallTruck
24161,SmallTruck65805,N2_LRP164a,0,SmallTruck
24162,SmallTruck65807,N2_LRP199d,0,SmallTruck
24163,SmallTruck65809,N1_LRP432a,0,SmallTruck
24164,MediumTruck65814,N104_LRP028a,0,MediumTruck
24165,MediumTruck65817,N105_LRP020c,0,MediumTruck
24166,SmallTruck65820,N2_LRP121a,0,SmallTruck
24167,SmallTruck65822,N208_LRP028d,0,SmallTruck
24168,LargeBus65824,N2_LRP018a,0,LargeBus
24169,LargeBus65825,N1_LRP433c,0,LargeBus
24170,LargeBus65825,N1_LRP433b,0.9290372065071574,LargeBus
24171,MediumTruck65829,N102_LRP058a,0,MediumTruck
24172,SmallTruck65833,N105_LRP024c,0,SmallTruck
24173,MediumTruck65837,N2_LRP171d,0,MediumTruck
24174,MediumTruck65837,N2_LRP170j,0,MediumTruck
24175,MediumTruck65837,N2_LRP170i,0,MediumTruck
24176,MediumTruck65837,N2_LRP170h,0,MediumTruck
24177,MediumTruck65837,N2_LRP170g,0,MediumTruck
24178,MediumTruck65837,N2_LRP170f,0.2717469973253944,MediumTruck
24179,SmallTruck65838,N208_LRP024d,0,SmallTruck
24180,MiniBus65839,N208_LRP031d,0,MiniBus
24181,HeavyTruck65841,N1_LRP439a,0,HeavyTruck
24182,MediumTruck65845,N102_LRP062c,0,MediumTruck
24183,MediumTruck65845,N102_LRP062b,0,MediumTruck
24184,MiniBus65852,N2_LRP165c,0,MiniBus
24185,MiniBus65852,N2_LRP165d,0,MiniBus
24186,MediumTruck65857,N1_LRP443d,0,MediumTruck
24187,MediumTruck65857,N1_LRP443c,0,MediumTruck
24188,LargeBus65867,N204_LRP020b,0,LargeBus
24189,SmallTruck65869,N2_LRP179a,0,SmallTruck
24190,SmallTruck65869,N2_LRP178b,0,SmallTruck
24191,LargeBus65873,N1_LRP446d,0,LargeBus
24192,LargeBus65873,N1_LRP446b,0,LargeBus
24193,LargeBus65875,N2_LRP274e,0,LargeBus
24194,MediumTruck65886,N208_LRP011b,0,MediumTruck
24195,MiniBus65889,N1_LRP450c,0,MiniBus
24196,SmallTruck65896,N1_LRP020a,0,SmallTruck
24197,SmallTruck65900,N2_LRP140a,2.1052667729685517,SmallTruck
24198,SmallTruck65905,N1_LRP455a,0,SmallTruck
24199,MiniBus65907,N2_LRP283b,0,MiniBus
24200,SmallTruck65912,N105_LRP003a,0,SmallTruck
24201,SmallTruck65281,N1_LRP311b,0,SmallTruck
24202,MediumTruck65282,N2_LRP157b,0,MediumTruck
24203,MiniBus65295,N2_LRP064b,0,MiniBus
24204,MiniBus65295,N2_LRP064a,0,MiniBus
24205,LargeBus65296,N1_LRP173a,0.08063098682400369,LargeBus
24206,MediumTruck65297,N1_LRP318b,0,MediumTruck
24207,LargeBus65298,N2_LRP164a,0,LargeBus
24208,LargeBus65298,N2_LRP164b,0,LargeBus
24209,LargeBus65298,N2_LRP164d,0,LargeBus
24210,LargeBus65299,N2_LRP122b,0,LargeBus
24211,SmallTruck65301,N105_LRP005c,0,SmallTruck
24212,SmallTruck65301,N105_LRP006a,0,SmallTruck
24213,SmallTruck65303,N1_LRP034a,0,SmallTruck
24214,MiniBus65311,N2_LRP067c,0,MiniBus
24215,SmallTruck65316,N2_LRP079b,3.189923633630786,SmallTruck
24216,MediumTruck65321,N2_LRP125d,0,MediumTruck
24217,MediumTruck65321,N2_LRP126a,0,MediumTruck
24218,MediumTruck65321,N2_LRP126b,0,MediumTruck
24219,SmallTruck65323,N105_LRP003a,0,SmallTruck
24220,MediumTruck65326,N2_LRP140a,3.1052667729685517,MediumTruck
24221,LargeBus65328,N2_LRP147a,0,LargeBus
24222,LargeBus65328,N2_LRP147b,0,LargeBus
24223,SmallTruck65329,N1_LRP319b,0,SmallTruck
24224,SmallTruck65329,N1_LRP319a,0,SmallTruck
24225,SmallTruck65331,N2_LRP147d,0,SmallTruck
24226,SmallTruck65331,N2_LRP147b,0,SmallTruck
24227,MediumTruck65337,N2_LRP119c,0,MediumTruck
24228,MediumTruck65337,N2_LRP120a,0,MediumTruck
24229,MediumTruck65341,N2_LRP056a,0,MediumTruck
24230,SmallTruck65346,N2_LRP138b,0,SmallTruck
24231,SmallTruck65346,N2_LRP139a,0,SmallTruck
24232,MediumTruck65353,N2_LRP118a,0,MediumTruck
24233,SmallTruck65355,N2_LRP221b,0,SmallTruck
24234,MediumTruck65358,N2_LRP151a,0,MediumTruck
24235,MediumTruck65360,N1_LRP143a,0,MediumTruck
24236,MediumTruck65362,N204_LRP020b,0,MediumTruck
24237,LargeBus65363,N2_LRP141b,0,LargeBus
24238,LargeBus65366,N2_LRP021a,0,LargeBus
24239,SmallTruck65373,N2_LRP059a,0,SmallTruck
24240,SmallTruck65373,N2_LRP058c,0,SmallTruck
24241,MediumTruck65380,N2_LRP064b,0,MediumTruck
24242,MediumTruck65387,N2_LRP018a,0,MediumTruck
24243,MiniBus65390,N2_LRP147a,0,MiniBus
24244,MediumTruck65392,N1_LRP136a,0,MediumTruck
24245,MiniBus65393,N1_LRP332a,0,MiniBus
24246,LargeBus65394,N2_LRP138a,0,LargeBus
24247,MediumTruck65404,N2_LRP021b,0,MediumTruck
24248,MiniBus65405,N2_LRP055b,0,MiniBus
24249,MediumTruck65409,N1_LRP339c,0.491170318342051,MediumTruck
24250,MediumTruck65410,N2_LRP125a,0,MediumTruck
24251,MediumTruck65410,N2_LRP125b,0,MediumTruck
24252,MediumTruck65410,N2_LRP125c,0,MediumTruck
24253,LargeBus65411,N2_LRP161c,0,LargeBus
24254,LargeBus65411,N2_LRP161b,0,LargeBus
24255,SmallTruck65416,N2_LRP123c,0,SmallTruck
24256,SmallTruck65416,N2_LRP123d,0,SmallTruck
24257,MiniBus65418,N1_LRP033a,0,MiniBus
24258,MiniBus65418,N1_LRP033b,0,MiniBus
24259,MediumTruck65421,N2_LRP073g,0,MediumTruck
24260,LargeBus65422,N2_LRP157a,0,LargeBus
24261,LargeBus65422,N2_LRP156a,0,LargeBus
24262,SmallTruck65427,N2_LRP168c,0,SmallTruck
24263,SmallTruck65427,N2_LRP168a,0,SmallTruck
24264,LargeBus65431,N1_LRP233a,0,LargeBus
24265,MediumTruck65440,N1_LRP123a,0,MediumTruck
24266,MiniBus65442,N2_LRP127b,0,MiniBus
24267,MiniBus65442,N2_LRP127c,0,MiniBus
24268,SmallTruck65443,N2_LRP171e,0,SmallTruck
24269,MediumTruck65457,N1_LRP351a,0,MediumTruck
24270,HeavyTruck65460,N2_LRP046c,0,HeavyTruck
24271,HeavyTruck65460,N2_LRP047a,0,HeavyTruck
24272,HeavyTruck65460,N2_LRP047c,0,HeavyTruck
24273,MediumTruck65465,N2_LRP090a,0,MediumTruck
24274,MiniBus65470,N2_LRP165d,0,MiniBus
24275,MiniBus65470,N2_LRP165c,0,MiniBus
24276,SmallTruck65475,N2_LRP180a,0,SmallTruck
24277,SmallTruck65485,N2_LRP086a,0,SmallTruck
24278,SmallTruck65490,N2_LRP106a,0,SmallTruck
24279,HeavyTruck65491,N2_LRP183a,0,HeavyTruck
24280,HeavyTruck65491,N2_LRP182d,0,HeavyTruck
24281,LargeBus65505,N1_LRP357f,0,LargeBus
24282,LargeBus65505,N1_LRP357d,0,LargeBus
24283,HeavyTruck65506,N2_LRP103c,0,HeavyTruck
24284,LargeBus65507,N2_LRP175f,0,LargeBus
24285,LargeBus65507,N2_LRP175e,0,LargeBus
24286,LargeBus65507,N2_LRP175d,0,LargeBus
24287,LargeBus65507,N2_LRP175c,0,LargeBus
24288,MiniBus65515,N2_LRP186c,0,MiniBus
24289,SmallTruck65517,N2_LRP096c,0,SmallTruck
24290,SmallTruck65519,N2_LRP134c,0,SmallTruck
24291,SmallTruck65519,N2_LRP134b,0,SmallTruck
24292,MediumTruck65521,N1_LRP367a,0,MediumTruck
24293,MediumTruck65523,N2_LRP188a,0,MediumTruck
24294,LargeBus65525,N1_LRP112a,0,LargeBus
24295,MediumTruck65535,N2_LRP138b,0,MediumTruck
24296,MediumTruck65537,N1_LRP373a,0,MediumTruck
24297,MediumTruck65538,N2_LRP096a,0,MediumTruck
24298,MediumTruck65538,N2_LRP096c,0,MediumTruck
24299,MediumTruck65551,N2_LRP139b,0,MediumTruck
24300,MediumTruck65551,N2_LRP139a,0,MediumTruck
24301,SmallTruck65553,N1_LRP374c,0,SmallTruck
24302,SmallTruck65553,N1_LRP374a,0,SmallTruck
24303,SmallTruck65553,N1_LRP373b,0,SmallTruck
24304,MediumTruck65569,N1_LRP383b,0,MediumTruck
24305,SmallTruck65579,N2_LRP169e,0,SmallTruck
24306,SmallTruck65579,N2_LRP169f,0,SmallTruck
24307,SmallTruck65579,N2_LRP170a,0,SmallTruck
24308,SmallTruck65579,N2_LRP170b,0,SmallTruck
24309,SmallTruck65579,N2_LRP170c,0,SmallTruck
24310,MiniBus65585,N1_LRP373b,0,MiniBus
24311,MiniBus65585,N1_LRP373a,0,MiniBus
24312,MediumTruck65587,N2_LRP206b,0,MediumTruck
24313,MediumTruck65593,N2_LRP060c,0,MediumTruck
24314,MediumTruck65593,N2_LRP061a,0,MediumTruck
24315,MediumTruck65601,N1_LRP389a,0,MediumTruck
24316,MediumTruck65602,N2_LRP079a,0,MediumTruck
24317,MediumTruck65605,N102_LRPSc,0,MediumTruck
24318,MediumTruck65612,N2_LRP219a,0,MediumTruck
24319,MediumTruck65624,N2_LRP076a,0,MediumTruck
24320,MediumTruck65627,N2_LRP157a,0,MediumTruck
24321,SmallTruck65631,N2_LRP162a,3.1729867887609995,SmallTruck
24322,MediumTruck65635,N2_LRP216b,0,MediumTruck
24323,MiniBus65639,N1_LRP112a,0,MiniBus
24324,MediumTruck65642,N2_LRP183c,0,MediumTruck
24325,MediumTruck65642,N2_LRP183d,1.0702312318289406,MediumTruck
24326,LargeBus65649,N1_LRP391a,0,LargeBus
24327,LargeBus65650,N2_LRP073g,0,LargeBus
24328,MediumTruck65652,N1_LRP012b,0,MediumTruck
24329,MediumTruck65652,N1_LRP012a,0,MediumTruck
24330,MediumTruck65656,N2_LRP066a,0,MediumTruck
24331,MediumTruck65661,N208_LRP027f,0,MediumTruck
24332,MediumTruck65661,N208_LRP027d,0,MediumTruck
24333,SmallTruck65667,N2_LRP224b,0,SmallTruck
24334,HeavyTruck65669,N102_LRP017a,0,HeavyTruck
24335,LargeBus65676,N2_LRP211b,0,LargeBus
24336,LargeBus65676,N2_LRP211c,0,LargeBus
24337,LargeBus65677,N2_LRP132c,0,LargeBus
24338,LargeBus65677,N2_LRP132b,0,LargeBus
24339,LargeBus65677,N2_LRP132a,0,LargeBus
24340,MediumTruck65682,N2_LRP060c,0,MediumTruck
24341,MediumTruck65682,N2_LRP061a,0,MediumTruck
24342,MediumTruck65692,N2_LRP090a,0,MediumTruck
24343,SmallTruck65697,N1_LRP410a,0,SmallTruck
24344,MediumTruck65699,N2_LRP230c,0,MediumTruck
24345,MiniBus65710,N2_LRP224b,0,MiniBus
24346,LargeBus65715,N2_LRP229c,0,LargeBus
24347,LargeBus65715,N2_LRP229a,0.6918284812751127,LargeBus
24348,SmallTruck65727,N2_LRP180c,0,SmallTruck
24349,MediumTruck65729,N1_LRP415c,2.1650623586781714,MediumTruck
24350,MediumTruck65730,N2_LRP048b,0,MediumTruck
24351,HeavyTruck65733,N102_LRP033c,0,HeavyTruck
24352,MediumTruck65735,N104_LRPSa,0,MediumTruck
24353,MediumTruck65736,N2_LRP048a,0,MediumTruck
24354,LargeBus65745,N1_LRP415c,3.1650623586781714,LargeBus
24355,MediumTruck65748,N102_LRP045a,0,MediumTruck
24356,MediumTruck65749,N102_LRP037c,0,MediumTruck
24357,SmallTruck65754,N2_LRP076b,0,SmallTruck
24358,SmallTruck65755,N2_LRP127c,0,SmallTruck
24359,SmallTruck65755,N2_LRP128a,0,SmallTruck
24360,MiniBus65757,N208_LRP046b,0,MiniBus
24361,SmallTruck65759,N2_LRP186b,0.0008511457719181477,SmallTruck
24362,LargeBus65762,N2_LRP044c,0,LargeBus
24363,LargeBus65763,N2_LRP242a,0,LargeBus
24364,MiniBus65766,N104_LRP044d,0,MiniBus
24365,MediumTruck65773,N2_LRP160a,0,MediumTruck
24366,MediumTruck65777,N1_LRP425b,0,MediumTruck
24367,MediumTruck65781,N102_LRP045a,0,MediumTruck
24368,LargeBus65782,N1_LRP107a,0,LargeBus
24369,SmallTruck65786,N2_LRP151b,0,SmallTruck
24370,SmallTruck65786,N2_LRP152a,0,SmallTruck
24371,SmallTruck65786,N2_LRP152b,0,SmallTruck
24372,MiniBus65787,N2_LRP123c,0,MiniBus
24373,MiniBus65787,N2_LRP123d,0,MiniBus
24374,MiniBus65787,N2_LRP123e,0,MiniBus
24375,SmallTruck65792,N2_LRP024b,0,SmallTruck
24376,MediumTruck65804,N2_LRP176b,0,MediumTruck
24377,MediumTruck65804,N2_LRP176c,0,MediumTruck
24378,MediumTruck65804,N2_LRP176d,0,MediumTruck
24379,MediumTruck65804,N2_LRP176e,0,MediumTruck
24380,SmallTruck65805,N2_LRP163d,0,SmallTruck
24381,SmallTruck65805,N2_LRP163c,0,SmallTruck
24382,SmallTruck65805,N2_LRP163b,0,SmallTruck
24383,SmallTruck65805,N2_LRP163a,0,SmallTruck
24384,SmallTruck65809,N1_LRP431d,0.6354237311458154,SmallTruck
24385,MediumTruck65810,N2_LRP029b,0,MediumTruck
24386,MediumTruck65812,N1_LRP111a,0,MediumTruck
24387,LargeBus65815,N104_LRP017b,0,LargeBus
24388,LargeBus65819,N204_LRP003b,0,LargeBus
24389,SmallTruck65820,N2_LRP120a,0,SmallTruck
24390,SmallTruck65820,N2_LRP119c,0,SmallTruck
24391,SmallTruck65822,N208_LRP029c,0,SmallTruck
24392,LargeBus65825,N1_LRP432b,0,LargeBus
24393,SmallTruck65830,N1_LRP123a,0,SmallTruck
24394,MediumTruck65837,N2_LRP170e,0,MediumTruck
24395,MediumTruck65837,N2_LRP170c,0,MediumTruck
24396,MiniBus65839,N208_LRP031b,0,MiniBus
24397,LargeBus65840,N1_LRP023a,0,LargeBus
24398,MediumTruck65846,N1_LRP127a,0,MediumTruck
24399,MediumTruck65847,N104_LRP028a,0,MediumTruck
24400,MediumTruck65848,N105_LRP020c,0,MediumTruck
24401,MiniBus65852,N2_LRP166d,0,MiniBus
24402,MiniBus65852,N2_LRP166e,0,MiniBus
24403,SmallTruck65861,N102_LRP065a,0,SmallTruck
24404,SmallTruck65862,N1_LRP131b,0,SmallTruck
24405,MediumTruck65865,N105_LRP032c,0,MediumTruck
24406,MediumTruck65865,N105_LRP032b,0,MediumTruck
24407,SmallTruck65869,N2_LRP178a,0,SmallTruck
24408,MediumTruck65872,N1_LRP012a,0,MediumTruck
24409,MediumTruck65872,N1_LRP012b,0,MediumTruck
24410,LargeBus65873,N1_LRP445d,0,LargeBus
24411,LargeBus65873,N1_LRP445b,0,LargeBus
24412,MediumTruck65878,N1_LRP136a,0,MediumTruck
24413,MediumTruck65880,N2_LRP012c,0,MediumTruck
24414,MiniBus65889,N1_LRP450a,0,MiniBus
24415,MiniBus65892,N102_LRP009a,0,MiniBus
24416,MediumTruck65897,N105_LRP041c,0,MediumTruck
24417,LargeBus65910,N1_LRP143a,0,LargeBus
24418,MiniBus65918,N208_LRP004c,0,MiniBus
24419,LargeBus65926,N104_LRPSa,0,LargeBus
24420,SmallTruck65928,N1_LRP012a,0,SmallTruck
24421,SmallTruck65928,N1_LRP012b,0,SmallTruck
24422,SmallTruck65281,N1_LRP311a,0,SmallTruck
24423,SmallTruck65281,N1_LRP310b,0,SmallTruck
24424,MediumTruck65282,N2_LRP158a,0,MediumTruck
24425,MediumTruck65289,N102_LRP045a,0,MediumTruck
24426,LargeBus65296,N1_LRP173b,0,LargeBus
24427,MediumTruck65297,N1_LRP318a,0,MediumTruck
24428,LargeBus65298,N2_LRP165c,0,LargeBus
24429,LargeBus65298,N2_LRP165d,0,LargeBus
24430,LargeBus65299,N2_LRP121c,0,LargeBus
24431,SmallTruck65303,N1_LRP033b,0,SmallTruck
24432,SmallTruck65303,N1_LRP033a,0,SmallTruck
24433,SmallTruck65304,N104_LRP028a,0,SmallTruck
24434,MiniBus65311,N2_LRP066a,0,MiniBus
24435,MediumTruck65314,N2_LRP151a,0,MediumTruck
24436,MediumTruck65321,N2_LRP126c,0,MediumTruck
24437,MediumTruck65321,N2_LRP126d,0,MediumTruck
24438,MediumTruck65321,N2_LRP127b,0,MediumTruck
24439,MediumTruck65325,N2_LRP048b,0,MediumTruck
24440,LargeBus65328,N2_LRP147d,0,LargeBus
24441,SmallTruck65329,N1_LRP318b,0,SmallTruck
24442,SmallTruck65331,N2_LRP147a,0,SmallTruck
24443,MediumTruck65336,N2_LRP141a,0,MediumTruck
24444,MediumTruck65336,N2_LRP141b,0,MediumTruck
24445,MediumTruck65337,N2_LRP121a,0,MediumTruck
24446,MediumTruck65341,N2_LRP055b,0,MediumTruck
24447,MediumTruck65345,N1_LRP323b,0,MediumTruck
24448,SmallTruck65346,N2_LRP139b,0,SmallTruck
24449,SmallTruck65346,N2_LRP140a,3.1052667729685517,SmallTruck
24450,SmallTruck65347,N2_LRP155a,0,SmallTruck
24451,MediumTruck65353,N2_LRP118b,0,MediumTruck
24452,MediumTruck65353,N2_LRP118e,0,MediumTruck
24453,MiniBus65361,N1_LRP322a,0,MiniBus
24454,MiniBus65361,N1_LRP321d,0,MiniBus
24455,LargeBus65363,N2_LRP141a,0,LargeBus
24456,LargeBus65366,N2_LRP021b,0,LargeBus
24457,MediumTruck65377,N1_LRP333a,0,MediumTruck
24458,MediumTruck65382,N105_LRP003a,0,MediumTruck
24459,MediumTruck65384,N2_LRP132a,0,MediumTruck
24460,MediumTruck65384,N2_LRP132b,0,MediumTruck
24461,MediumTruck65384,N2_LRP132c,0,MediumTruck
24462,MiniBus65390,N2_LRP146a,0,MiniBus
24463,LargeBus65394,N2_LRP138b,0,LargeBus
24464,LargeBus65394,N2_LRP139a,0,LargeBus
24465,LargeBus65395,N2_LRP155a,0,LargeBus
24466,MediumTruck65404,N2_LRP021a,0,MediumTruck
24467,MiniBus65405,N2_LRP054b,0,MiniBus
24468,LargeBus65407,N2_LRP093a,0,LargeBus
24469,LargeBus65408,N1_LRP145a,0,LargeBus
24470,MediumTruck65409,N1_LRP339a,0,MediumTruck
24471,MediumTruck65410,N2_LRP125d,0,MediumTruck
24472,MediumTruck65410,N2_LRP126a,0,MediumTruck
24473,MediumTruck65410,N2_LRP126b,0,MediumTruck
24474,LargeBus65411,N2_LRP161a,0,LargeBus
24475,SmallTruck65416,N2_LRP123e,0,SmallTruck
24476,SmallTruck65416,N2_LRP124c,0,SmallTruck
24477,MiniBus65418,N1_LRP034a,0,MiniBus
24478,LargeBus65419,N2_LRP012f,0,LargeBus
24479,MediumTruck65421,N2_LRP073c,0,MediumTruck
24480,MediumTruck65421,N2_LRP073b,0,MediumTruck
24481,MediumTruck65426,N1_LRP137a,0,MediumTruck
24482,SmallTruck65427,N2_LRP167c,0,SmallTruck
24483,SmallTruck65427,N2_LRP167b,0,SmallTruck
24484,LargeBus65431,N1_LRP234a,0,LargeBus
24485,MediumTruck65436,N2_LRP025b,0,MediumTruck
24486,MiniBus65442,N2_LRP128a,0,MiniBus
24487,MiniBus65442,N2_LRP128b,0,MiniBus
24488,SmallTruck65443,N2_LRP171d,0,SmallTruck
24489,SmallTruck65443,N2_LRP170j,0,SmallTruck
24490,SmallTruck65443,N2_LRP170i,0,SmallTruck
24491,SmallTruck65443,N2_LRP170h,0,SmallTruck
24492,SmallTruck65443,N2_LRP170g,0,SmallTruck
24493,SmallTruck65443,N2_LRP170f,0.20060222546739886,SmallTruck
24494,MediumTruck65456,N1_LRP120b,0,MediumTruck
24495,MediumTruck65457,N1_LRP350a,0,MediumTruck
24496,HeavyTruck65460,N2_LRP048a,0,HeavyTruck
24497,MiniBus65470,N2_LRP164d,0,MiniBus
24498,MiniBus65470,N2_LRP164b,0,MiniBus
24499,MiniBus65470,N2_LRP164a,0,MiniBus
24500,SmallTruck65475,N2_LRP179a,0,SmallTruck
24501,SmallTruck65475,N2_LRP178b,0,SmallTruck
24502,MediumTruck65489,N1_LRP359b,0,MediumTruck
24503,MediumTruck65489,N1_LRP359a,0,MediumTruck
24504,SmallTruck65490,N2_LRP106b,0,SmallTruck
24505,HeavyTruck65491,N2_LRP182b,0,HeavyTruck
24506,HeavyTruck65491,N2_LRP182a,0,HeavyTruck
24507,MediumTruck65497,N2_LRP084a,0,MediumTruck
24508,MiniBus65502,N2_LRP171e,0,MiniBus
24509,LargeBus65505,N1_LRP357c,0,LargeBus
24510,LargeBus65505,N1_LRP357a,0,LargeBus
24511,HeavyTruck65506,N2_LRP104a,0,HeavyTruck
24512,MiniBus65515,N2_LRP186d,0,MiniBus
24513,SmallTruck65517,N2_LRP096a,0,SmallTruck
24514,SmallTruck65517,N2_LRP095a,0,SmallTruck
24515,SmallTruck65519,N2_LRP133a,0,SmallTruck
24516,MediumTruck65523,N2_LRP187b,0,MediumTruck
24517,SmallTruck65532,N2_LRP050a,0,SmallTruck
24518,MediumTruck65535,N2_LRP138a,0,MediumTruck
24519,MediumTruck65537,N1_LRP372c,0,MediumTruck
24520,MediumTruck65537,N1_LRP372a,0,MediumTruck
24521,MediumTruck65538,N2_LRP097a,0,MediumTruck
24522,MediumTruck65545,N2_LRP073b,0,MediumTruck
24523,MediumTruck65545,N2_LRP073c,0,MediumTruck
24524,MediumTruck65551,N2_LRP138b,0,MediumTruck
24525,SmallTruck65553,N1_LRP373a,0,SmallTruck
24526,SmallTruck65563,N2_LRP061a,0,SmallTruck
24527,MediumTruck65569,N1_LRP383a,0,MediumTruck
24528,MediumTruck65569,N1_LRP382b,0,MediumTruck
24529,LargeBus65570,N2_LRP095a,0,LargeBus
24530,LargeBus65570,N2_LRP096a,0,LargeBus
24531,LargeBus65575,N1_LRP094a,0,LargeBus
24532,SmallTruck65579,N2_LRP170e,0,SmallTruck
24533,SmallTruck65579,N2_LRP170f,1.200602225467399,SmallTruck
24534,MiniBus65585,N1_LRP372c,0,MiniBus
24535,SmallTruck65592,N2_LRP079d,0,SmallTruck
24536,MiniBus65599,N2_LRP148b,0,MiniBus
24537,MediumTruck65601,N1_LRP388a,0,MediumTruck
24538,MediumTruck65602,N2_LRP079b,3.189923633630786,MediumTruck
24539,MiniBus65603,N2_LRP200c,0,MiniBus
24540,SmallTruck65611,N2_LRP074a,0,SmallTruck
24541,SmallTruck65611,N2_LRP073g,0,SmallTruck
24542,MediumTruck65616,N2_LRP069c,0,MediumTruck
24543,MediumTruck65616,N2_LRP069e,0,MediumTruck
24544,MediumTruck65616,N2_LRP070a,0,MediumTruck
24545,LargeBus65617,N1_LRP389a,0,LargeBus
24546,MediumTruck65624,N2_LRP076b,0,MediumTruck
24547,MediumTruck65627,N2_LRP157b,0,MediumTruck
24548,LargeBus65632,N2_LRP072a,0,LargeBus
24549,SmallTruck65634,N102_LRPSc,0,SmallTruck
24550,MediumTruck65635,N2_LRP216a,0,MediumTruck
24551,LargeBus65637,N102_LRPSc,0,LargeBus
24552,MiniBus65647,N2_LRP161c,0,MiniBus
24553,MiniBus65647,N2_LRP161b,0,MiniBus
24554,LargeBus65649,N1_LRP390a,0,LargeBus
24555,LargeBus65650,N2_LRP074a,0,LargeBus
24556,LargeBus65651,N2_LRP211c,0,LargeBus
24557,LargeBus65651,N2_LRP211b,0,LargeBus
24558,MediumTruck65656,N2_LRP067c,0,MediumTruck
24559,MediumTruck65661,N208_LRP027b,0,MediumTruck
24560,MediumTruck65665,N1_LRP400a,0,MediumTruck
24561,LargeBus65681,N1_LRP400a,0,LargeBus
24562,SmallTruck65684,N102_LRP062b,0,SmallTruck
24563,MediumTruck65699,N2_LRP229c,0,MediumTruck
24564,HeavyTruck65700,N102_LRP058a,0,HeavyTruck
24565,LargeBus65714,N1_LRP068a,0,LargeBus
24566,LargeBus65715,N2_LRP228b,0,LargeBus
24567,HeavyTruck65717,N102_LRP028c,0,HeavyTruck
24568,MediumTruck65720,N2_LRP052a,0,MediumTruck
24569,MiniBus65721,N2_LRP035b,0,MiniBus
24570,SmallTruck65727,N2_LRP180a,0,SmallTruck
24571,MediumTruck65736,N2_LRP048b,0,MediumTruck
24572,LargeBus65747,N2_LRP236c,0,LargeBus
24573,MediumTruck65749,N102_LRP036d,0,MediumTruck
24574,MediumTruck65749,N102_LRP036b,0,MediumTruck
24575,SmallTruck65754,N2_LRP076a,0,SmallTruck
24576,SmallTruck65755,N2_LRP128b,0,SmallTruck
24577,SmallTruck65755,N2_LRP129a,0,SmallTruck
24578,MediumTruck65758,N208_LRP046b,0,MediumTruck
24579,MediumTruck65761,N1_LRP422b,0,MediumTruck
24580,MediumTruck65761,N1_LRP421f,0,MediumTruck
24581,LargeBus65762,N2_LRP045b,0,LargeBus
24582,LargeBus65763,N2_LRP241c,0,LargeBus
24583,MediumTruck65768,N105_LRP042b,0,MediumTruck
24584,MediumTruck65773,N2_LRP159d,0,MediumTruck
24585,MediumTruck65773,N2_LRP159c,0,MediumTruck
24586,MediumTruck65773,N2_LRP159b,0,MediumTruck
24587,MediumTruck65777,N1_LRP425a,0,MediumTruck
24588,MediumTruck65777,N1_LRP424e,0,MediumTruck
24589,MediumTruck65778,N2_LRP038c,0,MediumTruck
24590,MediumTruck65779,N2_LRP249a,0,MediumTruck
24591,SmallTruck65786,N2_LRP152c,0,SmallTruck
24592,SmallTruck65786,N2_LRP152d,0,SmallTruck
24593,SmallTruck65786,N2_LRP153a,0,SmallTruck
24594,MiniBus65787,N2_LRP124c,0,MiniBus
24595,SmallTruck65792,N2_LRP025a,0,SmallTruck
24596,SmallTruck65792,N2_LRP025b,0,SmallTruck
24597,LargeBus65793,N1_LRP425b,0,LargeBus
24598,LargeBus65793,N1_LRP425a,0,LargeBus
24599,MediumTruck65804,N2_LRP177a,0,MediumTruck
24600,SmallTruck65805,N2_LRP162e,0,SmallTruck
24601,SmallTruck65805,N2_LRP162d,0,SmallTruck
24602,SmallTruck65805,N2_LRP162c,0,SmallTruck
24603,MediumTruck65806,N208_LRP034c,0,MediumTruck
24604,MediumTruck65806,N208_LRP034d,0,MediumTruck
24605,MediumTruck65808,N1_LRP030a,0,MediumTruck
24606,MediumTruck65812,N1_LRP112a,0,MediumTruck
24607,SmallTruck65820,N2_LRP118g,0,SmallTruck
24608,LargeBus65825,N1_LRP432a,0,LargeBus
24609,LargeBus65825,N1_LRP431d,0.02409295349554424,LargeBus
24610,SmallTruck65827,N2_LRP262a,0,SmallTruck
24611,SmallTruck65827,N2_LRP261b,0,SmallTruck
24612,SmallTruck65830,N1_LRP122a,0,SmallTruck
24613,SmallTruck65833,N105_LRP023c,0,SmallTruck
24614,MediumTruck65837,N2_LRP170b,0,MediumTruck
24615,MediumTruck65837,N2_LRP170a,0,MediumTruck
24616,MediumTruck65837,N2_LRP169f,0,MediumTruck
24617,MediumTruck65837,N2_LRP169e,0,MediumTruck
24618,MediumTruck65837,N2_LRP169d,0,MediumTruck
24619,MediumTruck65837,N2_LRP169c,0,MediumTruck
24620,HeavyTruck65841,N1_LRP438c,0,HeavyTruck
24621,HeavyTruck65841,N1_LRP438b,0,HeavyTruck
24622,HeavyTruck65841,N1_LRP438a,0,HeavyTruck
24623,MediumTruck65848,N105_LRP021d,0,MediumTruck
24624,SmallTruck65849,N105_LRP027c,0,SmallTruck
24625,MiniBus65852,N2_LRP167b,0,MiniBus
24626,MiniBus65852,N2_LRP167c,0,MiniBus
24627,MiniBus65854,N208_LRP024d,0,MiniBus
24628,MiniBus65855,N2_LRP207b,0,MiniBus
24629,MediumTruck65857,N1_LRP441a,0,MediumTruck
24630,MediumTruck65860,N102_LRP017a,0,MediumTruck
24631,SmallTruck65864,N105_LRP017c,0,SmallTruck
24632,MediumTruck65866,N204_LRP020b,0,MediumTruck
24633,SmallTruck65869,N2_LRP177a,0,SmallTruck
24634,MediumTruck65872,N1_LRP014a,0,MediumTruck
24635,LargeBus65873,N1_LRP444e,0,LargeBus
24636,LargeBus65873,N1_LRP444d,0,LargeBus
24637,LargeBus65873,N1_LRP444c,0,LargeBus
24638,MediumTruck65880,N2_LRP012f,0,MediumTruck
24639,MediumTruck65887,N2_LRP216b,0,MediumTruck
24640,MiniBus65889,N1_LRP449d,0,MiniBus
24641,MiniBus65889,N1_LRP449c,0,MiniBus
24642,MediumTruck65897,N105_LRP040c,0,MediumTruck
24643,MediumTruck65904,N1_LRP004b,0,MediumTruck
24644,LargeBus65910,N1_LRP142a,0,LargeBus
24645,SmallTruck65911,N104_LRP044d,0,SmallTruck
24646,SmallTruck65924,N102_LRPSc,0,SmallTruck
24647,MediumTruck65925,N102_LRP082a,0,MediumTruck
24648,LargeBus65932,N2_LRP146a,0,LargeBus
24649,SmallTruck65281,N1_LRP310a,0,SmallTruck
24650,MediumTruck65282,N2_LRP159b,0,MediumTruck
24651,MediumTruck65282,N2_LRP159c,0,MediumTruck
24652,LargeBus65296,N1_LRP174a,0.3103923065619045,LargeBus
24653,MediumTruck65297,N1_LRP317a,1.710694719949445,MediumTruck
24654,LargeBus65298,N2_LRP166d,0,LargeBus
24655,LargeBus65298,N2_LRP166e,0,LargeBus
24656,LargeBus65299,N2_LRP121a,0,LargeBus
24657,MediumTruck65312,N2_LRP140c,0.3355885312023672,MediumTruck
24658,LargeBus65313,N1_LRP311b,0,LargeBus
24659,LargeBus65313,N1_LRP311a,0,LargeBus
24660,MediumTruck65314,N2_LRP151b,0,MediumTruck
24661,MediumTruck65314,N2_LRP152a,0,MediumTruck
24662,MediumTruck65314,N2_LRP152b,0,MediumTruck
24663,MediumTruck65321,N2_LRP127c,0,MediumTruck
24664,MediumTruck65321,N2_LRP128a,0,MediumTruck
24665,MediumTruck65325,N2_LRP048a,0,MediumTruck
24666,LargeBus65328,N2_LRP148b,0,LargeBus
24667,SmallTruck65329,N1_LRP318a,0,SmallTruck
24668,SmallTruck65331,N2_LRP146a,0,SmallTruck
24669,MediumTruck65334,N2_LRP016a,0,MediumTruck
24670,MediumTruck65337,N2_LRP121c,0,MediumTruck
24671,MediumTruck65341,N2_LRP054b,0,MediumTruck
24672,MediumTruck65341,N2_LRP054a,0,MediumTruck
24673,MediumTruck65342,N2_LRP141b,0,MediumTruck
24674,SmallTruck65347,N2_LRP154c,0,SmallTruck
24675,MediumTruck65353,N2_LRP118g,0,MediumTruck
24676,MediumTruck65360,N1_LRP145a,0,MediumTruck
24677,MiniBus65361,N1_LRP321b,0,MiniBus
24678,MiniBus65361,N1_LRP321a,0,MiniBus
24679,LargeBus65363,N2_LRP140c,1.3355885312023672,LargeBus
24680,SmallTruck65373,N2_LRP057b,0,SmallTruck
24681,SmallTruck65373,N2_LRP057a,0,SmallTruck
24682,MediumTruck65377,N1_LRP332c,0,MediumTruck
24683,MediumTruck65380,N2_LRP066a,0,MediumTruck
24684,MediumTruck65384,N2_LRP133a,0,MediumTruck
24685,MediumTruck65392,N1_LRP137a,0,MediumTruck
24686,LargeBus65394,N2_LRP139b,0,LargeBus
24687,LargeBus65394,N2_LRP140a,3.1052667729685517,LargeBus
24688,LargeBus65395,N2_LRP154c,0,LargeBus
24689,MediumTruck65402,N1_LRP026a,0,MediumTruck
24690,MediumTruck65403,N2_LRP021b,0,MediumTruck
24691,MiniBus65405,N2_LRP054a,0,MiniBus
24692,MiniBus65405,N2_LRP053a,0,MiniBus
24693,LargeBus65407,N2_LRP092b,0,LargeBus
24694,LargeBus65407,N2_LRP092a,0,LargeBus
24695,MediumTruck65410,N2_LRP126c,0,MediumTruck
24696,MediumTruck65410,N2_LRP126d,0,MediumTruck
24697,MediumTruck65410,N2_LRP127b,0,MediumTruck
24698,LargeBus65411,N2_LRP160a,0,LargeBus
24699,LargeBus65419,N2_LRP012c,0,LargeBus
24700,LargeBus65422,N2_LRP155a,0,LargeBus
24701,MediumTruck65425,N1_LRP341a,0,MediumTruck
24702,MediumTruck65425,N1_LRP340a,0,MediumTruck
24703,SmallTruck65427,N2_LRP166e,0,SmallTruck
24704,SmallTruck65427,N2_LRP166d,0,SmallTruck
24705,MediumTruck65429,N1_LRP036c,0,MediumTruck
24706,MediumTruck65436,N2_LRP025a,0,MediumTruck
24707,MediumTruck65436,N2_LRP024b,0,MediumTruck
24708,MiniBus65442,N2_LRP129a,0,MiniBus
24709,MiniBus65442,N2_LRP129b,0,MiniBus
24710,MiniBus65442,N2_LRP129c,0,MiniBus
24711,SmallTruck65443,N2_LRP170e,0,SmallTruck
24712,SmallTruck65443,N2_LRP170c,0,SmallTruck
24713,HeavyTruck65460,N2_LRP048b,0,HeavyTruck
24714,MediumTruck65462,N1_LRP027a,0,MediumTruck
24715,MediumTruck65462,N1_LRP026b,0,MediumTruck
24716,MediumTruck65465,N2_LRP091b,0,MediumTruck
24717,MediumTruck65465,N2_LRP092a,0,MediumTruck
24718,MediumTruck65465,N2_LRP092b,0,MediumTruck
24719,MiniBus65470,N2_LRP163d,0,MiniBus
24720,MiniBus65470,N2_LRP163c,0,MiniBus
24721,MiniBus65470,N2_LRP163b,0,MiniBus
24722,SmallTruck65475,N2_LRP178a,0,SmallTruck
24723,MediumTruck65489,N1_LRP358b,0,MediumTruck
24724,MediumTruck65489,N1_LRP358a,0,MediumTruck
24725,HeavyTruck65491,N2_LRP181c,0,HeavyTruck
24726,MiniBus65502,N2_LRP171d,0,MiniBus
24727,MiniBus65502,N2_LRP170j,0,MiniBus
24728,MiniBus65502,N2_LRP170i,0,MiniBus
24729,MiniBus65502,N2_LRP170h,0,MiniBus
24730,MiniBus65502,N2_LRP170g,0,MiniBus
24731,MiniBus65502,N2_LRP170f,2.200602225467399,MiniBus
24732,MiniBus65515,N2_LRP187b,0,MiniBus
24733,SmallTruck65519,N2_LRP132c,0,SmallTruck
24734,MediumTruck65523,N2_LRP186d,0,MediumTruck
24735,MediumTruck65533,N2_LRP098b,0.019056464759796325,MediumTruck
24736,MediumTruck65536,N2_LRP090a,0,MediumTruck
24737,MediumTruck65537,N1_LRP371c,0,MediumTruck
24738,MediumTruck65537,N1_LRP371a,0,MediumTruck
24739,MediumTruck65538,N2_LRP098b,0.1276754270626121,MediumTruck
24740,MediumTruck65545,N2_LRP073g,0,MediumTruck
24741,MediumTruck65551,N2_LRP138a,0,MediumTruck
24742,SmallTruck65552,N2_LRP084a,0,SmallTruck
24743,SmallTruck65553,N1_LRP372c,0,SmallTruck
24744,SmallTruck65553,N1_LRP372a,0,SmallTruck
24745,MediumTruck65554,N1_LRP105a,0,MediumTruck
24746,SmallTruck65563,N2_LRP060c,0,SmallTruck
24747,MediumTruck65569,N1_LRP382a,0,MediumTruck
24748,MediumTruck65569,N1_LRP381c,0,MediumTruck
24749,MediumTruck65569,N1_LRP381b,0,MediumTruck
24750,LargeBus65570,N2_LRP096c,0,LargeBus
24751,LargeBus65570,N2_LRP097a,0,LargeBus
24752,MediumTruck65571,N2_LRP200c,0,MediumTruck
24753,MediumTruck65584,N1_LRP088a,0,MediumTruck
24754,MiniBus65585,N1_LRP372a,0,MiniBus
24755,MiniBus65585,N1_LRP371c,0,MiniBus
24756,MiniBus65585,N1_LRP371a,0,MiniBus
24757,SmallTruck65592,N2_LRP081a,0,SmallTruck
24758,MiniBus65599,N2_LRP147d,0,MiniBus
24759,MiniBus65599,N2_LRP147b,0,MiniBus
24760,MediumTruck65601,N1_LRP387f,0,MediumTruck
24761,MediumTruck65601,N1_LRP387e,0,MediumTruck
24762,MiniBus65603,N2_LRP199d,0,MiniBus
24763,MediumTruck65606,N1_LRP064c,0,MediumTruck
24764,SmallTruck65611,N2_LRP073c,0,SmallTruck
24765,SmallTruck65611,N2_LRP073b,0,SmallTruck
24766,MediumTruck65612,N2_LRP221b,0,MediumTruck
24767,MediumTruck65616,N2_LRP070c,0,MediumTruck
24768,LargeBus65617,N1_LRP388a,0,LargeBus
24769,LargeBus65617,N1_LRP387f,0,LargeBus
24770,LargeBus65618,N2_LRP079d,0,LargeBus
24771,SmallTruck65619,N2_LRP211c,0,SmallTruck
24772,MediumTruck65627,N2_LRP158a,0,MediumTruck
24773,SmallTruck65634,N102_LRP002a,0,SmallTruck
24774,SmallTruck65634,N102_LRP002b,0,SmallTruck
24775,SmallTruck65634,N102_LRP002c,0,SmallTruck
24776,LargeBus65636,N2_LRP012c,0,LargeBus
24777,LargeBus65637,N1_LRP083a,0,LargeBus
24778,MiniBus65639,N1_LRP111a,0,MiniBus
24779,MiniBus65647,N2_LRP161a,0,MiniBus
24780,LargeBus65649,N1_LRP389d,0,LargeBus
24781,LargeBus65650,N2_LRP076a,0,LargeBus
24782,MediumTruck65658,N2_LRP050a,0,MediumTruck
24783,MediumTruck65665,N1_LRP398d,1.562690072423888,MediumTruck
24784,HeavyTruck65669,N102_LRP015a,0,HeavyTruck
24785,MiniBus65674,N2_LRP050a,0,MiniBus
24786,LargeBus65677,N2_LRP130c,0,LargeBus
24787,LargeBus65677,N2_LRP130b,0,LargeBus
24788,LargeBus65681,N1_LRP398d,2.562690072423888,LargeBus
24789,SmallTruck65684,N102_LRP062c,0,SmallTruck
24790,MediumTruck65685,N102_LRP019b,0,MediumTruck
24791,MediumTruck65685,N102_LRP019a,0,MediumTruck
24792,SmallTruck65697,N1_LRP408a,0,SmallTruck
24793,MediumTruck65699,N2_LRP229a,1.0080929501715548,MediumTruck
24794,MiniBus65702,N1_LRP083b,0,MiniBus
24795,MiniBus65702,N1_LRP083a,0,MiniBus
24796,MediumTruck65708,N2_LRP093a,0,MediumTruck
24797,SmallTruck65709,N2_LRP140a,4.105266772968552,SmallTruck
24798,MediumTruck65716,N102_LRP055c,0,MediumTruck
24799,MediumTruck65720,N2_LRP053a,0,MediumTruck
24800,MediumTruck65726,N208_LRP055a,0,MediumTruck
24801,SmallTruck65727,N2_LRP179a,0,SmallTruck
24802,SmallTruck65727,N2_LRP178b,0,SmallTruck
24803,MediumTruck65730,N2_LRP050a,0,MediumTruck
24804,HeavyTruck65731,N2_LRP236c,0,HeavyTruck
24805,MiniBus65738,N2_LRP064b,0,MiniBus
24806,MiniBus65738,N2_LRP064a,0,MiniBus
24807,LargeBus65747,N2_LRP236a,0,LargeBus
24808,SmallTruck65755,N2_LRP129b,0,SmallTruck
24809,SmallTruck65755,N2_LRP129c,0,SmallTruck
24810,SmallTruck65755,N2_LRP130a,0,SmallTruck
24811,MediumTruck65761,N1_LRP421d,0,MediumTruck
24812,LargeBus65762,N2_LRP046c,0,LargeBus
24813,MediumTruck65773,N2_LRP158a,0,MediumTruck
24814,MiniBus65774,N208_LRP046b,0,MiniBus
24815,MediumTruck65777,N1_LRP424c,0,MediumTruck
24816,MediumTruck65777,N1_LRP424b,0,MediumTruck
24817,MediumTruck65777,N1_LRP424a,0.6981652702356765,MediumTruck
24818,MediumTruck65778,N2_LRP039a,0,MediumTruck
24819,LargeBus65782,N1_LRP105a,0,LargeBus
24820,SmallTruck65786,N2_LRP153b,0,SmallTruck
24821,MiniBus65787,N2_LRP125a,0,MiniBus
24822,MiniBus65787,N2_LRP125b,0,MiniBus
24823,MiniBus65787,N2_LRP125c,0,MiniBus
24824,SmallTruck65789,N2_LRP161c,0,SmallTruck
24825,SmallTruck65789,N2_LRP161b,0,SmallTruck
24826,LargeBus65793,N1_LRP424e,0,LargeBus
24827,LargeBus65793,N1_LRP424c,0,LargeBus
24828,LargeBus65793,N1_LRP424b,0,LargeBus
24829,LargeBus65793,N1_LRP424a,1.6981652702356764,LargeBus
24830,LargeBus65794,N2_LRP038c,0,LargeBus
24831,LargeBus65794,N2_LRP039a,0,LargeBus
24832,SmallTruck65800,N105_LRP035d,0,SmallTruck
24833,MediumTruck65804,N2_LRP178a,0,MediumTruck
24834,SmallTruck65805,N2_LRP162a,2.1729867887609995,SmallTruck
24835,SmallTruck65809,N1_LRP431b,0,SmallTruck
24836,SmallTruck65809,N1_LRP431a,0,SmallTruck
24837,SmallTruck65809,N1_LRP430c,0,SmallTruck
24838,MediumTruck65816,N105_LRP030c,0,MediumTruck
24839,SmallTruck65820,N2_LRP118e,0,SmallTruck
24840,SmallTruck65820,N2_LRP118b,0,SmallTruck
24841,SmallTruck65820,N2_LRP118a,0,SmallTruck
24842,SmallTruck65822,N208_LRP031b,0,SmallTruck
24843,SmallTruck65822,N208_LRP031d,0,SmallTruck
24844,LargeBus65824,N2_LRP021a,0,LargeBus
24845,LargeBus65826,N2_LRP029b,0,LargeBus
24846,SmallTruck65827,N2_LRP261a,0,SmallTruck
24847,SmallTruck65833,N105_LRP022c,0,SmallTruck
24848,MediumTruck65837,N2_LRP169b,0,MediumTruck
24849,SmallTruck65838,N208_LRP027b,0,SmallTruck
24850,SmallTruck65838,N208_LRP027d,0,SmallTruck
24851,MiniBus65839,N208_LRP029c,0,MiniBus
24852,HeavyTruck65841,N1_LRP437b,0,HeavyTruck
24853,HeavyTruck65841,N1_LRP437a,0,HeavyTruck
24854,LargeBus65842,N2_LRP024b,0,LargeBus
24855,LargeBus65842,N2_LRP025a,0,LargeBus
24856,MediumTruck65848,N105_LRP022c,0,MediumTruck
24857,MiniBus65852,N2_LRP168a,0,MiniBus
24858,MiniBus65852,N2_LRP168c,0,MiniBus
24859,MiniBus65855,N2_LRP206b,0,MiniBus
24860,MediumTruck65865,N105_LRP030c,0,MediumTruck
24861,SmallTruck65869,N2_LRP176e,0,SmallTruck
24862,SmallTruck65869,N2_LRP176d,0,SmallTruck
24863,SmallTruck65869,N2_LRP176c,0,SmallTruck
24864,SmallTruck65869,N2_LRP176b,0,SmallTruck
24865,LargeBus65873,N1_LRP444b,0,LargeBus
24866,LargeBus65873,N1_LRP444a,0,LargeBus
24867,LargeBus65873,N1_LRP443d,0,LargeBus
24868,HeavyTruck65876,N1_LRP068a,0,HeavyTruck
24869,MediumTruck65878,N1_LRP134a,0,MediumTruck
24870,MediumTruck65881,N105_LRP035d,0,MediumTruck
24871,MediumTruck65887,N2_LRP216a,0,MediumTruck
24872,MiniBus65889,N1_LRP448a,0,MiniBus
24873,MiniBus65890,N2_LRP012c,0,MiniBus
24874,MiniBus65894,N1_LRP137a,0,MiniBus
24875,MediumTruck65897,N105_LRP039b,0,MediumTruck
24876,SmallTruck65905,N1_LRP452e,0,SmallTruck
24877,SmallTruck65905,N1_LRP452d,0,SmallTruck
24878,SmallTruck65912,N105_LRP005c,0,SmallTruck
24879,SmallTruck65912,N105_LRP006a,0,SmallTruck
24880,SmallTruck65920,N1_LRP001a,0,SmallTruck
24881,LargeBus65921,N1_LRP456c,0,LargeBus
24882,MediumTruck65923,N2_LRP285c,0,MediumTruck
24883,SmallTruck65924,N102_LRP002a,0,SmallTruck
24884,SmallTruck65928,N1_LRP014a,0,SmallTruck
24885,MediumTruck65933,N207_LRP066b,0,MediumTruck
24886,SmallTruck65281,N1_LRP309b,0,SmallTruck
24887,MediumTruck65282,N2_LRP159d,0,MediumTruck
24888,MediumTruck65282,N2_LRP160a,0,MediumTruck
24889,MediumTruck65285,N2_LRP012c,0,MediumTruck
24890,LargeBus65296,N1_LRP174b,0,LargeBus
24891,LargeBus65296,N1_LRP174c,0,LargeBus
24892,LargeBus65298,N2_LRP167b,0,LargeBus
24893,LargeBus65298,N2_LRP167c,0,LargeBus
24894,LargeBus65299,N2_LRP120a,0,LargeBus
24895,LargeBus65299,N2_LRP119c,0,LargeBus
24896,LargeBus65313,N1_LRP310b,0,LargeBus
24897,LargeBus65313,N1_LRP310a,0,LargeBus
24898,MediumTruck65314,N2_LRP152c,0,MediumTruck
24899,MediumTruck65314,N2_LRP152d,0,MediumTruck
24900,MediumTruck65314,N2_LRP153a,0,MediumTruck
24901,MediumTruck65321,N2_LRP128b,0,MediumTruck
24902,MediumTruck65325,N2_LRP047c,0,MediumTruck
24903,MediumTruck65325,N2_LRP047a,0,MediumTruck
24904,MediumTruck65325,N2_LRP046c,0,MediumTruck
24905,SmallTruck65329,N1_LRP317a,3.1765309600188836,SmallTruck
24906,MediumTruck65337,N2_LRP122b,0,MediumTruck
24907,MediumTruck65341,N2_LRP053a,0,MediumTruck
24908,MediumTruck65342,N2_LRP141a,0,MediumTruck
24909,MediumTruck65342,N2_LRP140c,2.335588531202367,MediumTruck
24910,MediumTruck65345,N1_LRP322a,0,MediumTruck
24911,SmallTruck65347,N2_LRP153b,0,SmallTruck
24912,SmallTruck65347,N2_LRP153a,0,SmallTruck
24913,MediumTruck65353,N2_LRP119c,0,MediumTruck
24914,MediumTruck65353,N2_LRP120a,0,MediumTruck
24915,MediumTruck65358,N2_LRP148b,0,MediumTruck
24916,MiniBus65361,N1_LRP320a,0,MiniBus
24917,MediumTruck65365,N1_LRP020a,0,MediumTruck
24918,MediumTruck65377,N1_LRP332b,0,MediumTruck
24919,MediumTruck65377,N1_LRP332a,0,MediumTruck
24920,MediumTruck65380,N2_LRP067c,0,MediumTruck
24921,MediumTruck65384,N2_LRP134b,0,MediumTruck
24922,MediumTruck65384,N2_LRP134c,0,MediumTruck
24923,MediumTruck65387,N2_LRP016a,0,MediumTruck
24924,LargeBus65395,N2_LRP153b,0,LargeBus
24925,LargeBus65395,N2_LRP153a,0,LargeBus
24926,MediumTruck65402,N1_LRP026b,0,MediumTruck
24927,MediumTruck65403,N2_LRP021a,0,MediumTruck
24928,MiniBus65405,N2_LRP052a,0,MiniBus
24929,LargeBus65407,N2_LRP091b,0,LargeBus
24930,MediumTruck65410,N2_LRP127c,0,MediumTruck
24931,MediumTruck65410,N2_LRP128a,0,MediumTruck
24932,LargeBus65411,N2_LRP159d,0,LargeBus
24933,LargeBus65411,N2_LRP159c,0,LargeBus
24934,LargeBus65411,N2_LRP159b,0,LargeBus
24935,SmallTruck65416,N2_LRP125a,0,SmallTruck
24936,SmallTruck65416,N2_LRP125b,0,SmallTruck
24937,SmallTruck65416,N2_LRP125c,0,SmallTruck
24938,MiniBus65418,N1_LRP035a,0,MiniBus
24939,MediumTruck65421,N2_LRP072a,0,MediumTruck
24940,LargeBus65422,N2_LRP154c,0,LargeBus
24941,MediumTruck65429,N1_LRP035a,0,MediumTruck
24942,SmallTruck65430,N1_LRP260a,0,SmallTruck
24943,MiniBus65442,N2_LRP130a,0,MiniBus
24944,MiniBus65442,N2_LRP130b,0,MiniBus
24945,MiniBus65442,N2_LRP130c,0,MiniBus
24946,SmallTruck65443,N2_LRP170b,0,SmallTruck
24947,SmallTruck65443,N2_LRP170a,0,SmallTruck
24948,SmallTruck65443,N2_LRP169f,0,SmallTruck
24949,SmallTruck65443,N2_LRP169e,0,SmallTruck
24950,SmallTruck65443,N2_LRP169d,0,SmallTruck
24951,SmallTruck65443,N2_LRP169c,0,SmallTruck
24952,MediumTruck65446,N1_LRP023a,0,MediumTruck
24953,MediumTruck65457,N1_LRP349a,0,MediumTruck
24954,MediumTruck65457,N1_LRP348b,0,MediumTruck
24955,MediumTruck65462,N1_LRP026a,0,MediumTruck
24956,MediumTruck65465,N2_LRP093a,0,MediumTruck
24957,MiniBus65470,N2_LRP163a,0,MiniBus
24958,MiniBus65470,N2_LRP162e,0,MiniBus
24959,MiniBus65470,N2_LRP162d,0,MiniBus
24960,MiniBus65470,N2_LRP162c,0,MiniBus
24961,MediumTruck65473,N1_LRP353b,0,MediumTruck
24962,MediumTruck65473,N1_LRP353a,0,MediumTruck
24963,MediumTruck65473,N1_LRP352a,0,MediumTruck
24964,SmallTruck65475,N2_LRP177a,0,SmallTruck
24965,SmallTruck65485,N2_LRP084a,0,SmallTruck
24966,MediumTruck65489,N1_LRP357f,0,MediumTruck
24967,MediumTruck65489,N1_LRP357d,0,MediumTruck
24968,SmallTruck65490,N2_LRP108a,0,SmallTruck
24969,HeavyTruck65491,N2_LRP180c,0,HeavyTruck
24970,MediumTruck65497,N2_LRP086a,0,MediumTruck
24971,MiniBus65500,N2_LRP029b,0,MiniBus
24972,HeavyTruck65506,N2_LRP106a,0,HeavyTruck
24973,MiniBus65515,N2_LRP188a,0,MiniBus
24974,SmallTruck65519,N2_LRP132b,0,SmallTruck
24975,SmallTruck65519,N2_LRP132a,0,SmallTruck
24976,MediumTruck65521,N1_LRP364d,0,MediumTruck
24977,MediumTruck65523,N2_LRP186c,0,MediumTruck
24978,SmallTruck65532,N2_LRP048b,0,SmallTruck
24979,MediumTruck65535,N2_LRP135b,0,MediumTruck
24980,MediumTruck65537,N1_LRP370e,0,MediumTruck
24981,MediumTruck65545,N2_LRP074a,0,MediumTruck
24982,SmallTruck65553,N1_LRP371c,0,SmallTruck
24983,SmallTruck65553,N1_LRP371a,0,SmallTruck
24984,LargeBus65556,N2_LRP035b,0,LargeBus
24985,LargeBus65570,N2_LRP098b,0.09538473532413302,LargeBus
24986,MediumTruck65571,N2_LRP199d,0,MediumTruck
24987,MediumTruck65578,N2_LRP029b,0,MediumTruck
24988,SmallTruck65579,N2_LRP170g,0,SmallTruck
24989,SmallTruck65579,N2_LRP170h,0,SmallTruck
24990,SmallTruck65579,N2_LRP170i,0,SmallTruck
24991,SmallTruck65579,N2_LRP170j,0,SmallTruck
24992,LargeBus65581,N2_LRP098b,0.16935734940756292,LargeBus
24993,MiniBus65585,N1_LRP370e,0,MiniBus
24994,MediumTruck65586,N2_LRP084a,0,MediumTruck
24995,SmallTruck65592,N2_LRP081b,0,SmallTruck
24996,MiniBus65599,N2_LRP147a,0,MiniBus
24997,MediumTruck65601,N1_LRP387b,0,MediumTruck
24998,MediumTruck65601,N1_LRP387a,0,MediumTruck
24999,MediumTruck65601,N1_LRP386f,0,MediumTruck
25000,MediumTruck65601,N1_LRP386e,0,MediumTruck
25001,LargeBus65617,N1_LRP387e,0,LargeBus
25002,LargeBus65617,N1_LRP387b,0,LargeBus
25003,LargeBus65617,N1_LRP387a,0,LargeBus
25004,LargeBus65618,N2_LRP081a,0,LargeBus
25005,SmallTruck65619,N2_LRP211b,0,SmallTruck
25006,MediumTruck65624,N2_LRP078a,0,MediumTruck
25007,MediumTruck65627,N2_LRP159b,0,MediumTruck
25008,MediumTruck65627,N2_LRP159c,0,MediumTruck
25009,MediumTruck65630,N2_LRP207b,0,MediumTruck
25010,LargeBus65632,N2_LRP073b,0,LargeBus
25011,LargeBus65632,N2_LRP073c,0,LargeBus
25012,MediumTruck65635,N2_LRP214b,0.15477570426060233,MediumTruck
25013,LargeBus65636,N2_LRP012f,0,LargeBus
25014,LargeBus65637,N1_LRP083b,0,LargeBus
25015,MediumTruck65642,N2_LRP184c,0,MediumTruck
25016,MiniBus65647,N2_LRP160a,0,MiniBus
25017,LargeBus65649,N1_LRP389b,0.020040316326777777,LargeBus
25018,LargeBus65650,N2_LRP076b,0,LargeBus
25019,MediumTruck65664,N1_LRP068a,0,MediumTruck
25020,MediumTruck65666,N1_LRP077a,0,MediumTruck
25021,SmallTruck65667,N2_LRP221b,0,SmallTruck
25022,MediumTruck65668,N1_LRP014a,0,MediumTruck
25023,LargeBus65676,N2_LRP214b,1.1547757042606024,LargeBus
25024,LargeBus65677,N2_LRP130a,0,LargeBus
25025,LargeBus65677,N2_LRP129c,0,LargeBus
25026,LargeBus65677,N2_LRP129b,0,LargeBus
25027,MediumTruck65680,N1_LRP064c,0,MediumTruck
25028,MediumTruck65686,N1_LRP083b,0,MediumTruck
25029,MediumTruck65692,N2_LRP087a,0,MediumTruck
25030,MiniBus65698,N2_LRP064a,0,MiniBus
25031,MiniBus65698,N2_LRP064b,0,MiniBus
25032,SmallTruck65701,N102_LRP022a,0,SmallTruck
25033,LargeBus65707,N2_LRP146a,0,LargeBus
25034,MediumTruck65713,N1_LRP414a,0,MediumTruck
25035,LargeBus65715,N2_LRP226d,0,LargeBus
25036,LargeBus65715,N2_LRP226c,0,LargeBus
25037,MediumTruck65720,N2_LRP054a,0,MediumTruck
25038,SmallTruck65727,N2_LRP178a,0,SmallTruck
25039,HeavyTruck65731,N2_LRP236a,0,HeavyTruck
25040,HeavyTruck65731,N2_LRP235a,0,HeavyTruck
25041,MediumTruck65736,N2_LRP050a,0,MediumTruck
25042,LargeBus65747,N2_LRP235a,0,LargeBus
25043,SmallTruck65754,N2_LRP074a,0,SmallTruck
25044,SmallTruck65755,N2_LRP130b,0,SmallTruck
25045,SmallTruck65755,N2_LRP130c,0,SmallTruck
25046,SmallTruck65759,N2_LRP184c,0,SmallTruck
25047,MediumTruck65761,N1_LRP420e,0,MediumTruck
25048,MediumTruck65761,N1_LRP420d,0,MediumTruck
25049,LargeBus65762,N2_LRP047a,0,LargeBus
25050,LargeBus65762,N2_LRP047c,0,LargeBus
25051,LargeBus65763,N2_LRP240a,0,LargeBus
25052,MediumTruck65765,N102_LRP038d,0,MediumTruck
25053,MediumTruck65778,N2_LRP039c,0,MediumTruck
25054,MediumTruck65778,N2_LRP040a,0,MediumTruck
25055,MediumTruck65779,N2_LRP248a,0,MediumTruck
25056,MediumTruck65783,N104_LRP010a,0,MediumTruck
25057,SmallTruck65786,N2_LRP154c,0,SmallTruck
25058,MiniBus65787,N2_LRP125d,0,MiniBus
25059,MiniBus65787,N2_LRP126a,0,MiniBus
25060,MiniBus65787,N2_LRP126b,0,MiniBus
25061,MiniBus65787,N2_LRP126c,0,MiniBus
25062,SmallTruck65789,N2_LRP161a,0,SmallTruck
25063,LargeBus65794,N2_LRP039c,0,LargeBus
25064,LargeBus65799,N104_LRP010a,0,LargeBus
25065,MediumTruck65804,N2_LRP178b,0,MediumTruck
25066,MediumTruck65804,N2_LRP179a,0,MediumTruck
25067,SmallTruck65809,N1_LRP430b,0,SmallTruck
25068,SmallTruck65809,N1_LRP430a,0,SmallTruck
25069,SmallTruck65809,N1_LRP429f,0,SmallTruck
25070,MediumTruck65817,N105_LRP017c,0,MediumTruck
25071,LargeBus65824,N2_LRP021b,0,LargeBus
25072,LargeBus65825,N1_LRP431b,0,LargeBus
25073,LargeBus65825,N1_LRP431a,0,LargeBus
25074,LargeBus65825,N1_LRP430c,0,LargeBus
25075,MediumTruck65829,N102_LRP055c,0,MediumTruck
25076,SmallTruck65830,N1_LRP120b,0,SmallTruck
25077,SmallTruck65833,N105_LRP021d,0,SmallTruck
25078,MediumTruck65837,N2_LRP168c,0,MediumTruck
25079,MediumTruck65837,N2_LRP168a,0,MediumTruck
25080,SmallTruck65838,N208_LRP027f,0,SmallTruck
25081,MiniBus65839,N208_LRP028d,0,MiniBus
25082,MiniBus65839,N208_LRP027f,0,MiniBus
25083,HeavyTruck65841,N1_LRP436a,0,HeavyTruck
25084,LargeBus65842,N2_LRP025b,0,LargeBus
25085,HeavyTruck65843,N2_LRP264a,0,HeavyTruck
25086,MediumTruck65848,N105_LRP023c,0,MediumTruck
25087,MiniBus65852,N2_LRP169b,0,MiniBus
25088,MiniBus65852,N2_LRP169c,0,MiniBus
25089,MediumTruck65857,N1_LRP440a,0,MediumTruck
25090,MediumTruck65860,N102_LRP019a,0,MediumTruck
25091,MediumTruck65860,N102_LRP019b,0,MediumTruck
25092,SmallTruck65869,N2_LRP175f,0,SmallTruck
25093,SmallTruck65869,N2_LRP175e,0,SmallTruck
25094,SmallTruck65869,N2_LRP175d,0,SmallTruck
25095,SmallTruck65869,N2_LRP175c,0,SmallTruck
25096,LargeBus65873,N1_LRP443c,0,LargeBus
25097,MiniBus65889,N1_LRP447c,0,MiniBus
25098,MiniBus65889,N1_LRP447b,0,MiniBus
25099,MiniBus65889,N1_LRP447a,0,MiniBus
25100,MiniBus65890,N2_LRP012f,0,MiniBus
25101,MiniBus65894,N1_LRP136a,0,MiniBus
25102,SmallTruck65896,N1_LRP023a,0,SmallTruck
25103,SmallTruck65900,N2_LRP139b,0,SmallTruck
25104,SmallTruck65900,N2_LRP139a,0,SmallTruck
25105,SmallTruck65905,N1_LRP452c,0,SmallTruck
25106,SmallTruck65905,N1_LRP452a,0,SmallTruck
25107,SmallTruck65905,N1_LRP451e,0,SmallTruck
25108,SmallTruck65913,N105_LRP042b,0,SmallTruck
25109,LargeBus65921,N1_LRP456a,0,LargeBus
25110,MediumTruck65923,N2_LRP285a,0,MediumTruck
25111,MediumTruck65923,N2_LRP284c,0,MediumTruck
25112,SmallTruck65924,N102_LRP002b,0,SmallTruck
25113,SmallTruck65924,N102_LRP002c,0,SmallTruck
25114,MediumTruck65930,N204_LRP003b,0,MediumTruck
25115,SmallTruck65935,N208_LRP055a,0,SmallTruck
25116,MiniBus65280,N1_LRP181a,0,MiniBus
25117,SmallTruck65281,N1_LRP309a,0,SmallTruck
25118,SmallTruck65281,N1_LRP308b,0,SmallTruck
25119,SmallTruck65281,N1_LRP308a,0.008590841225711389,SmallTruck
25120,MediumTruck65282,N2_LRP161a,0,MediumTruck
25121,MediumTruck65285,N2_LRP012f,0,MediumTruck
25122,MiniBus65295,N2_LRP061a,0,MiniBus
25123,MiniBus65295,N2_LRP060c,0,MiniBus
25124,LargeBus65296,N1_LRP175a,0,LargeBus
25125,MediumTruck65297,N1_LRP316a,0,MediumTruck
25126,LargeBus65298,N2_LRP168a,0,LargeBus
25127,LargeBus65298,N2_LRP168c,0,LargeBus
25128,LargeBus65299,N2_LRP118g,0,LargeBus
25129,LargeBus65299,N2_LRP118e,0,LargeBus
25130,SmallTruck65303,N1_LRP030a,0,SmallTruck
25131,MiniBus65311,N2_LRP064b,0,MiniBus
25132,MiniBus65311,N2_LRP064a,0,MiniBus
25133,MediumTruck65312,N2_LRP141a,0,MediumTruck
25134,MediumTruck65312,N2_LRP141b,0,MediumTruck
25135,LargeBus65313,N1_LRP309b,0,LargeBus
25136,MediumTruck65314,N2_LRP153b,0,MediumTruck
25137,SmallTruck65316,N2_LRP079d,0,SmallTruck
25138,MediumTruck65321,N2_LRP129a,0,MediumTruck
25139,MediumTruck65321,N2_LRP129b,0,MediumTruck
25140,MediumTruck65321,N2_LRP129c,0,MediumTruck
25141,MediumTruck65337,N2_LRP123c,0,MediumTruck
25142,MediumTruck65337,N2_LRP123d,0,MediumTruck
25143,MediumTruck65341,N2_LRP052a,0,MediumTruck
25144,MediumTruck65345,N1_LRP321d,0,MediumTruck
25145,MediumTruck65345,N1_LRP321b,0,MediumTruck
25146,SmallTruck65347,N2_LRP152d,0,SmallTruck
25147,SmallTruck65347,N2_LRP152c,0,SmallTruck
25148,SmallTruck65347,N2_LRP152b,0,SmallTruck
25149,SmallTruck65347,N2_LRP152a,0,SmallTruck
25150,MediumTruck65353,N2_LRP121a,0,MediumTruck
25151,SmallTruck65355,N2_LRP224b,0,SmallTruck
25152,MediumTruck65356,N105_LRP006a,0,MediumTruck
25153,MediumTruck65358,N2_LRP147d,0,MediumTruck
25154,MediumTruck65358,N2_LRP147b,0,MediumTruck
25155,MiniBus65361,N1_LRP319b,0,MiniBus
25156,MiniBus65361,N1_LRP319a,0,MiniBus
25157,LargeBus65366,N2_LRP024b,0,LargeBus
25158,SmallTruck65373,N2_LRP056a,0,SmallTruck
25159,SmallTruck65373,N2_LRP055b,0,SmallTruck
25160,MediumTruck65382,N105_LRP005c,0,MediumTruck
25161,MediumTruck65382,N105_LRP006a,0,MediumTruck
25162,MediumTruck65384,N2_LRP135a,0,MediumTruck
25163,LargeBus65395,N2_LRP152d,0,LargeBus
25164,LargeBus65395,N2_LRP152c,0,LargeBus
25165,LargeBus65395,N2_LRP152b,0,LargeBus
25166,LargeBus65395,N2_LRP152a,0,LargeBus
25167,MediumTruck65402,N1_LRP027a,0,MediumTruck
25168,MediumTruck65404,N2_LRP018a,0,MediumTruck
25169,LargeBus65407,N2_LRP090a,0,LargeBus
25170,LargeBus65408,N1_LRP148a,0,LargeBus
25171,MediumTruck65410,N2_LRP128b,0,MediumTruck
25172,LargeBus65411,N2_LRP158a,0,LargeBus
25173,SmallTruck65416,N2_LRP125d,0,SmallTruck
25174,SmallTruck65416,N2_LRP126a,0,SmallTruck
25175,SmallTruck65416,N2_LRP126b,0,SmallTruck
25176,MiniBus65418,N1_LRP036c,0,MiniBus
25177,LargeBus65422,N2_LRP153b,0,LargeBus
25178,LargeBus65422,N2_LRP153a,0,LargeBus
25179,MediumTruck65425,N1_LRP339c,0.5677494361833622,MediumTruck
25180,SmallTruck65427,N2_LRP165d,0,SmallTruck
25181,SmallTruck65427,N2_LRP165c,0,SmallTruck
25182,SmallTruck65427,N2_LRP164d,0,SmallTruck
25183,MediumTruck65441,N1_LRP342c,0,MediumTruck
25184,MediumTruck65441,N1_LRP342a,12.456378919887783,MediumTruck
25185,SmallTruck65443,N2_LRP169b,0,SmallTruck
25186,MediumTruck65456,N1_LRP122a,0,MediumTruck
25187,MediumTruck65457,N1_LRP348a,0,MediumTruck
25188,HeavyTruck65460,N2_LRP050a,0,HeavyTruck
25189,MiniBus65470,N2_LRP162a,2.1729867887609995,MiniBus
25190,SmallTruck65475,N2_LRP176e,0,SmallTruck
25191,SmallTruck65475,N2_LRP176d,0,SmallTruck
25192,SmallTruck65475,N2_LRP176c,0,SmallTruck
25193,SmallTruck65475,N2_LRP176b,0,SmallTruck
25194,MediumTruck65489,N1_LRP357c,0,MediumTruck
25195,MediumTruck65489,N1_LRP357a,0,MediumTruck
25196,HeavyTruck65491,N2_LRP180a,0,HeavyTruck
25197,MediumTruck65493,N1_LRP051a,0,MediumTruck
25198,LargeBus65495,N1_LRP068a,0,LargeBus
25199,MediumTruck65497,N2_LRP087a,0,MediumTruck
25200,HeavyTruck65506,N2_LRP106b,0,HeavyTruck
25201,LargeBus65507,N2_LRP172d,0,LargeBus
25202,LargeBus65507,N2_LRP172c,0,LargeBus
25203,SmallTruck65511,N1_LRP083b,0,SmallTruck
25204,SmallTruck65517,N2_LRP093a,0,SmallTruck
25205,MediumTruck65521,N1_LRP364c,0,MediumTruck
25206,MediumTruck65521,N1_LRP364a,0,MediumTruck
25207,MediumTruck65523,N2_LRP186b,0.3589826667819291,MediumTruck
25208,SmallTruck65532,N2_LRP048a,0,SmallTruck
25209,MediumTruck65533,N2_LRP097a,0,MediumTruck
25210,MediumTruck65535,N2_LRP135a,0,MediumTruck
25211,MediumTruck65536,N2_LRP091b,0,MediumTruck
25212,MediumTruck65536,N2_LRP092a,0,MediumTruck
25213,MediumTruck65536,N2_LRP092b,0,MediumTruck
25214,MediumTruck65537,N1_LRP370c,0,MediumTruck
25215,MediumTruck65537,N1_LRP370a,0,MediumTruck
25216,MediumTruck65537,N1_LRP369c,0,MediumTruck
25217,LargeBus65542,N1_LRP036c,0,LargeBus
25218,MediumTruck65545,N2_LRP076a,0,MediumTruck
25219,MediumTruck65551,N2_LRP135b,0,MediumTruck
25220,SmallTruck65552,N2_LRP086a,0,SmallTruck
25221,SmallTruck65553,N1_LRP370e,0,SmallTruck
25222,SmallTruck65563,N2_LRP059a,0,SmallTruck
25223,SmallTruck65563,N2_LRP058c,0,SmallTruck
25224,MediumTruck65568,N1_LRP094a,0,MediumTruck
25225,MediumTruck65569,N1_LRP380c,0,MediumTruck
25226,MediumTruck65569,N1_LRP380a,0,MediumTruck
25227,SmallTruck65579,N2_LRP171d,0,SmallTruck
25228,SmallTruck65579,N2_LRP171e,0,SmallTruck
25229,SmallTruck65579,N2_LRP171f,0.13083466951187978,SmallTruck
25230,MiniBus65585,N1_LRP370c,0,MiniBus
25231,MiniBus65585,N1_LRP370a,0,MiniBus
25232,MiniBus65585,N1_LRP369c,0,MiniBus
25233,MediumTruck65593,N2_LRP064a,0,MediumTruck
25234,MiniBus65599,N2_LRP146a,0,MiniBus
25235,MiniBus65600,N1_LRP094a,0,MiniBus
25236,MediumTruck65601,N1_LRP386c,0,MediumTruck
25237,MediumTruck65601,N1_LRP386a,0,MediumTruck
25238,MediumTruck65601,N1_LRP385g,0,MediumTruck
25239,SmallTruck65611,N2_LRP072a,0,SmallTruck
25240,MediumTruck65616,N2_LRP072a,0,MediumTruck
25241,LargeBus65617,N1_LRP386f,0,LargeBus
25242,LargeBus65617,N1_LRP386e,0,LargeBus
25243,LargeBus65617,N1_LRP386c,0,LargeBus
25244,LargeBus65618,N2_LRP081b,0,LargeBus
25245,MediumTruck65624,N2_LRP079a,0,MediumTruck
25246,MediumTruck65627,N2_LRP159d,0,MediumTruck
25247,MediumTruck65627,N2_LRP160a,0,MediumTruck
25248,SmallTruck65631,N2_LRP161c,0,SmallTruck
25249,SmallTruck65631,N2_LRP161b,0,SmallTruck
25250,LargeBus65632,N2_LRP073g,0,LargeBus
25251,MediumTruck65633,N1_LRP391a,0,MediumTruck
25252,MiniBus65639,N1_LRP109a,0,MiniBus
25253,MiniBus65647,N2_LRP159d,0,MiniBus
25254,MiniBus65647,N2_LRP159c,0,MiniBus
25255,MiniBus65647,N2_LRP159b,0,MiniBus
25256,LargeBus65649,N1_LRP389a,0,LargeBus
25257,SmallTruck65653,N102_LRP009a,0,SmallTruck
25258,MediumTruck65656,N2_LRP069c,0,MediumTruck
25259,MediumTruck65656,N2_LRP069e,0,MediumTruck
25260,MediumTruck65656,N2_LRP070a,0,MediumTruck
25261,MediumTruck65658,N2_LRP048b,0,MediumTruck
25262,MediumTruck65661,N208_LRP024d,0,MediumTruck
25263,MiniBus65674,N2_LRP048b,0,MiniBus
25264,LargeBus65677,N2_LRP129a,0,LargeBus
25265,LargeBus65677,N2_LRP128b,0,LargeBus
25266,MediumTruck65682,N2_LRP064a,0,MediumTruck
25267,LargeBus65683,N208_LRP046b,0,LargeBus
25268,MediumTruck65686,N1_LRP083a,0,MediumTruck
25269,MediumTruck65692,N2_LRP086a,0,MediumTruck
25270,MediumTruck65699,N2_LRP228b,0,MediumTruck
25271,LargeBus65707,N2_LRP147a,0,LargeBus
25272,LargeBus65707,N2_LRP147b,0,LargeBus
25273,MediumTruck65708,N2_LRP092b,0,MediumTruck
25274,MediumTruck65708,N2_LRP092a,0,MediumTruck
25275,MediumTruck65708,N2_LRP091b,0,MediumTruck
25276,MiniBus65710,N2_LRP221b,0,MiniBus
25277,LargeBus65715,N2_LRP225c,0.12233798963025419,LargeBus
25278,MediumTruck65719,N1_LRP137a,0,MediumTruck
25279,MediumTruck65720,N2_LRP054b,0,MediumTruck
25280,MiniBus65721,N2_LRP038c,0,MiniBus
25281,SmallTruck65725,N2_LRP141b,0,SmallTruck
25282,SmallTruck65727,N2_LRP177a,0,SmallTruck
25283,MediumTruck65729,N1_LRP414a,0,MediumTruck
25284,HeavyTruck65733,N102_LRP029d,0,HeavyTruck
25285,MediumTruck65749,N102_LRP034b,0,MediumTruck
25286,SmallTruck65754,N2_LRP073g,0,SmallTruck
25287,SmallTruck65759,N2_LRP183d,0.5681807485382274,SmallTruck
25288,MediumTruck65761,N1_LRP420c,0,MediumTruck
25289,MediumTruck65761,N1_LRP420a,0,MediumTruck
25290,LargeBus65762,N2_LRP048a,0,LargeBus
25291,LargeBus65763,N2_LRP239a,0,LargeBus
25292,LargeBus65763,N2_LRP238c,0,LargeBus
25293,MediumTruck65765,N102_LRP038b,0,MediumTruck
25294,MediumTruck65765,N102_LRP037d,0,MediumTruck
25295,MediumTruck65773,N2_LRP157b,0,MediumTruck
25296,MediumTruck65773,N2_LRP157a,0,MediumTruck
25297,MediumTruck65777,N1_LRP423d,0,MediumTruck
25298,MediumTruck65777,N1_LRP423c,0,MediumTruck
25299,MediumTruck65777,N1_LRP423b,1.1194018492204183,MediumTruck
25300,MediumTruck65778,N2_LRP040b,0,MediumTruck
25301,SmallTruck65786,N2_LRP155a,0,SmallTruck
25302,MiniBus65787,N2_LRP126d,0,MiniBus
25303,MiniBus65787,N2_LRP127b,0,MiniBus
25304,SmallTruck65789,N2_LRP160a,0,SmallTruck
25305,LargeBus65794,N2_LRP040a,0,LargeBus
25306,LargeBus65794,N2_LRP040b,0,LargeBus
25307,MediumTruck65804,N2_LRP180a,0,MediumTruck
25308,SmallTruck65809,N1_LRP429c,0,SmallTruck
25309,SmallTruck65809,N1_LRP429b,0,SmallTruck
25310,SmallTruck65809,N1_LRP429a,0,SmallTruck
25311,MediumTruck65816,N105_LRP032b,0,MediumTruck
25312,MediumTruck65816,N105_LRP032c,0,MediumTruck
25313,SmallTruck65820,N2_LRP117b,0,SmallTruck
25314,SmallTruck65820,N2_LRP117a,0.19595720926631657,SmallTruck
25315,MediumTruck65823,N2_LRP258a,0,MediumTruck
25316,LargeBus65825,N1_LRP430b,0,LargeBus
25317,LargeBus65825,N1_LRP430a,0,LargeBus
25318,LargeBus65825,N1_LRP429f,0,LargeBus
25319,SmallTruck65833,N105_LRP020c,0,SmallTruck
25320,MediumTruck65837,N2_LRP167c,0,MediumTruck
25321,MediumTruck65837,N2_LRP167b,0,MediumTruck
25322,SmallTruck65838,N208_LRP028d,0,SmallTruck
25323,MiniBus65839,N208_LRP027d,0,MiniBus
25324,MiniBus65839,N208_LRP027b,0,MiniBus
25325,LargeBus65840,N1_LRP026a,0,LargeBus
25326,LargeBus65840,N1_LRP026b,0,LargeBus
25327,HeavyTruck65841,N1_LRP435c,0,HeavyTruck
25328,MediumTruck65845,N102_LRP058a,0,MediumTruck
25329,SmallTruck65849,N105_LRP024c,0,SmallTruck
25330,MiniBus65852,N2_LRP169d,0,MiniBus
25331,MiniBus65852,N2_LRP169e,0,MiniBus
25332,MiniBus65852,N2_LRP169f,0,MiniBus
25333,MiniBus65852,N2_LRP170a,0,MiniBus
25334,MiniBus65852,N2_LRP170b,0,MiniBus
25335,MiniBus65852,N2_LRP170c,0,MiniBus
25336,MiniBus65854,N208_LRP027b,0,MiniBus
25337,MiniBus65854,N208_LRP027d,0,MiniBus
25338,MediumTruck65857,N1_LRP439a,0,MediumTruck
25339,SmallTruck65861,N102_LRP062c,0,SmallTruck
25340,SmallTruck65861,N102_LRP062b,0,SmallTruck
25341,LargeBus65873,N1_LRP441a,0,LargeBus
25342,MediumTruck65887,N2_LRP214b,1.1547757042606024,MediumTruck
25343,MiniBus65889,N1_LRP446d,0,MiniBus
25344,MiniBus65889,N1_LRP446b,0,MiniBus
25345,SmallTruck65891,N2_LRP276a,0,SmallTruck
25346,SmallTruck65900,N2_LRP138b,0,SmallTruck
25347,MediumTruck65902,N208_LRP011b,0,MediumTruck
25348,MediumTruck65903,N208_LRP046b,0,MediumTruck
25349,SmallTruck65905,N1_LRP451b,0,SmallTruck
25350,SmallTruck65905,N1_LRP450e,0.02275852270086505,SmallTruck
25351,SmallTruck65917,N2_LRP199d,0,SmallTruck
25352,LargeBus65921,N1_LRP455a,0,LargeBus
25353,MediumTruck65923,N2_LRP284b,0,MediumTruck
25354,MediumTruck65282,N2_LRP161b,0,MediumTruck
25355,MediumTruck65282,N2_LRP161c,0,MediumTruck
25356,MediumTruck65282,N2_LRP162a,3.1729867887609995,MediumTruck
25357,LargeBus65296,N1_LRP175b,0,LargeBus
25358,LargeBus65296,N1_LRP176a,0,LargeBus
25359,LargeBus65298,N2_LRP169b,0,LargeBus
25360,LargeBus65298,N2_LRP169c,0,LargeBus
25361,LargeBus65299,N2_LRP118b,0,LargeBus
25362,LargeBus65299,N2_LRP118a,0,LargeBus
25363,LargeBus65313,N1_LRP309a,0,LargeBus
25364,LargeBus65313,N1_LRP308b,0,LargeBus
25365,LargeBus65313,N1_LRP308a,0.022873912970769232,LargeBus
25366,MediumTruck65314,N2_LRP154c,0,MediumTruck
25367,SmallTruck65316,N2_LRP081a,0,SmallTruck
25368,MediumTruck65321,N2_LRP130a,0,MediumTruck
25369,MediumTruck65321,N2_LRP130b,0,MediumTruck
25370,MediumTruck65321,N2_LRP130c,0,MediumTruck
25371,SmallTruck65323,N1_LRP012a,0,SmallTruck
25372,SmallTruck65323,N1_LRP012b,0,SmallTruck
25373,MediumTruck65325,N2_LRP045b,0,MediumTruck
25374,MediumTruck65326,N2_LRP139b,0,MediumTruck
25375,MediumTruck65326,N2_LRP139a,0,MediumTruck
25376,LargeBus65328,N2_LRP151a,0,LargeBus
25377,LargeBus65328,N2_LRP151b,0,LargeBus
25378,MediumTruck65334,N2_LRP018a,0,MediumTruck
25379,MediumTruck65337,N2_LRP123e,0,MediumTruck
25380,MediumTruck65337,N2_LRP124c,0,MediumTruck
25381,MediumTruck65345,N1_LRP321a,0,MediumTruck
25382,SmallTruck65347,N2_LRP151b,0,SmallTruck
25383,MediumTruck65353,N2_LRP121c,0,MediumTruck
25384,MediumTruck65356,N105_LRP005c,0,MediumTruck
25385,MediumTruck65358,N2_LRP147a,0,MediumTruck
25386,MediumTruck65360,N1_LRP148a,0,MediumTruck
25387,MiniBus65361,N1_LRP318b,0,MiniBus
25388,LargeBus65363,N2_LRP140a,3.1052667729685517,LargeBus
25389,LargeBus65366,N2_LRP025a,0,LargeBus
25390,LargeBus65366,N2_LRP025b,0,LargeBus
25391,SmallTruck65372,N105_LRP006a,0,SmallTruck
25392,SmallTruck65373,N2_LRP054b,0,SmallTruck
25393,MediumTruck65384,N2_LRP135b,0,MediumTruck
25394,MiniBus65390,N2_LRP141b,0,MiniBus
25395,MiniBus65393,N1_LRP327a,2.7341583593879824,MiniBus
25396,LargeBus65395,N2_LRP151b,0,LargeBus
25397,LargeBus65408,N1_LRP149a,0,LargeBus
25398,LargeBus65408,N1_LRP149c,0,LargeBus
25399,MediumTruck65409,N1_LRP336a,0,MediumTruck
25400,MediumTruck65410,N2_LRP129a,0,MediumTruck
25401,MediumTruck65410,N2_LRP129b,0,MediumTruck
25402,MediumTruck65410,N2_LRP129c,0,MediumTruck
25403,LargeBus65411,N2_LRP157b,0,LargeBus
25404,SmallTruck65416,N2_LRP126c,0,SmallTruck
25405,SmallTruck65416,N2_LRP126d,0,SmallTruck
25406,SmallTruck65416,N2_LRP127b,0,SmallTruck
25407,MediumTruck65421,N2_LRP070c,0,MediumTruck
25408,LargeBus65422,N2_LRP152d,0,LargeBus
25409,LargeBus65422,N2_LRP152c,0,LargeBus
25410,LargeBus65422,N2_LRP152b,0,LargeBus
25411,LargeBus65422,N2_LRP152a,0,LargeBus
25412,MediumTruck65425,N1_LRP339a,0,MediumTruck
25413,SmallTruck65427,N2_LRP164b,0,SmallTruck
25414,SmallTruck65427,N2_LRP164a,0,SmallTruck
25415,MediumTruck65429,N1_LRP034a,0,MediumTruck
25416,MediumTruck65440,N1_LRP127a,0,MediumTruck
25417,MiniBus65442,N2_LRP132a,0,MiniBus
25418,SmallTruck65443,N2_LRP168c,0,SmallTruck
25419,SmallTruck65443,N2_LRP168a,0,SmallTruck
25420,MediumTruck65456,N1_LRP123a,0,MediumTruck
25421,MediumTruck65457,N1_LRP347b,0,MediumTruck
25422,MediumTruck65457,N1_LRP347a,0,MediumTruck
25423,MediumTruck65473,N1_LRP351a,0,MediumTruck
25424,SmallTruck65475,N2_LRP175f,0,SmallTruck
25425,SmallTruck65475,N2_LRP175e,0,SmallTruck
25426,SmallTruck65475,N2_LRP175d,0,SmallTruck
25427,SmallTruck65475,N2_LRP175c,0,SmallTruck
25428,HeavyTruck65491,N2_LRP179a,0,HeavyTruck
25429,HeavyTruck65491,N2_LRP178b,0,HeavyTruck
25430,MiniBus65502,N2_LRP170e,0,MiniBus
25431,MiniBus65502,N2_LRP170c,0,MiniBus
25432,LargeBus65505,N1_LRP353b,0,LargeBus
25433,LargeBus65505,N1_LRP353a,0,LargeBus
25434,LargeBus65505,N1_LRP352a,0,LargeBus
25435,LargeBus65507,N2_LRP171f,0.23533058451493524,LargeBus
25436,SmallTruck65511,N1_LRP083a,0,SmallTruck
25437,SmallTruck65519,N2_LRP130c,0,SmallTruck
25438,SmallTruck65519,N2_LRP130b,0,SmallTruck
25439,MediumTruck65521,N1_LRP363b,0,MediumTruck
25440,SmallTruck65522,N2_LRP102a,0,SmallTruck
25441,SmallTruck65532,N2_LRP047c,0,SmallTruck
25442,SmallTruck65532,N2_LRP047a,0,SmallTruck
25443,SmallTruck65532,N2_LRP046c,0,SmallTruck
25444,MediumTruck65533,N2_LRP096c,0,MediumTruck
25445,MediumTruck65535,N2_LRP134c,0,MediumTruck
25446,MediumTruck65535,N2_LRP134b,0,MediumTruck
25447,MediumTruck65536,N2_LRP093a,0,MediumTruck
25448,MediumTruck65537,N1_LRP369b,0,MediumTruck
25449,MediumTruck65537,N1_LRP369a,0,MediumTruck
25450,SmallTruck65539,N2_LRP188a,0,SmallTruck
25451,LargeBus65542,N1_LRP035a,0,LargeBus
25452,MediumTruck65545,N2_LRP076b,0,MediumTruck
25453,MediumTruck65551,N2_LRP135a,0,MediumTruck
25454,SmallTruck65552,N2_LRP087a,0,SmallTruck
25455,SmallTruck65553,N1_LRP370c,0,SmallTruck
25456,SmallTruck65553,N1_LRP370a,0,SmallTruck
25457,SmallTruck65553,N1_LRP369c,0,SmallTruck
25458,MediumTruck65554,N1_LRP107a,0,MediumTruck
25459,SmallTruck65573,N1_LRP094a,0,SmallTruck
25460,LargeBus65581,N2_LRP097a,0,LargeBus
25461,MiniBus65585,N1_LRP369b,0,MiniBus
25462,MiniBus65585,N1_LRP369a,0,MiniBus
25463,MediumTruck65586,N2_LRP086a,0,MediumTruck
25464,MediumTruck65593,N2_LRP064b,0,MediumTruck
25465,MediumTruck65602,N2_LRP079d,0,MediumTruck
25466,LargeBus65617,N1_LRP386a,0,LargeBus
25467,LargeBus65617,N1_LRP385g,0,LargeBus
25468,MediumTruck65623,N1_LRP112a,0,MediumTruck
25469,MediumTruck65624,N2_LRP079b,0.7720209272761361,MediumTruck
25470,MediumTruck65627,N2_LRP161a,0,MediumTruck
25471,SmallTruck65631,N2_LRP161a,0,SmallTruck
25472,LargeBus65632,N2_LRP074a,0,LargeBus
25473,MediumTruck65633,N1_LRP390a,0,MediumTruck
25474,MediumTruck65642,N2_LRP186b,0.10415168196623173,MediumTruck
25475,MiniBus65647,N2_LRP158a,0,MiniBus
25476,LargeBus65649,N1_LRP388a,0,LargeBus
25477,LargeBus65649,N1_LRP387f,0,LargeBus
25478,LargeBus65650,N2_LRP078a,0,LargeBus
25479,MediumTruck65652,N105_LRP003a,0,MediumTruck
25480,MediumTruck65656,N2_LRP070c,0,MediumTruck
25481,MediumTruck65658,N2_LRP048a,0,MediumTruck
25482,MediumTruck65665,N1_LRP398a,0,MediumTruck
25483,SmallTruck65667,N2_LRP219a,0,SmallTruck
25484,MediumTruck65668,N1_LRP012b,0,MediumTruck
25485,MediumTruck65668,N1_LRP012a,0,MediumTruck
25486,MiniBus65674,N2_LRP048a,0,MiniBus
25487,MiniBus65674,N2_LRP047c,0,MiniBus
25488,MiniBus65674,N2_LRP047a,0,MiniBus
25489,LargeBus65677,N2_LRP128a,0,LargeBus
25490,LargeBus65677,N2_LRP127c,0,LargeBus
25491,LargeBus65681,N1_LRP398a,0,LargeBus
25492,MediumTruck65682,N2_LRP064b,0,MediumTruck
25493,SmallTruck65684,N102_LRP065a,0,SmallTruck
25494,MediumTruck65685,N102_LRP017a,0,MediumTruck
25495,MiniBus65698,N2_LRP066a,0,MiniBus
25496,LargeBus65707,N2_LRP147d,0,LargeBus
25497,MediumTruck65713,N1_LRP412d,0,MediumTruck
25498,MediumTruck65713,N1_LRP412b,0,MediumTruck
25499,MediumTruck65720,N2_LRP055b,0,MediumTruck
25500,MediumTruck65720,N2_LRP056a,0,MediumTruck
25501,MiniBus65721,N2_LRP039a,0,MiniBus
25502,SmallTruck65725,N2_LRP141a,0,SmallTruck
25503,SmallTruck65725,N2_LRP140c,0.3358190908576638,SmallTruck
25504,SmallTruck65727,N2_LRP176e,0,SmallTruck
25505,SmallTruck65727,N2_LRP176d,0,SmallTruck
25506,SmallTruck65727,N2_LRP176c,0,SmallTruck
25507,SmallTruck65727,N2_LRP176b,0,SmallTruck
25508,MediumTruck65730,N2_LRP052a,0,MediumTruck
25509,LargeBus65745,N1_LRP414a,0,LargeBus
25510,MediumTruck65749,N102_LRP033c,0,MediumTruck
25511,MediumTruck65751,N1_LRP148a,0,MediumTruck
25512,SmallTruck65754,N2_LRP073c,0,SmallTruck
25513,SmallTruck65754,N2_LRP073b,0,SmallTruck
25514,SmallTruck65755,N2_LRP132a,0,SmallTruck
25515,SmallTruck65755,N2_LRP132b,0,SmallTruck
25516,SmallTruck65759,N2_LRP183c,0,SmallTruck
25517,MediumTruck65761,N1_LRP418b,0,MediumTruck
25518,LargeBus65762,N2_LRP048b,0,LargeBus
25519,MediumTruck65765,N102_LRP037c,0,MediumTruck
25520,MediumTruck65773,N2_LRP156a,0,MediumTruck
25521,MediumTruck65778,N2_LRP041b,0,MediumTruck
25522,MediumTruck65778,N2_LRP042a,0,MediumTruck
25523,MediumTruck65779,N2_LRP246c,0,MediumTruck
25524,LargeBus65780,N102_LRP045a,0,LargeBus
25525,SmallTruck65786,N2_LRP156a,0,SmallTruck
25526,MiniBus65787,N2_LRP127c,0,MiniBus
25527,MiniBus65787,N2_LRP128a,0,MiniBus
25528,SmallTruck65789,N2_LRP159d,0,SmallTruck
25529,SmallTruck65789,N2_LRP159c,0,SmallTruck
25530,SmallTruck65789,N2_LRP159b,0,SmallTruck
25531,LargeBus65793,N1_LRP423d,0,LargeBus
25532,LargeBus65793,N1_LRP423c,0,LargeBus
25533,LargeBus65793,N1_LRP423b,1.1194018492204183,LargeBus
25534,LargeBus65794,N2_LRP041b,0,LargeBus
25535,MediumTruck65797,N102_LRP045a,0,MediumTruck
25536,MediumTruck65804,N2_LRP180c,0,MediumTruck
25537,SmallTruck65805,N2_LRP161c,0,SmallTruck
25538,SmallTruck65805,N2_LRP161b,0,SmallTruck
25539,MediumTruck65808,N1_LRP033a,0,MediumTruck
25540,MediumTruck65808,N1_LRP033b,0,MediumTruck
25541,SmallTruck65809,N1_LRP428d,0,SmallTruck
25542,SmallTruck65809,N1_LRP428c,0,SmallTruck
25543,SmallTruck65809,N1_LRP428b,0,SmallTruck
25544,SmallTruck65809,N1_LRP428a,0,SmallTruck
25545,LargeBus65825,N1_LRP429c,0,LargeBus
25546,LargeBus65825,N1_LRP429b,0,LargeBus
25547,LargeBus65825,N1_LRP429a,0,LargeBus
25548,LargeBus65825,N1_LRP428d,0,LargeBus
25549,LargeBus65825,N1_LRP428c,0,LargeBus
25550,SmallTruck65827,N2_LRP258a,0,SmallTruck
25551,HeavyTruck65828,N102_LRP028c,0,HeavyTruck
25552,SmallTruck65830,N1_LRP119a,0,SmallTruck
25553,MediumTruck65837,N2_LRP166e,0,MediumTruck
25554,MediumTruck65837,N2_LRP166d,0,MediumTruck
25555,SmallTruck65838,N208_LRP029c,0,SmallTruck
25556,LargeBus65840,N1_LRP027a,0,LargeBus
25557,MediumTruck65846,N1_LRP123a,0,MediumTruck
25558,MediumTruck65848,N105_LRP024c,0,MediumTruck
25559,MiniBus65852,N2_LRP170e,0,MiniBus
25560,MiniBus65852,N2_LRP170f,0.20994150101285064,MiniBus
25561,MiniBus65854,N208_LRP027f,0,MiniBus
25562,SmallTruck65862,N1_LRP127a,0,SmallTruck
25563,MediumTruck65863,N104_LRP028a,0,MediumTruck
25564,SmallTruck65864,N105_LRP020c,0,SmallTruck
25565,MediumTruck65877,N102_LRP065a,0,MediumTruck
25566,MediumTruck65878,N1_LRP131b,0,MediumTruck
25567,MediumTruck65880,N2_LRP016a,0,MediumTruck
25568,MediumTruck65881,N105_LRP032c,0,MediumTruck
25569,MediumTruck65881,N105_LRP032b,0,MediumTruck
25570,MiniBus65889,N1_LRP445d,0,MiniBus
25571,MiniBus65889,N1_LRP445b,0,MiniBus
25572,MiniBus65894,N1_LRP134a,0,MiniBus
25573,SmallTruck65900,N2_LRP138a,0,SmallTruck
25574,SmallTruck65905,N1_LRP450c,0,SmallTruck
25575,SmallTruck65913,N105_LRP041c,0,SmallTruck
25576,MediumTruck65916,N207_LRP008c,0,MediumTruck
25577,SmallTruck65917,N2_LRP200c,0,SmallTruck
25578,MediumTruck65923,N2_LRP283b,0,MediumTruck
25579,LargeBus65927,N104_LRP044d,0,LargeBus
25580,LargeBus65932,N2_LRP141b,0,LargeBus
25581,MediumTruck65934,N208_LRP004c,0,MediumTruck
25582,MediumTruck65942,N104_LRPSa,0,MediumTruck
25583,MiniBus65946,N2_LRP117b,0,MiniBus
25584,MiniBus65946,N2_LRP117a,0.007192690879708055,MiniBus
25585,MiniBus65295,N2_LRP059a,0,MiniBus
25586,MiniBus65295,N2_LRP058c,0,MiniBus
25587,MediumTruck65297,N1_LRP315a,0,MediumTruck
25588,LargeBus65298,N2_LRP169d,0,LargeBus
25589,LargeBus65298,N2_LRP169e,0,LargeBus
25590,LargeBus65298,N2_LRP169f,0,LargeBus
25591,LargeBus65298,N2_LRP170a,0,LargeBus
25592,LargeBus65298,N2_LRP170b,0,LargeBus
25593,LargeBus65298,N2_LRP170c,0,LargeBus
25594,LargeBus65299,N2_LRP117b,0,LargeBus
25595,LargeBus65299,N2_LRP117a,0.0655694853807166,LargeBus
25596,MediumTruck65314,N2_LRP155a,0,MediumTruck
25597,SmallTruck65316,N2_LRP081b,0,SmallTruck
25598,MediumTruck65325,N2_LRP044c,0,MediumTruck
25599,MediumTruck65326,N2_LRP138b,0,MediumTruck
25600,LargeBus65328,N2_LRP152a,0,LargeBus
25601,LargeBus65328,N2_LRP152b,0,LargeBus
25602,LargeBus65328,N2_LRP152c,0,LargeBus
25603,MediumTruck65345,N1_LRP320a,0,MediumTruck
25604,SmallTruck65346,N2_LRP140c,1.335819090857664,SmallTruck
25605,SmallTruck65347,N2_LRP151a,0,SmallTruck
25606,HeavyTruck65352,N102_LRP082a,0,HeavyTruck
25607,MediumTruck65353,N2_LRP122b,0,MediumTruck
25608,SmallTruck65355,N2_LRP225c,0.3105431172757228,SmallTruck
25609,MediumTruck65358,N2_LRP146a,0,MediumTruck
25610,MediumTruck65360,N1_LRP149a,0,MediumTruck
25611,MiniBus65361,N1_LRP318a,0,MiniBus
25612,MiniBus65361,N1_LRP317a,0.8916307285412077,MiniBus
25613,SmallTruck65372,N105_LRP005c,0,SmallTruck
25614,SmallTruck65373,N2_LRP054a,0,SmallTruck
25615,LargeBus65376,N1_LRP159a,0,LargeBus
25616,MediumTruck65380,N2_LRP069c,0,MediumTruck
25617,MediumTruck65380,N2_LRP069e,0,MediumTruck
25618,MediumTruck65380,N2_LRP070a,0,MediumTruck
25619,MiniBus65390,N2_LRP141a,0,MiniBus
25620,LargeBus65395,N2_LRP151a,0,LargeBus
25621,MediumTruck65403,N2_LRP018a,0,MediumTruck
25622,MiniBus65405,N2_LRP050a,0,MiniBus
25623,MediumTruck65409,N1_LRP335a,0,MediumTruck
25624,MediumTruck65410,N2_LRP130a,0,MediumTruck
25625,MediumTruck65410,N2_LRP130b,0,MediumTruck
25626,MediumTruck65410,N2_LRP130c,0,MediumTruck
25627,LargeBus65411,N2_LRP157a,0,LargeBus
25628,LargeBus65411,N2_LRP156a,0,LargeBus
25629,SmallTruck65416,N2_LRP127c,0,SmallTruck
25630,SmallTruck65416,N2_LRP128a,0,SmallTruck
25631,MediumTruck65421,N2_LRP070a,0,MediumTruck
25632,MediumTruck65421,N2_LRP069e,0,MediumTruck
25633,MediumTruck65421,N2_LRP069c,0,MediumTruck
25634,LargeBus65422,N2_LRP151b,0,LargeBus
25635,SmallTruck65427,N2_LRP163d,0,SmallTruck
25636,SmallTruck65427,N2_LRP163c,0,SmallTruck
25637,SmallTruck65427,N2_LRP163b,0,SmallTruck
25638,SmallTruck65427,N2_LRP163a,0,SmallTruck
25639,MediumTruck65429,N1_LRP033b,0,MediumTruck
25640,MediumTruck65429,N1_LRP033a,0,MediumTruck
25641,MediumTruck65436,N2_LRP021b,0,MediumTruck
25642,MiniBus65442,N2_LRP132b,0,MiniBus
25643,MiniBus65442,N2_LRP132c,0,MiniBus
25644,SmallTruck65443,N2_LRP167c,0,SmallTruck
25645,SmallTruck65443,N2_LRP167b,0,SmallTruck
25646,MediumTruck65473,N1_LRP350a,0,MediumTruck
25647,HeavyTruck65491,N2_LRP178a,0,HeavyTruck
25648,MiniBus65502,N2_LRP170b,0,MiniBus
25649,MiniBus65502,N2_LRP170a,0,MiniBus
25650,MiniBus65502,N2_LRP169f,0,MiniBus
25651,MiniBus65502,N2_LRP169e,0,MiniBus
25652,MiniBus65502,N2_LRP169d,0,MiniBus
25653,MiniBus65502,N2_LRP169c,0,MiniBus
25654,HeavyTruck65506,N2_LRP108a,0,HeavyTruck
25655,LargeBus65507,N2_LRP171e,0,LargeBus
25656,SmallTruck65510,N1_LRP036c,0,SmallTruck
25657,SmallTruck65517,N2_LRP092b,0,SmallTruck
25658,SmallTruck65517,N2_LRP092a,0,SmallTruck
25659,SmallTruck65517,N2_LRP091b,0,SmallTruck
25660,SmallTruck65519,N2_LRP130a,0,SmallTruck
25661,SmallTruck65519,N2_LRP129c,0,SmallTruck
25662,SmallTruck65522,N2_LRP103c,0,SmallTruck
25663,MediumTruck65533,N2_LRP096a,0,MediumTruck
25664,MediumTruck65533,N2_LRP095a,0,MediumTruck
25665,MediumTruck65535,N2_LRP133a,0,MediumTruck
25666,MediumTruck65537,N1_LRP368a,0.22889062468849497,MediumTruck
25667,SmallTruck65539,N2_LRP187b,0,SmallTruck
25668,LargeBus65542,N1_LRP034a,0,LargeBus
25669,MediumTruck65551,N2_LRP134c,0,MediumTruck
25670,MediumTruck65551,N2_LRP134b,0,MediumTruck
25671,SmallTruck65553,N1_LRP369b,0,SmallTruck
25672,SmallTruck65553,N1_LRP369a,0,SmallTruck
25673,SmallTruck65563,N2_LRP057b,0,SmallTruck
25674,SmallTruck65563,N2_LRP057a,0,SmallTruck
25675,SmallTruck65579,N2_LRP172c,0,SmallTruck
25676,SmallTruck65579,N2_LRP172d,0,SmallTruck
25677,LargeBus65581,N2_LRP096c,0,LargeBus
25678,LargeBus65581,N2_LRP096a,0,LargeBus
25679,MiniBus65585,N1_LRP368a,1.228890624688495,MiniBus
25680,MediumTruck65586,N2_LRP087a,0,MediumTruck
25681,MediumTruck65601,N1_LRP384a,0,MediumTruck
25682,MediumTruck65602,N2_LRP081a,0,MediumTruck
25683,SmallTruck65611,N2_LRP070c,0,SmallTruck
25684,MediumTruck65612,N2_LRP224b,0,MediumTruck
25685,MediumTruck65616,N2_LRP073b,0,MediumTruck
25686,MediumTruck65616,N2_LRP073c,0,MediumTruck
25687,LargeBus65617,N1_LRP384a,0,LargeBus
25688,MediumTruck65623,N1_LRP111a,0,MediumTruck
25689,MediumTruck65624,N2_LRP079d,0,MediumTruck
25690,MediumTruck65627,N2_LRP161b,0,MediumTruck
25691,MediumTruck65627,N2_LRP161c,0,MediumTruck
25692,MediumTruck65627,N2_LRP162a,3.1729867887609995,MediumTruck
25693,MediumTruck65630,N2_LRP206b,0,MediumTruck
25694,SmallTruck65631,N2_LRP160a,0,SmallTruck
25695,LargeBus65632,N2_LRP076a,0,LargeBus
25696,MediumTruck65633,N1_LRP389d,0,MediumTruck
25697,MiniBus65639,N1_LRP107a,0,MiniBus
25698,MediumTruck65642,N2_LRP186c,0,MediumTruck
25699,MiniBus65647,N2_LRP157b,0,MiniBus
25700,LargeBus65649,N1_LRP387e,0,LargeBus
25701,LargeBus65649,N1_LRP387b,0,LargeBus
25702,LargeBus65649,N1_LRP387a,0,LargeBus
25703,LargeBus65650,N2_LRP079a,0,LargeBus
25704,LargeBus65651,N2_LRP207b,0,LargeBus
25705,MediumTruck65658,N2_LRP047c,0,MediumTruck
25706,MediumTruck65658,N2_LRP047a,0,MediumTruck
25707,MediumTruck65658,N2_LRP046c,0,MediumTruck
25708,MediumTruck65668,N1_LRP011a,0,MediumTruck
25709,MiniBus65674,N2_LRP046c,0,MiniBus
25710,LargeBus65677,N2_LRP127b,0,LargeBus
25711,LargeBus65677,N2_LRP126d,0,LargeBus
25712,LargeBus65677,N2_LRP126c,0,LargeBus
25713,LargeBus65677,N2_LRP126b,0,LargeBus
25714,MiniBus65698,N2_LRP067c,0,MiniBus
25715,MediumTruck65699,N2_LRP226d,0,MediumTruck
25716,MediumTruck65699,N2_LRP226c,0,MediumTruck
25717,HeavyTruck65700,N102_LRP062b,0,HeavyTruck
25718,LargeBus65707,N2_LRP148b,0,LargeBus
25719,MediumTruck65708,N2_LRP090a,0,MediumTruck
25720,MiniBus65710,N2_LRP219a,0,MiniBus
25721,MediumTruck65713,N1_LRP412a,0,MediumTruck
25722,MediumTruck65713,N1_LRP411b,0,MediumTruck
25723,LargeBus65715,N2_LRP224b,0,LargeBus
25724,MediumTruck65716,N102_LRP058a,0,MediumTruck
25725,MediumTruck65719,N1_LRP136a,0,MediumTruck
25726,MediumTruck65720,N2_LRP057a,0,MediumTruck
25727,MiniBus65721,N2_LRP039c,0,MiniBus
25728,MiniBus65721,N2_LRP040a,0,MiniBus
25729,SmallTruck65727,N2_LRP175f,0,SmallTruck
25730,SmallTruck65727,N2_LRP175e,0,SmallTruck
25731,SmallTruck65727,N2_LRP175d,0,SmallTruck
25732,SmallTruck65727,N2_LRP175c,0,SmallTruck
25733,MediumTruck65729,N1_LRP412d,0,MediumTruck
25734,MediumTruck65729,N1_LRP412b,0,MediumTruck
25735,MediumTruck65730,N2_LRP053a,0,MediumTruck
25736,HeavyTruck65733,N102_LRP028c,0,HeavyTruck
25737,MediumTruck65736,N2_LRP052a,0,MediumTruck
25738,MiniBus65738,N2_LRP061a,0,MiniBus
25739,MiniBus65738,N2_LRP060c,0,MiniBus
25740,MediumTruck65751,N1_LRP149a,0,MediumTruck
25741,SmallTruck65755,N2_LRP132c,0,SmallTruck
25742,SmallTruck65759,N2_LRP183a,0,SmallTruck
25743,SmallTruck65759,N2_LRP182d,0,SmallTruck
25744,LargeBus65762,N2_LRP050a,0,LargeBus
25745,LargeBus65763,N2_LRP236c,0,LargeBus
25746,MediumTruck65764,N1_LRP036c,0,MediumTruck
25747,MediumTruck65765,N102_LRP036d,0,MediumTruck
25748,MediumTruck65765,N102_LRP036b,0,MediumTruck
25749,MediumTruck65775,N208_LRP011b,0,MediumTruck
25750,SmallTruck65786,N2_LRP157a,0,SmallTruck
25751,MiniBus65787,N2_LRP128b,0,MiniBus
25752,MiniBus65787,N2_LRP129a,0,MiniBus
25753,SmallTruck65789,N2_LRP158a,0,SmallTruck
25754,SmallTruck65792,N2_LRP029b,0,SmallTruck
25755,LargeBus65794,N2_LRP042a,0,LargeBus
25756,MediumTruck65795,N2_LRP249a,0,MediumTruck
25757,MediumTruck65804,N2_LRP181c,0,MediumTruck
25758,SmallTruck65805,N2_LRP161a,0,SmallTruck
25759,MediumTruck65808,N1_LRP034a,0,MediumTruck
25760,SmallTruck65809,N1_LRP427e,0,SmallTruck
25761,SmallTruck65809,N1_LRP427d,0,SmallTruck
25762,SmallTruck65809,N1_LRP427b,0,SmallTruck
25763,SmallTruck65822,N208_LRP034c,0,SmallTruck
25764,SmallTruck65822,N208_LRP034d,0,SmallTruck
25765,LargeBus65824,N2_LRP024b,0,LargeBus
25766,LargeBus65825,N1_LRP428b,0,LargeBus
25767,LargeBus65825,N1_LRP428a,0,LargeBus
25768,LargeBus65825,N1_LRP427e,0,LargeBus
25769,HeavyTruck65828,N102_LRP029d,0,HeavyTruck
25770,SmallTruck65830,N1_LRP118d,0,SmallTruck
25771,HeavyTruck65843,N2_LRP262a,0,HeavyTruck
25772,HeavyTruck65843,N2_LRP261b,0,HeavyTruck
25773,MediumTruck65846,N1_LRP122a,0,MediumTruck
25774,SmallTruck65849,N105_LRP023c,0,SmallTruck
25775,MiniBus65852,N2_LRP170g,0,MiniBus
25776,MiniBus65852,N2_LRP170h,0,MiniBus
25777,MiniBus65852,N2_LRP170i,0,MiniBus
25778,MiniBus65852,N2_LRP170j,0,MiniBus
25779,MiniBus65854,N208_LRP028d,0,MiniBus
25780,MediumTruck65857,N1_LRP438c,0,MediumTruck
25781,MediumTruck65857,N1_LRP438b,0,MediumTruck
25782,MediumTruck65857,N1_LRP438a,0,MediumTruck
25783,SmallTruck65864,N105_LRP021d,0,SmallTruck
25784,MediumTruck65865,N105_LRP027c,0,MediumTruck
25785,MiniBus65871,N208_LRP034d,0,MiniBus
25786,MiniBus65871,N208_LRP034c,0,MiniBus
25787,LargeBus65873,N1_LRP440a,0,LargeBus
25788,SmallTruck65882,N204_LRP020b,0,SmallTruck
25789,MediumTruck65883,N204_LRP020b,0,MediumTruck
25790,MiniBus65889,N1_LRP444e,0,MiniBus
25791,MiniBus65889,N1_LRP444d,0,MiniBus
25792,MiniBus65889,N1_LRP444c,0,MiniBus
25793,SmallTruck65891,N2_LRP274e,0,SmallTruck
25794,MiniBus65892,N102_LRP015a,0,MiniBus
25795,SmallTruck65905,N1_LRP450a,0,SmallTruck
25796,MediumTruck65908,N102_LRP009a,0,MediumTruck
25797,SmallTruck65913,N105_LRP040c,0,SmallTruck
25798,SmallTruck65920,N1_LRP004b,0,SmallTruck
25799,LargeBus65932,N2_LRP141a,0,LargeBus
25800,MediumTruck65940,N102_LRPSc,0,MediumTruck
25801,MediumTruck65941,N102_LRP082a,0,MediumTruck
25802,MediumTruck65948,N2_LRP146a,0,MediumTruck
25803,MiniBus65280,N1_LRP183b,0,MiniBus
25804,MiniBus65280,N1_LRP184a,0,MiniBus
25805,SmallTruck65281,N1_LRP307a,0,SmallTruck
25806,SmallTruck65281,N1_LRP306b,0,SmallTruck
25807,MediumTruck65297,N1_LRP314a,0,MediumTruck
25808,LargeBus65298,N2_LRP170e,0,LargeBus
25809,LargeBus65298,N2_LRP170f,0.11484959982691198,LargeBus
25810,LargeBus65313,N1_LRP307a,0,LargeBus
25811,MediumTruck65314,N2_LRP156a,0,MediumTruck
25812,SmallTruck65323,N1_LRP014a,0,SmallTruck
25813,MediumTruck65325,N2_LRP044a,0,MediumTruck
25814,MediumTruck65325,N2_LRP043d,0,MediumTruck
25815,MediumTruck65326,N2_LRP138a,0,MediumTruck
25816,LargeBus65328,N2_LRP152d,0,LargeBus
25817,LargeBus65328,N2_LRP153a,0,LargeBus
25818,LargeBus65328,N2_LRP153b,0,LargeBus
25819,SmallTruck65329,N1_LRP316a,0,SmallTruck
25820,SmallTruck65331,N2_LRP141b,0,SmallTruck
25821,MediumTruck65335,N1_LRP036c,0,MediumTruck
25822,MediumTruck65336,N2_LRP146a,0,MediumTruck
25823,MediumTruck65337,N2_LRP125a,0,MediumTruck
25824,MediumTruck65337,N2_LRP125b,0,MediumTruck
25825,MediumTruck65337,N2_LRP125c,0,MediumTruck
25826,MediumTruck65341,N2_LRP050a,0,MediumTruck
25827,MediumTruck65342,N2_LRP140a,3.1052667729685517,MediumTruck
25828,MediumTruck65345,N1_LRP319b,0,MediumTruck
25829,MediumTruck65345,N1_LRP319a,0,MediumTruck
25830,MediumTruck65353,N2_LRP123c,0,MediumTruck
25831,MediumTruck65353,N2_LRP123d,0,MediumTruck
25832,MediumTruck65356,N105_LRP003a,0,MediumTruck
25833,MediumTruck65360,N1_LRP149c,0,MediumTruck
25834,MiniBus65361,N1_LRP316a,0,MiniBus
25835,SmallTruck65373,N2_LRP053a,0,SmallTruck
25836,MediumTruck65380,N2_LRP070c,0,MediumTruck
25837,MediumTruck65387,N2_LRP012f,0,MediumTruck
25838,MiniBus65390,N2_LRP140c,1.335819090857664,MiniBus
25839,LargeBus65394,N2_LRP140c,2.335819090857664,LargeBus
25840,MediumTruck65402,N1_LRP030a,0,MediumTruck
25841,MediumTruck65404,N2_LRP016a,0,MediumTruck
25842,LargeBus65407,N2_LRP087a,0,LargeBus
25843,SmallTruck65416,N2_LRP128b,0,SmallTruck
25844,LargeBus65422,N2_LRP151a,0,LargeBus
25845,MediumTruck65426,N1_LRP142a,0,MediumTruck
25846,SmallTruck65427,N2_LRP162e,0,SmallTruck
25847,SmallTruck65427,N2_LRP162d,0,SmallTruck
25848,SmallTruck65427,N2_LRP162c,0,SmallTruck
25849,SmallTruck65430,N1_LRP263b,0,SmallTruck
25850,MediumTruck65436,N2_LRP021a,0,MediumTruck
25851,MiniBus65442,N2_LRP133a,0,MiniBus
25852,SmallTruck65443,N2_LRP166e,0,SmallTruck
25853,SmallTruck65443,N2_LRP166d,0,SmallTruck
25854,MediumTruck65446,N1_LRP020a,0,MediumTruck
25855,SmallTruck65449,N102_LRP009a,0,SmallTruck
25856,HeavyTruck65460,N2_LRP052a,0,HeavyTruck
25857,MediumTruck65465,N2_LRP095a,0,MediumTruck
25858,MediumTruck65465,N2_LRP096a,0,MediumTruck
25859,MiniBus65470,N2_LRP161c,0,MiniBus
25860,MiniBus65470,N2_LRP161b,0,MiniBus
25861,SmallTruck65485,N2_LRP081b,0,SmallTruck
25862,SmallTruck65485,N2_LRP081a,0,SmallTruck
25863,HeavyTruck65491,N2_LRP177a,0,HeavyTruck
25864,MediumTruck65497,N2_LRP090a,0,MediumTruck
25865,MiniBus65500,N2_LRP025b,0,MiniBus
25866,MiniBus65502,N2_LRP169b,0,MiniBus
25867,MiniBus65502,N2_LRP168c,0,MiniBus
25868,LargeBus65505,N1_LRP351a,0,LargeBus
25869,LargeBus65507,N2_LRP171d,0,LargeBus
25870,LargeBus65507,N2_LRP170j,0,LargeBus
25871,LargeBus65507,N2_LRP170i,0,LargeBus
25872,LargeBus65507,N2_LRP170h,0,LargeBus
25873,LargeBus65507,N2_LRP170g,0,LargeBus
25874,LargeBus65507,N2_LRP170f,1.114849599826912,LargeBus
25875,SmallTruck65510,N1_LRP035a,0,SmallTruck
25876,SmallTruck65519,N2_LRP129b,0,SmallTruck
25877,SmallTruck65519,N2_LRP129a,0,SmallTruck
25878,SmallTruck65519,N2_LRP128b,0,SmallTruck
25879,SmallTruck65522,N2_LRP104a,0,SmallTruck
25880,MediumTruck65523,N2_LRP184c,0,MediumTruck
25881,LargeBus65525,N1_LRP118d,0,LargeBus
25882,LargeBus65525,N1_LRP119a,0,LargeBus
25883,SmallTruck65532,N2_LRP045b,0,SmallTruck
25884,MediumTruck65535,N2_LRP132c,0,MediumTruck
25885,SmallTruck65539,N2_LRP186d,0,SmallTruck
25886,LargeBus65542,N1_LRP033b,0,LargeBus
25887,LargeBus65542,N1_LRP033a,0,LargeBus
25888,MediumTruck65545,N2_LRP078a,0,MediumTruck
25889,MediumTruck65551,N2_LRP133a,0,MediumTruck
25890,SmallTruck65553,N1_LRP368a,2.228890624688495,SmallTruck
25891,MediumTruck65554,N1_LRP109a,0,MediumTruck
25892,LargeBus65556,N2_LRP038c,0,LargeBus
25893,LargeBus65556,N2_LRP039a,0,LargeBus
25894,MediumTruck65569,N1_LRP377f,0,MediumTruck
25895,LargeBus65575,N1_LRP088a,0,LargeBus
25896,MediumTruck65578,N2_LRP025b,0,MediumTruck
25897,LargeBus65581,N2_LRP095a,0,LargeBus
25898,MediumTruck65587,N2_LRP200c,0,MediumTruck
25899,SmallTruck65592,N2_LRP084a,0,SmallTruck
25900,MediumTruck65593,N2_LRP066a,0,MediumTruck
25901,MediumTruck65601,N1_LRP383b,0,MediumTruck
25902,MediumTruck65602,N2_LRP081b,0,MediumTruck
25903,MediumTruck65605,N1_LRP077a,0,MediumTruck
25904,SmallTruck65611,N2_LRP070a,0,SmallTruck
25905,SmallTruck65611,N2_LRP069e,0,SmallTruck
25906,SmallTruck65611,N2_LRP069c,0,SmallTruck
25907,MediumTruck65616,N2_LRP073g,0,MediumTruck
25908,LargeBus65617,N1_LRP383b,0,LargeBus
25909,LargeBus65618,N2_LRP084a,0,LargeBus
25910,SmallTruck65619,N2_LRP207b,0,SmallTruck
25911,MediumTruck65624,N2_LRP081a,0,MediumTruck
25912,SmallTruck65631,N2_LRP159d,0,SmallTruck
25913,SmallTruck65631,N2_LRP159c,0,SmallTruck
25914,SmallTruck65631,N2_LRP159b,0,SmallTruck
25915,LargeBus65632,N2_LRP076b,0,LargeBus
25916,MediumTruck65633,N1_LRP389b,0.006774365507135078,MediumTruck
25917,MediumTruck65635,N2_LRP211c,0,MediumTruck
25918,LargeBus65636,N2_LRP016a,0,LargeBus
25919,MediumTruck65638,N1_LRP068a,0,MediumTruck
25920,MediumTruck65642,N2_LRP186d,0,MediumTruck
25921,MiniBus65647,N2_LRP157a,0,MiniBus
25922,MiniBus65647,N2_LRP156a,0,MiniBus
25923,LargeBus65649,N1_LRP386f,0,LargeBus
25924,LargeBus65649,N1_LRP386e,0,LargeBus
25925,LargeBus65649,N1_LRP386c,0,LargeBus
25926,LargeBus65650,N2_LRP079b,0.025132515523680603,LargeBus
25927,LargeBus65651,N2_LRP206b,0,LargeBus
25928,MediumTruck65652,N105_LRP005c,0,MediumTruck
25929,SmallTruck65654,N102_LRP009a,0,SmallTruck
25930,MediumTruck65656,N2_LRP072a,0,MediumTruck
25931,MediumTruck65668,N1_LRP010c,0,MediumTruck
25932,MediumTruck65668,N1_LRP010b,0,MediumTruck
25933,LargeBus65676,N2_LRP216a,0,LargeBus
25934,LargeBus65676,N2_LRP216b,0,LargeBus
25935,LargeBus65677,N2_LRP126a,0,LargeBus
25936,LargeBus65677,N2_LRP125d,0,LargeBus
25937,MediumTruck65682,N2_LRP066a,0,MediumTruck
25938,MediumTruck65685,N102_LRP015a,0,MediumTruck
25939,MediumTruck65692,N2_LRP084a,0,MediumTruck
25940,HeavyTruck65700,N102_LRP062c,0,HeavyTruck
25941,SmallTruck65701,N102_LRP019b,0,SmallTruck
25942,SmallTruck65701,N102_LRP019a,0,SmallTruck
25943,MediumTruck65713,N1_LRP411a,0,MediumTruck
25944,MediumTruck65720,N2_LRP057b,0,MediumTruck
25945,MiniBus65721,N2_LRP040b,0,MiniBus
25946,SmallTruck65725,N2_LRP140a,4.105266772968552,SmallTruck
25947,MediumTruck65729,N1_LRP412a,0,MediumTruck
25948,MediumTruck65729,N1_LRP411b,0,MediumTruck
25949,MediumTruck65730,N2_LRP054a,0,MediumTruck
25950,SmallTruck65732,N102_LRP055c,0,SmallTruck
25951,MediumTruck65736,N2_LRP053a,0,MediumTruck
25952,SmallTruck65742,N208_LRP055a,0,SmallTruck
25953,LargeBus65745,N1_LRP412d,0,LargeBus
25954,LargeBus65745,N1_LRP412b,0,LargeBus
25955,LargeBus65747,N2_LRP231d,0,LargeBus
25956,LargeBus65747,N2_LRP231c,0,LargeBus
25957,MediumTruck65751,N1_LRP149c,0,MediumTruck
25958,SmallTruck65754,N2_LRP072a,0,SmallTruck
25959,SmallTruck65755,N2_LRP133a,0,SmallTruck
25960,SmallTruck65759,N2_LRP182b,0,SmallTruck
25961,SmallTruck65759,N2_LRP182a,0,SmallTruck
25962,MediumTruck65761,N1_LRP417d,0.00619387307291894,MediumTruck
25963,LargeBus65763,N2_LRP236a,0,LargeBus
25964,MediumTruck65764,N1_LRP035a,0,MediumTruck
25965,MediumTruck65773,N2_LRP155a,0,MediumTruck
25966,MediumTruck65777,N1_LRP422b,0,MediumTruck
25967,MediumTruck65778,N2_LRP043a,0.1767967682576202,MediumTruck
25968,MediumTruck65785,N105_LRP006a,0,MediumTruck
25969,MediumTruck65785,N105_LRP005c,0,MediumTruck
25970,SmallTruck65786,N2_LRP157b,0,SmallTruck
25971,MiniBus65787,N2_LRP129b,0,MiniBus
25972,MiniBus65787,N2_LRP129c,0,MiniBus
25973,MiniBus65787,N2_LRP130a,0,MiniBus
25974,MiniBus65790,N208_LRP046b,0,MiniBus
25975,LargeBus65794,N2_LRP043a,1.1767967682576201,LargeBus
25976,SmallTruck65800,N105_LRP039b,0,SmallTruck
25977,MediumTruck65804,N2_LRP182a,0,MediumTruck
25978,MediumTruck65804,N2_LRP182b,0,MediumTruck
25979,SmallTruck65805,N2_LRP160a,0,SmallTruck
25980,SmallTruck65809,N1_LRP426e,0,SmallTruck
25981,SmallTruck65809,N1_LRP426d,0,SmallTruck
25982,LargeBus65811,N2_LRP249a,0,LargeBus
25983,MediumTruck65816,N105_LRP035d,0,MediumTruck
25984,MediumTruck65823,N2_LRP261a,0,MediumTruck
25985,LargeBus65824,N2_LRP025a,0,LargeBus
25986,LargeBus65824,N2_LRP025b,0,LargeBus
25987,LargeBus65825,N1_LRP427d,0,LargeBus
25988,LargeBus65825,N1_LRP427b,0,LargeBus
25989,MediumTruck65837,N2_LRP165d,0,MediumTruck
25990,MediumTruck65837,N2_LRP165c,0,MediumTruck
25991,MediumTruck65837,N2_LRP164d,0,MediumTruck
25992,SmallTruck65838,N208_LRP031b,0,SmallTruck
25993,SmallTruck65838,N208_LRP031d,0,SmallTruck
25994,MiniBus65839,N208_LRP024d,0,MiniBus
25995,HeavyTruck65841,N1_LRP433c,0,HeavyTruck
25996,HeavyTruck65841,N1_LRP433b,0.15625419491130993,HeavyTruck
25997,LargeBus65842,N2_LRP029b,0,LargeBus
25998,HeavyTruck65843,N2_LRP261a,0,HeavyTruck
25999,SmallTruck65849,N105_LRP022c,0,SmallTruck
26000,MiniBus65852,N2_LRP171d,0,MiniBus
26001,MiniBus65852,N2_LRP171e,0,MiniBus
26002,MiniBus65852,N2_LRP171f,0.021602533732506892,MiniBus
26003,MiniBus65854,N208_LRP029c,0,MiniBus
26004,MediumTruck65857,N1_LRP437b,0,MediumTruck
26005,MediumTruck65857,N1_LRP437a,0,MediumTruck
26006,MediumTruck65860,N102_LRP022a,0,MediumTruck
26007,SmallTruck65864,N105_LRP022c,0,SmallTruck
26008,SmallTruck65869,N2_LRP172d,0,SmallTruck
26009,SmallTruck65869,N2_LRP172c,0,SmallTruck
26010,LargeBus65873,N1_LRP439a,0,LargeBus
26011,HeavyTruck65876,N1_LRP064c,0,HeavyTruck
26012,MediumTruck65881,N105_LRP030c,0,MediumTruck
26013,MiniBus65889,N1_LRP444b,0,MiniBus
26014,MiniBus65889,N1_LRP444a,0,MiniBus
26015,MiniBus65889,N1_LRP443d,0,MiniBus
26016,MiniBus65890,N2_LRP016a,0,MiniBus
26017,SmallTruck65896,N1_LRP026a,0,SmallTruck
26018,MediumTruck65897,N105_LRP035d,0,MediumTruck
26019,SmallTruck65900,N2_LRP135b,0,SmallTruck
26020,SmallTruck65905,N1_LRP449d,0,SmallTruck
26021,SmallTruck65905,N1_LRP449c,0,SmallTruck
26022,MiniBus65906,N2_LRP012c,0,MiniBus
26023,LargeBus65910,N1_LRP137a,0,LargeBus
26024,SmallTruck65913,N105_LRP039b,0,SmallTruck
26025,MiniBus65919,N208_LRP046b,0,MiniBus
26026,LargeBus65921,N1_LRP452e,0,LargeBus
26027,LargeBus65921,N1_LRP452d,0,LargeBus
26028,LargeBus65921,N1_LRP452c,0,LargeBus
26029,LargeBus65921,N1_LRP452a,0,LargeBus
26030,LargeBus65932,N2_LRP140c,3.335819090857664,LargeBus
26031,MediumTruck65936,N1_LRP001a,0,MediumTruck
26032,MediumTruck65937,N1_LRP456c,0,MediumTruck
26033,MiniBus65939,N2_LRP285c,0,MiniBus
26034,MiniBus65939,N2_LRP285a,0,MiniBus
26035,MediumTruck65940,N102_LRP002a,0,MediumTruck
26036,MiniBus65951,N208_LRP055a,0,MiniBus
26037,MiniBus65280,N1_LRP185a,0,MiniBus
26038,SmallTruck65281,N1_LRP306a,0,SmallTruck
26039,MediumTruck65285,N2_LRP016a,0,MediumTruck
26040,MiniBus65295,N2_LRP057b,0,MiniBus
26041,MiniBus65295,N2_LRP057a,0,MiniBus
26042,MediumTruck65297,N1_LRP313b,0,MediumTruck
26043,LargeBus65298,N2_LRP170g,0,LargeBus
26044,LargeBus65298,N2_LRP170h,0,LargeBus
26045,LargeBus65298,N2_LRP170i,0,LargeBus
26046,LargeBus65298,N2_LRP170j,0,LargeBus
26047,SmallTruck65301,N2_LRP012c,0,SmallTruck
26048,SmallTruck65303,N1_LRP027a,0,SmallTruck
26049,MiniBus65311,N2_LRP061a,0,MiniBus
26050,MiniBus65311,N2_LRP060c,0,MiniBus
26051,LargeBus65313,N1_LRP306b,0,LargeBus
26052,MediumTruck65314,N2_LRP157a,0,MediumTruck
26053,MediumTruck65321,N2_LRP132a,0,MediumTruck
26054,MediumTruck65321,N2_LRP132b,0,MediumTruck
26055,MediumTruck65321,N2_LRP132c,0,MediumTruck
26056,MediumTruck65325,N2_LRP043a,2.17679676825762,MediumTruck
26057,LargeBus65328,N2_LRP154c,0,LargeBus
26058,SmallTruck65331,N2_LRP141a,0,SmallTruck
26059,SmallTruck65331,N2_LRP140c,4.3358190908576635,SmallTruck
26060,MediumTruck65334,N2_LRP021a,0,MediumTruck
26061,MediumTruck65335,N1_LRP035a,0,MediumTruck
26062,MediumTruck65336,N2_LRP147a,0,MediumTruck
26063,MediumTruck65336,N2_LRP147b,0,MediumTruck
26064,MediumTruck65337,N2_LRP125d,0,MediumTruck
26065,MediumTruck65337,N2_LRP126a,0,MediumTruck
26066,MediumTruck65337,N2_LRP126b,0,MediumTruck
26067,MediumTruck65345,N1_LRP318b,0,MediumTruck
26068,MediumTruck65353,N2_LRP123e,0,MediumTruck
26069,MediumTruck65353,N2_LRP124c,0,MediumTruck
26070,SmallTruck65355,N2_LRP226c,0,SmallTruck
26071,SmallTruck65355,N2_LRP226d,0,SmallTruck
26072,MiniBus65361,N1_LRP315a,0,MiniBus
26073,SmallTruck65372,N105_LRP003a,0,SmallTruck
26074,SmallTruck65373,N2_LRP052a,0,SmallTruck
26075,MediumTruck65384,N2_LRP138a,0,MediumTruck
26076,MediumTruck65387,N2_LRP012c,0,MediumTruck
26077,MediumTruck65392,N1_LRP142a,0,MediumTruck
26078,LargeBus65395,N2_LRP148b,0,LargeBus
26079,MiniBus65405,N2_LRP048b,0,MiniBus
26080,LargeBus65407,N2_LRP086a,0,LargeBus
26081,MediumTruck65409,N1_LRP333a,0,MediumTruck
26082,LargeBus65411,N2_LRP155a,0,LargeBus
26083,SmallTruck65416,N2_LRP129a,0,SmallTruck
26084,SmallTruck65416,N2_LRP129b,0,SmallTruck
26085,SmallTruck65416,N2_LRP129c,0,SmallTruck
26086,MediumTruck65421,N2_LRP067c,0,MediumTruck
26087,SmallTruck65427,N2_LRP162a,3.1729867887609995,SmallTruck
26088,MiniBus65442,N2_LRP134b,0,MiniBus
26089,MiniBus65442,N2_LRP134c,0,MiniBus
26090,HeavyTruck65460,N2_LRP053a,0,HeavyTruck
26091,MediumTruck65462,N1_LRP023a,0,MediumTruck
26092,MediumTruck65465,N2_LRP096c,0,MediumTruck
26093,MiniBus65470,N2_LRP161a,0,MiniBus
26094,MediumTruck65473,N1_LRP349a,0,MediumTruck
26095,MediumTruck65473,N1_LRP348b,0,MediumTruck
26096,MediumTruck65474,N2_LRP117a,0.10702107344236864,MediumTruck
26097,SmallTruck65485,N2_LRP079d,0,SmallTruck
26098,SmallTruck65485,N2_LRP079b,0.5768718890604793,SmallTruck
26099,HeavyTruck65491,N2_LRP176e,0,HeavyTruck
26100,HeavyTruck65491,N2_LRP176d,0,HeavyTruck
26101,HeavyTruck65491,N2_LRP176c,0,HeavyTruck
26102,HeavyTruck65491,N2_LRP176b,0,HeavyTruck
26103,MiniBus65500,N2_LRP025a,0,MiniBus
26104,MiniBus65500,N2_LRP024b,0,MiniBus
26105,MiniBus65502,N2_LRP168a,0,MiniBus
26106,MiniBus65502,N2_LRP167c,0,MiniBus
26107,LargeBus65505,N1_LRP350a,0,LargeBus
26108,SmallTruck65517,N2_LRP090a,0,SmallTruck
26109,SmallTruck65519,N2_LRP128a,0,SmallTruck
26110,SmallTruck65519,N2_LRP127c,0,SmallTruck
26111,MediumTruck65521,N1_LRP360c,0,MediumTruck
26112,MediumTruck65521,N1_LRP360a,0,MediumTruck
26113,MediumTruck65523,N2_LRP183d,0.10560051723072833,MediumTruck
26114,SmallTruck65532,N2_LRP044c,0,SmallTruck
26115,MediumTruck65535,N2_LRP132b,0,MediumTruck
26116,MediumTruck65535,N2_LRP132a,0,MediumTruck
26117,MediumTruck65537,N1_LRP367a,0,MediumTruck
26118,SmallTruck65539,N2_LRP186c,0,SmallTruck
26119,MediumTruck65545,N2_LRP079a,0,MediumTruck
26120,MediumTruck65551,N2_LRP132c,0,MediumTruck
26121,SmallTruck65552,N2_LRP090a,0,SmallTruck
26122,LargeBus65556,N2_LRP039c,0,LargeBus
26123,SmallTruck65563,N2_LRP056a,0,SmallTruck
26124,SmallTruck65563,N2_LRP055b,0,SmallTruck
26125,MediumTruck65569,N1_LRP377d,0,MediumTruck
26126,MediumTruck65569,N1_LRP377c,0,MediumTruck
26127,MediumTruck65569,N1_LRP377a,0,MediumTruck
26128,MediumTruck65578,N2_LRP025a,0,MediumTruck
26129,MediumTruck65578,N2_LRP024b,0,MediumTruck
26130,MediumTruck65587,N2_LRP199d,0,MediumTruck
26131,MediumTruck65593,N2_LRP067c,0,MediumTruck
26132,MiniBus65599,N2_LRP141b,0,MiniBus
26133,MiniBus65600,N1_LRP098a,0,MiniBus
26134,MediumTruck65601,N1_LRP383a,0,MediumTruck
26135,MediumTruck65601,N1_LRP382b,0,MediumTruck
26136,MediumTruck65612,N2_LRP225c,0.09006263491650501,MediumTruck
26137,MediumTruck65616,N2_LRP074a,0,MediumTruck
26138,LargeBus65617,N1_LRP383a,0,LargeBus
26139,MediumTruck65624,N2_LRP081b,0,MediumTruck
26140,SmallTruck65631,N2_LRP158a,0,SmallTruck
26141,MediumTruck65633,N1_LRP389a,0,MediumTruck
26142,MediumTruck65635,N2_LRP211b,0,MediumTruck
26143,LargeBus65637,N1_LRP088a,0,LargeBus
26144,MiniBus65639,N1_LRP105a,0,MiniBus
26145,MediumTruck65642,N2_LRP187b,0,MediumTruck
26146,LargeBus65649,N1_LRP386a,0,LargeBus
26147,LargeBus65649,N1_LRP385g,0,LargeBus
26148,LargeBus65650,N2_LRP079d,0,LargeBus
26149,MediumTruck65652,N105_LRP006a,0,MediumTruck
26150,MediumTruck65658,N2_LRP045b,0,MediumTruck
26151,MiniBus65674,N2_LRP045b,0,MiniBus
26152,LargeBus65677,N2_LRP125c,0,LargeBus
26153,LargeBus65677,N2_LRP125b,0,LargeBus
26154,LargeBus65677,N2_LRP125a,0,LargeBus
26155,MediumTruck65680,N1_LRP068a,0,MediumTruck
26156,MediumTruck65682,N2_LRP067c,0,MediumTruck
26157,MediumTruck65696,N1_LRP064c,0,MediumTruck
26158,SmallTruck65697,N1_LRP403a,0,SmallTruck
26159,MediumTruck65699,N2_LRP225c,0.1436699101634696,MediumTruck
26160,SmallTruck65709,N2_LRP139b,0,SmallTruck
26161,SmallTruck65709,N2_LRP139a,0,SmallTruck
26162,MediumTruck65713,N1_LRP410c,0.021698435499260208,MediumTruck
26163,HeavyTruck65717,N102_LRP022a,0,HeavyTruck
26164,MediumTruck65719,N1_LRP134a,0,MediumTruck
26165,MiniBus65721,N2_LRP041b,0,MiniBus
26166,MiniBus65721,N2_LRP042a,0,MiniBus
26167,MediumTruck65729,N1_LRP411a,0,MediumTruck
26168,MediumTruck65730,N2_LRP054b,0,MediumTruck
26169,HeavyTruck65731,N2_LRP231d,0,HeavyTruck
26170,HeavyTruck65731,N2_LRP231c,0,HeavyTruck
26171,MediumTruck65736,N2_LRP054a,0,MediumTruck
26172,MiniBus65738,N2_LRP059a,0,MiniBus
26173,MiniBus65738,N2_LRP058c,0,MiniBus
26174,LargeBus65745,N1_LRP412a,0,LargeBus
26175,LargeBus65745,N1_LRP411b,0,LargeBus
26176,LargeBus65745,N1_LRP411a,0,LargeBus
26177,LargeBus65747,N2_LRP230e,0,LargeBus
26178,SmallTruck65755,N2_LRP134b,0,SmallTruck
26179,SmallTruck65755,N2_LRP134c,0,SmallTruck
26180,SmallTruck65759,N2_LRP181c,0,SmallTruck
26181,LargeBus65763,N2_LRP235a,0,LargeBus
26182,MediumTruck65773,N2_LRP154c,0,MediumTruck
26183,MediumTruck65777,N1_LRP421f,0,MediumTruck
26184,MediumTruck65777,N1_LRP421d,0,MediumTruck
26185,MediumTruck65779,N2_LRP243b,0,MediumTruck
26186,MediumTruck65781,N102_LRP038d,0,MediumTruck
26187,SmallTruck65786,N2_LRP158a,0,SmallTruck
26188,MiniBus65787,N2_LRP130b,0,MiniBus
26189,MiniBus65787,N2_LRP130c,0,MiniBus
26190,SmallTruck65789,N2_LRP157b,0,SmallTruck
26191,SmallTruck65789,N2_LRP157a,0,SmallTruck
26192,LargeBus65793,N1_LRP422b,0,LargeBus
26193,LargeBus65793,N1_LRP421f,0,LargeBus
26194,MediumTruck65795,N2_LRP248a,0,MediumTruck
26195,SmallTruck65800,N105_LRP040c,0,SmallTruck
26196,MediumTruck65804,N2_LRP182d,0,MediumTruck
26197,MediumTruck65804,N2_LRP183a,0,MediumTruck
26198,SmallTruck65805,N2_LRP159d,0,SmallTruck
26199,SmallTruck65805,N2_LRP159c,0,SmallTruck
26200,SmallTruck65805,N2_LRP159b,0,SmallTruck
26201,MediumTruck65808,N1_LRP035a,0,MediumTruck
26202,SmallTruck65809,N1_LRP426c,0,SmallTruck
26203,SmallTruck65809,N1_LRP426b,0,SmallTruck
26204,SmallTruck65809,N1_LRP426a,0,SmallTruck
26205,SmallTruck65809,N1_LRP425e,0,SmallTruck
26206,MediumTruck65810,N2_LRP035b,0,MediumTruck
26207,LargeBus65811,N2_LRP248a,0,LargeBus
26208,MediumTruck65812,N1_LRP118d,0,MediumTruck
26209,LargeBus65815,N104_LRP010a,0,LargeBus
26210,MediumTruck65823,N2_LRP261b,0,MediumTruck
26211,MediumTruck65823,N2_LRP262a,0,MediumTruck
26212,LargeBus65825,N1_LRP426e,0,LargeBus
26213,LargeBus65825,N1_LRP426d,0,LargeBus
26214,LargeBus65825,N1_LRP426c,0,LargeBus
26215,LargeBus65825,N1_LRP426b,0,LargeBus
26216,LargeBus65825,N1_LRP426a,0,LargeBus
26217,SmallTruck65833,N105_LRP017c,0,SmallTruck
26218,MediumTruck65835,N204_LRP003b,0,MediumTruck
26219,MediumTruck65837,N2_LRP164b,0,MediumTruck
26220,MediumTruck65837,N2_LRP164a,0,MediumTruck
26221,LargeBus65840,N1_LRP030a,0,LargeBus
26222,HeavyTruck65841,N1_LRP432b,0,HeavyTruck
26223,MediumTruck65845,N102_LRP055c,0,MediumTruck
26224,MediumTruck65846,N1_LRP120b,0,MediumTruck
26225,MediumTruck65848,N105_LRP027c,0,MediumTruck
26226,SmallTruck65849,N105_LRP021d,0,SmallTruck
26227,MiniBus65854,N208_LRP031b,0,MiniBus
26228,MediumTruck65857,N1_LRP436a,0,MediumTruck
26229,MediumTruck65859,N2_LRP264a,0,MediumTruck
26230,SmallTruck65864,N105_LRP023c,0,SmallTruck
26231,SmallTruck65869,N2_LRP171f,0.04855668182421422,SmallTruck
26232,LargeBus65873,N1_LRP438c,0,LargeBus
26233,LargeBus65873,N1_LRP438b,0,LargeBus
26234,LargeBus65879,N104_LRP028a,0,LargeBus
26235,MediumTruck65880,N2_LRP018a,0,MediumTruck
26236,MiniBus65889,N1_LRP443c,0,MiniBus
26237,MiniBus65894,N1_LRP131b,0,MiniBus
26238,SmallTruck65896,N1_LRP026b,0,SmallTruck
26239,SmallTruck65900,N2_LRP135a,0,SmallTruck
26240,MediumTruck65904,N1_LRP010b,0,MediumTruck
26241,MediumTruck65904,N1_LRP010c,0,MediumTruck
26242,MediumTruck65904,N1_LRP011a,0,MediumTruck
26243,SmallTruck65905,N1_LRP448a,0,SmallTruck
26244,MiniBus65906,N2_LRP012f,0,MiniBus
26245,MiniBus65907,N2_LRP276a,0,MiniBus
26246,LargeBus65910,N1_LRP136a,0,LargeBus
26247,MiniBus65918,N208_LRP011b,0,MiniBus
26248,LargeBus65921,N1_LRP451e,0,LargeBus
26249,LargeBus65921,N1_LRP451b,0,LargeBus
26250,LargeBus65921,N1_LRP450e,0.39583449506958773,LargeBus
26251,MediumTruck65929,N105_LRP042b,0,MediumTruck
26252,MediumTruck65933,N207_LRP061d,0,MediumTruck
26253,MediumTruck65937,N1_LRP456a,0,MediumTruck
26254,MiniBus65939,N2_LRP284c,0,MiniBus
26255,MiniBus65939,N2_LRP284b,0,MiniBus
26256,MediumTruck65940,N102_LRP002b,0,MediumTruck
26257,MediumTruck65940,N102_LRP002c,0,MediumTruck
26258,MediumTruck65942,N1_LRP145a,0,MediumTruck
26259,SmallTruck65281,N1_LRP305c,0,SmallTruck
26260,MediumTruck65282,N2_LRP162c,0,MediumTruck
26261,MediumTruck65282,N2_LRP162d,0,MediumTruck
26262,MiniBus65295,N2_LRP056a,0,MiniBus
26263,LargeBus65298,N2_LRP171d,0,LargeBus
26264,LargeBus65298,N2_LRP171e,0,LargeBus
26265,LargeBus65298,N2_LRP171f,1.0485566818242142,LargeBus
26266,SmallTruck65301,N2_LRP012f,0,SmallTruck
26267,SmallTruck65303,N1_LRP026b,0,SmallTruck
26268,SmallTruck65303,N1_LRP026a,0,SmallTruck
26269,LargeBus65313,N1_LRP306a,0,LargeBus
26270,LargeBus65313,N1_LRP305c,0,LargeBus
26271,MediumTruck65314,N2_LRP157b,0,MediumTruck
26272,MediumTruck65321,N2_LRP133a,0,MediumTruck
26273,MediumTruck65326,N2_LRP135b,0,MediumTruck
26274,LargeBus65328,N2_LRP155a,0,LargeBus
26275,SmallTruck65329,N1_LRP315a,0,SmallTruck
26276,MediumTruck65334,N2_LRP021b,0,MediumTruck
26277,MediumTruck65336,N2_LRP147d,0,MediumTruck
26278,MediumTruck65336,N2_LRP148b,0,MediumTruck
26279,MediumTruck65337,N2_LRP126c,0,MediumTruck
26280,MediumTruck65337,N2_LRP126d,0,MediumTruck
26281,MediumTruck65337,N2_LRP127b,0,MediumTruck
26282,MediumTruck65341,N2_LRP048b,0,MediumTruck
26283,MediumTruck65345,N1_LRP318a,0,MediumTruck
26284,SmallTruck65346,N2_LRP141a,0,SmallTruck
26285,SmallTruck65346,N2_LRP141b,0,SmallTruck
26286,SmallTruck65347,N2_LRP148b,0,SmallTruck
26287,MiniBus65361,N1_LRP314a,0,MiniBus
26288,MediumTruck65377,N1_LRP327a,3.4767613697385396,MediumTruck
26289,MediumTruck65380,N2_LRP072a,0,MediumTruck
26290,MediumTruck65384,N2_LRP138b,0,MediumTruck
26291,MediumTruck65384,N2_LRP139a,0,MediumTruck
26292,LargeBus65395,N2_LRP147d,0,LargeBus
26293,MediumTruck65403,N2_LRP016a,0,MediumTruck
26294,MiniBus65405,N2_LRP048a,0,MiniBus
26295,MiniBus65405,N2_LRP047c,0,MiniBus
26296,MiniBus65405,N2_LRP047a,0,MiniBus
26297,MediumTruck65409,N1_LRP332c,0,MediumTruck
26298,MediumTruck65410,N2_LRP132a,0,MediumTruck
26299,MediumTruck65410,N2_LRP132b,0,MediumTruck
26300,MediumTruck65410,N2_LRP132c,0,MediumTruck
26301,LargeBus65411,N2_LRP154c,0,LargeBus
26302,SmallTruck65416,N2_LRP130a,0,SmallTruck
26303,SmallTruck65416,N2_LRP130b,0,SmallTruck
26304,SmallTruck65416,N2_LRP130c,0,SmallTruck
26305,LargeBus65422,N2_LRP148b,0,LargeBus
26306,MediumTruck65425,N1_LRP336a,0,MediumTruck
26307,MediumTruck65426,N1_LRP143a,0,MediumTruck
26308,MediumTruck65429,N1_LRP030a,0,MediumTruck
26309,SmallTruck65430,N1_LRP265a,0,SmallTruck
26310,SmallTruck65430,N1_LRP265b,0,SmallTruck
26311,MiniBus65442,N2_LRP135a,0,MiniBus
26312,MiniBus65442,N2_LRP135b,0,MiniBus
26313,SmallTruck65443,N2_LRP165d,0,SmallTruck
26314,SmallTruck65443,N2_LRP165c,0,SmallTruck
26315,SmallTruck65443,N2_LRP164d,0,SmallTruck
26316,HeavyTruck65460,N2_LRP054a,0,HeavyTruck
26317,MediumTruck65465,N2_LRP097a,0,MediumTruck
26318,MiniBus65470,N2_LRP160a,0,MiniBus
26319,MediumTruck65473,N1_LRP348a,0,MediumTruck
26320,MediumTruck65474,N2_LRP117b,0,MediumTruck
26321,SmallTruck65475,N2_LRP172d,0,SmallTruck
26322,SmallTruck65475,N2_LRP172c,0,SmallTruck
26323,SmallTruck65485,N2_LRP079a,0,SmallTruck
26324,MediumTruck65489,N1_LRP353b,0,MediumTruck
26325,MediumTruck65489,N1_LRP353a,0,MediumTruck
26326,MediumTruck65489,N1_LRP352a,0,MediumTruck
26327,HeavyTruck65491,N2_LRP175f,0,HeavyTruck
26328,HeavyTruck65491,N2_LRP175e,0,HeavyTruck
26329,HeavyTruck65491,N2_LRP175d,0,HeavyTruck
26330,HeavyTruck65491,N2_LRP175c,0,HeavyTruck
26331,LargeBus65495,N1_LRP064c,0,LargeBus
26332,MediumTruck65497,N2_LRP091b,0,MediumTruck
26333,MiniBus65502,N2_LRP167b,0,MiniBus
26334,MiniBus65502,N2_LRP166e,0,MiniBus
26335,LargeBus65505,N1_LRP349a,0,LargeBus
26336,LargeBus65507,N2_LRP170e,0,LargeBus
26337,LargeBus65507,N2_LRP170c,0,LargeBus
26338,SmallTruck65510,N1_LRP034a,0,SmallTruck
26339,MediumTruck65513,N1_LRP077a,0,MediumTruck
26340,SmallTruck65519,N2_LRP127b,0,SmallTruck
26341,SmallTruck65522,N2_LRP106a,0,SmallTruck
26342,MediumTruck65523,N2_LRP183c,0,MediumTruck
26343,LargeBus65525,N1_LRP120b,0,LargeBus
26344,SmallTruck65532,N2_LRP044a,0,SmallTruck
26345,SmallTruck65532,N2_LRP043d,0,SmallTruck
26346,MediumTruck65533,N2_LRP093a,0,MediumTruck
26347,MediumTruck65536,N2_LRP095a,0,MediumTruck
26348,MediumTruck65536,N2_LRP096a,0,MediumTruck
26349,MediumTruck65538,N2_LRP102a,0,MediumTruck
26350,SmallTruck65539,N2_LRP186b,0.6282811282140897,SmallTruck
26351,MediumTruck65545,N2_LRP079b,0.224739488435795,MediumTruck
26352,MediumTruck65551,N2_LRP132b,0,MediumTruck
26353,MediumTruck65551,N2_LRP132a,0,MediumTruck
26354,LargeBus65556,N2_LRP040a,0,LargeBus
26355,LargeBus65556,N2_LRP040b,0,LargeBus
26356,SmallTruck65563,N2_LRP054b,0,SmallTruck
26357,MediumTruck65568,N1_LRP098a,0,MediumTruck
26358,MediumTruck65569,N1_LRP376a,0,MediumTruck
26359,LargeBus65570,N2_LRP102a,0,LargeBus
26360,MediumTruck65584,N1_LRP094a,0,MediumTruck
26361,MiniBus65585,N1_LRP367a,0,MiniBus
26362,MediumTruck65586,N2_LRP090a,0,MediumTruck
26363,SmallTruck65592,N2_LRP086a,0,SmallTruck
26364,MiniBus65599,N2_LRP141a,0,MiniBus
26365,MediumTruck65601,N1_LRP382a,0,MediumTruck
26366,MediumTruck65601,N1_LRP381c,0,MediumTruck
26367,MediumTruck65601,N1_LRP381b,0,MediumTruck
26368,MediumTruck65616,N2_LRP076a,0,MediumTruck
26369,LargeBus65617,N1_LRP382b,0,LargeBus
26370,LargeBus65617,N1_LRP382a,0,LargeBus
26371,LargeBus65617,N1_LRP381c,0,LargeBus
26372,LargeBus65618,N2_LRP086a,0,LargeBus
26373,MediumTruck65623,N1_LRP109a,0,MediumTruck
26374,LargeBus65632,N2_LRP078a,0,LargeBus
26375,MediumTruck65633,N1_LRP388a,0,MediumTruck
26376,LargeBus65636,N2_LRP018a,0,LargeBus
26377,MediumTruck65642,N2_LRP188a,0,MediumTruck
26378,MiniBus65647,N2_LRP155a,0,MiniBus
26379,MediumTruck65648,N1_LRP077a,0,MediumTruck
26380,LargeBus65649,N1_LRP384a,0,LargeBus
26381,LargeBus65650,N2_LRP081a,0,LargeBus
26382,MediumTruck65656,N2_LRP073b,0,MediumTruck
26383,MediumTruck65656,N2_LRP073c,0,MediumTruck
26384,MediumTruck65658,N2_LRP044c,0,MediumTruck
26385,SmallTruck65667,N2_LRP216b,0,SmallTruck
26386,HeavyTruck65669,N102_LRP009a,0,HeavyTruck
26387,MiniBus65674,N2_LRP044c,0,MiniBus
26388,MiniBus65674,N2_LRP044a,0,MiniBus
26389,LargeBus65677,N2_LRP124c,0,LargeBus
26390,LargeBus65677,N2_LRP123e,0,LargeBus
26391,SmallTruck65697,N1_LRP402b,0,SmallTruck
26392,MiniBus65698,N2_LRP069c,0,MiniBus
26393,MiniBus65698,N2_LRP069e,0,MiniBus
26394,MiniBus65698,N2_LRP070a,0,MiniBus
26395,MiniBus65698,N2_LRP070c,0,MiniBus
26396,MiniBus65702,N1_LRP077a,0,MiniBus
26397,LargeBus65707,N2_LRP151a,0,LargeBus
26398,LargeBus65707,N2_LRP151b,0,LargeBus
26399,MediumTruck65708,N2_LRP087a,0,MediumTruck
26400,SmallTruck65709,N2_LRP138b,0,SmallTruck
26401,MiniBus65710,N2_LRP216b,0,MiniBus
26402,MediumTruck65713,N1_LRP410b,0,MediumTruck
26403,MediumTruck65720,N2_LRP058c,0,MediumTruck
26404,MediumTruck65720,N2_LRP059a,0,MediumTruck
26405,MiniBus65721,N2_LRP043a,2.17679676825762,MiniBus
26406,MediumTruck65729,N1_LRP410c,0.05848178757250121,MediumTruck
26407,MediumTruck65730,N2_LRP055b,0,MediumTruck
26408,MediumTruck65730,N2_LRP056a,0,MediumTruck
26409,HeavyTruck65731,N2_LRP230e,0,HeavyTruck
26410,MediumTruck65736,N2_LRP054b,0,MediumTruck
26411,LargeBus65745,N1_LRP410c,0.4232448006601969,LargeBus
26412,LargeBus65747,N2_LRP230c,0,LargeBus
26413,MediumTruck65749,N102_LRP029d,0,MediumTruck
26414,SmallTruck65754,N2_LRP070c,0,SmallTruck
26415,SmallTruck65755,N2_LRP135a,0,SmallTruck
26416,SmallTruck65759,N2_LRP180c,0,SmallTruck
26417,MediumTruck65761,N1_LRP417b,0,MediumTruck
26418,MediumTruck65761,N1_LRP416e,0,MediumTruck
26419,MediumTruck65761,N1_LRP416d,0,MediumTruck
26420,LargeBus65762,N2_LRP052a,0,LargeBus
26421,MediumTruck65764,N1_LRP034a,0,MediumTruck
26422,MediumTruck65765,N102_LRP034b,0,MediumTruck
26423,MediumTruck65773,N2_LRP153b,0,MediumTruck
26424,MediumTruck65773,N2_LRP153a,0,MediumTruck
26425,MediumTruck65777,N1_LRP420e,0,MediumTruck
26426,MediumTruck65778,N2_LRP043d,0,MediumTruck
26427,MediumTruck65778,N2_LRP044a,0,MediumTruck
26428,MediumTruck65779,N2_LRP243a,0,MediumTruck
26429,MediumTruck65781,N102_LRP038b,0,MediumTruck
26430,MediumTruck65781,N102_LRP037d,0,MediumTruck
26431,SmallTruck65786,N2_LRP159b,0,SmallTruck
26432,SmallTruck65786,N2_LRP159c,0,SmallTruck
26433,SmallTruck65789,N2_LRP156a,0,SmallTruck
26434,LargeBus65793,N1_LRP421d,0,LargeBus
26435,SmallTruck65800,N105_LRP041c,0,SmallTruck
26436,MediumTruck65804,N2_LRP183c,0,MediumTruck
26437,MediumTruck65804,N2_LRP183d,0.7324195064747849,MediumTruck
26438,SmallTruck65805,N2_LRP158a,0,SmallTruck
26439,MediumTruck65808,N1_LRP036c,0,MediumTruck
26440,SmallTruck65809,N1_LRP425c,0.3120561003291349,SmallTruck
26441,MediumTruck65812,N1_LRP119a,0,MediumTruck
26442,LargeBus65825,N1_LRP425e,0,LargeBus
26443,LargeBus65825,N1_LRP425c,0.32334444354477765,LargeBus
26444,LargeBus65826,N2_LRP035b,0,LargeBus
26445,SmallTruck65831,N104_LRP017b,0,SmallTruck
26446,MediumTruck65837,N2_LRP163d,0,MediumTruck
26447,MediumTruck65837,N2_LRP163c,0,MediumTruck
26448,MediumTruck65837,N2_LRP163b,0,MediumTruck
26449,MediumTruck65837,N2_LRP163a,0,MediumTruck
26450,HeavyTruck65841,N1_LRP432a,0,HeavyTruck
26451,SmallTruck65849,N105_LRP020c,0,SmallTruck
26452,MiniBus65852,N2_LRP172c,0,MiniBus
26453,MiniBus65852,N2_LRP172d,0,MiniBus
26454,MiniBus65855,N2_LRP200c,0,MiniBus
26455,MediumTruck65857,N1_LRP435c,0,MediumTruck
26456,SmallTruck65861,N102_LRP058a,0,SmallTruck
26457,MediumTruck65865,N105_LRP024c,0,MediumTruck
26458,SmallTruck65869,N2_LRP171e,0,SmallTruck
26459,SmallTruck65870,N208_LRP024d,0,SmallTruck
26460,MiniBus65871,N208_LRP031d,0,MiniBus
26461,MediumTruck65872,N1_LRP020a,0,MediumTruck
26462,LargeBus65873,N1_LRP438a,0,LargeBus
26463,MediumTruck65877,N102_LRP062c,0,MediumTruck
26464,MediumTruck65877,N102_LRP062b,0,MediumTruck
26465,MediumTruck65887,N2_LRP211c,0,MediumTruck
26466,MiniBus65889,N1_LRP441a,0,MiniBus
26467,MiniBus65892,N102_LRP017a,0,MiniBus
26468,SmallTruck65896,N1_LRP027a,0,SmallTruck
26469,SmallTruck65900,N2_LRP134c,0,SmallTruck
26470,SmallTruck65900,N2_LRP134b,0,SmallTruck
26471,SmallTruck65905,N1_LRP447c,0,SmallTruck
26472,MiniBus65907,N2_LRP274e,0,MiniBus
26473,LargeBus65921,N1_LRP450c,0,LargeBus
26474,SmallTruck65928,N1_LRP020a,0,SmallTruck
26475,MediumTruck65937,N1_LRP455a,0,MediumTruck
26476,MiniBus65939,N2_LRP283b,0,MiniBus
26477,MediumTruck65944,N105_LRP003a,0,MediumTruck
26478,MiniBus65280,N1_LRP186a,0,MiniBus
26479,MiniBus65280,N1_LRP187a,0,MiniBus
26480,SmallTruck65281,N1_LRP304b,0,SmallTruck
26481,MediumTruck65282,N2_LRP162e,0,MediumTruck
26482,MediumTruck65282,N2_LRP163a,0,MediumTruck
26483,MediumTruck65282,N2_LRP163b,0,MediumTruck
26484,MiniBus65295,N2_LRP055b,0,MiniBus
26485,LargeBus65296,N1_LRP181a,0,LargeBus
26486,MediumTruck65297,N1_LRP311b,0,MediumTruck
26487,MiniBus65311,N2_LRP059a,0,MiniBus
26488,MiniBus65311,N2_LRP058c,0,MiniBus
26489,MediumTruck65312,N2_LRP146a,0,MediumTruck
26490,LargeBus65313,N1_LRP304b,0,LargeBus
26491,MediumTruck65314,N2_LRP158a,0,MediumTruck
26492,SmallTruck65316,N2_LRP084a,0,SmallTruck
26493,MediumTruck65321,N2_LRP134b,0,MediumTruck
26494,MediumTruck65321,N2_LRP134c,0,MediumTruck
26495,MediumTruck65326,N2_LRP135a,0,MediumTruck
26496,SmallTruck65329,N1_LRP314a,0,SmallTruck
26497,MediumTruck65335,N1_LRP034a,0,MediumTruck
26498,MediumTruck65337,N2_LRP127c,0,MediumTruck
26499,MediumTruck65337,N2_LRP128a,0,MediumTruck
26500,MediumTruck65341,N2_LRP048a,0,MediumTruck
26501,MediumTruck65345,N1_LRP317a,1.6776120300612454,MediumTruck
26502,SmallTruck65347,N2_LRP147d,0,SmallTruck
26503,SmallTruck65347,N2_LRP147b,0,SmallTruck
26504,MediumTruck65353,N2_LRP125a,0,MediumTruck
26505,MediumTruck65353,N2_LRP125b,0,MediumTruck
26506,MediumTruck65353,N2_LRP125c,0,MediumTruck
26507,MiniBus65361,N1_LRP313b,0,MiniBus
26508,LargeBus65363,N2_LRP139b,0,LargeBus
26509,LargeBus65363,N2_LRP139a,0,LargeBus
26510,LargeBus65366,N2_LRP029b,0,LargeBus
26511,MediumTruck65384,N2_LRP139b,0,MediumTruck
26512,MediumTruck65384,N2_LRP140a,3.1052667729685517,MediumTruck
26513,MiniBus65390,N2_LRP140a,4.105266772968552,MiniBus
26514,MediumTruck65392,N1_LRP143a,0,MediumTruck
26515,MiniBus65393,N1_LRP325c,0,MiniBus
26516,MiniBus65393,N1_LRP325a,0,MiniBus
26517,LargeBus65395,N2_LRP147b,0,LargeBus
26518,LargeBus65395,N2_LRP147a,0,LargeBus
26519,MediumTruck65402,N1_LRP033a,0,MediumTruck
26520,MiniBus65405,N2_LRP046c,0,MiniBus
26521,LargeBus65407,N2_LRP084a,0,LargeBus
26522,MediumTruck65409,N1_LRP332b,0,MediumTruck
26523,MediumTruck65409,N1_LRP332a,0,MediumTruck
26524,MediumTruck65410,N2_LRP133a,0,MediumTruck
26525,LargeBus65411,N2_LRP153b,0,LargeBus
26526,LargeBus65411,N2_LRP153a,0,LargeBus
26527,MediumTruck65421,N2_LRP066a,0,MediumTruck
26528,LargeBus65422,N2_LRP147d,0,LargeBus
26529,MediumTruck65425,N1_LRP335a,0,MediumTruck
26530,SmallTruck65430,N1_LRP267a,0,SmallTruck
26531,MediumTruck65436,N2_LRP018a,0,MediumTruck
26532,MediumTruck65440,N1_LRP131b,0,MediumTruck
26533,SmallTruck65443,N2_LRP164b,0,SmallTruck
26534,SmallTruck65443,N2_LRP164a,0,SmallTruck
26535,MediumTruck65456,N1_LRP127a,0,MediumTruck
26536,HeavyTruck65460,N2_LRP054b,0,HeavyTruck
26537,MediumTruck65465,N2_LRP098b,0.026279734088198718,MediumTruck
26538,MiniBus65470,N2_LRP159d,0,MiniBus
26539,MiniBus65470,N2_LRP159c,0,MiniBus
26540,MiniBus65470,N2_LRP159b,0,MiniBus
26541,MediumTruck65473,N1_LRP347b,0,MediumTruck
26542,MediumTruck65473,N1_LRP347a,0,MediumTruck
26543,MediumTruck65474,N2_LRP118a,0,MediumTruck
26544,SmallTruck65475,N2_LRP171f,1.0485566818242142,SmallTruck
26545,MediumTruck65497,N2_LRP092a,0,MediumTruck
26546,MediumTruck65497,N2_LRP092b,0,MediumTruck
26547,MiniBus65502,N2_LRP166d,0,MiniBus
26548,LargeBus65505,N1_LRP348b,0,LargeBus
26549,LargeBus65507,N2_LRP170b,0,LargeBus
26550,LargeBus65507,N2_LRP170a,0,LargeBus
26551,LargeBus65507,N2_LRP169f,0,LargeBus
26552,LargeBus65507,N2_LRP169e,0,LargeBus
26553,LargeBus65507,N2_LRP169d,0,LargeBus
26554,LargeBus65507,N2_LRP169c,0,LargeBus
26555,SmallTruck65510,N1_LRP033b,0,SmallTruck
26556,SmallTruck65510,N1_LRP033a,0,SmallTruck
26557,SmallTruck65519,N2_LRP126d,0,SmallTruck
26558,SmallTruck65519,N2_LRP126c,0,SmallTruck
26559,SmallTruck65519,N2_LRP126b,0,SmallTruck
26560,MediumTruck65521,N1_LRP359b,0,MediumTruck
26561,MediumTruck65521,N1_LRP359a,0,MediumTruck
26562,SmallTruck65522,N2_LRP106b,0,SmallTruck
26563,MediumTruck65523,N2_LRP183a,0,MediumTruck
26564,MediumTruck65523,N2_LRP182d,0,MediumTruck
26565,SmallTruck65532,N2_LRP043a,3.17679676825762,SmallTruck
26566,MediumTruck65535,N2_LRP130c,0,MediumTruck
26567,MediumTruck65535,N2_LRP130b,0,MediumTruck
26568,MediumTruck65536,N2_LRP096c,0,MediumTruck
26569,MediumTruck65538,N2_LRP103c,0,MediumTruck
26570,MediumTruck65545,N2_LRP079d,0,MediumTruck
26571,SmallTruck65552,N2_LRP091b,0,SmallTruck
26572,MediumTruck65554,N1_LRP111a,0,MediumTruck
26573,LargeBus65556,N2_LRP041b,0,LargeBus
26574,SmallTruck65563,N2_LRP054a,0,SmallTruck
26575,MediumTruck65569,N1_LRP375c,0,MediumTruck
26576,LargeBus65570,N2_LRP103c,0,LargeBus
26577,SmallTruck65573,N1_LRP098a,0,SmallTruck
26578,SmallTruck65579,N2_LRP175c,0,SmallTruck
26579,SmallTruck65579,N2_LRP175d,0,SmallTruck
26580,SmallTruck65579,N2_LRP175e,0,SmallTruck
26581,SmallTruck65579,N2_LRP175f,0,SmallTruck
26582,LargeBus65581,N2_LRP093a,0,LargeBus
26583,SmallTruck65592,N2_LRP087a,0,SmallTruck
26584,MiniBus65599,N2_LRP140c,3.3358190908576635,MiniBus
26585,MediumTruck65602,N2_LRP084a,0,MediumTruck
26586,SmallTruck65611,N2_LRP067c,0,SmallTruck
26587,MediumTruck65612,N2_LRP226c,0,MediumTruck
26588,MediumTruck65612,N2_LRP226d,0,MediumTruck
26589,MediumTruck65616,N2_LRP076b,0,MediumTruck
26590,LargeBus65617,N1_LRP381b,0,LargeBus
26591,LargeBus65618,N2_LRP087a,0,LargeBus
26592,SmallTruck65619,N2_LRP206b,0,SmallTruck
26593,MediumTruck65627,N2_LRP162c,0,MediumTruck
26594,MediumTruck65627,N2_LRP162d,0,MediumTruck
26595,SmallTruck65631,N2_LRP157b,0,SmallTruck
26596,SmallTruck65631,N2_LRP157a,0,SmallTruck
26597,LargeBus65632,N2_LRP079a,0,LargeBus
26598,MediumTruck65633,N1_LRP387f,0,MediumTruck
26599,MediumTruck65633,N1_LRP387e,0,MediumTruck
26600,MiniBus65647,N2_LRP154c,0,MiniBus
26601,LargeBus65649,N1_LRP383b,0,LargeBus
26602,LargeBus65650,N2_LRP081b,0,LargeBus
26603,MediumTruck65656,N2_LRP073g,0,MediumTruck
26604,MediumTruck65658,N2_LRP044a,0,MediumTruck
26605,MediumTruck65658,N2_LRP043d,0,MediumTruck
26606,MediumTruck65666,N1_LRP083a,0,MediumTruck
26607,SmallTruck65667,N2_LRP216a,0,SmallTruck
26608,MiniBus65674,N2_LRP043d,0,MiniBus
26609,LargeBus65677,N2_LRP123d,0,LargeBus
26610,LargeBus65677,N2_LRP123c,0,LargeBus
26611,HeavyTruck65700,N102_LRP065a,0,HeavyTruck
26612,SmallTruck65701,N102_LRP017a,0,SmallTruck
26613,LargeBus65707,N2_LRP152a,0,LargeBus
26614,LargeBus65707,N2_LRP152b,0,LargeBus
26615,LargeBus65707,N2_LRP152c,0,LargeBus
26616,MediumTruck65708,N2_LRP086a,0,MediumTruck
26617,SmallTruck65709,N2_LRP138a,0,SmallTruck
26618,MiniBus65710,N2_LRP216a,0,MiniBus
26619,MediumTruck65713,N1_LRP410a,0,MediumTruck
26620,LargeBus65715,N2_LRP221b,0,LargeBus
26621,SmallTruck65727,N2_LRP172d,0,SmallTruck
26622,SmallTruck65727,N2_LRP172c,0,SmallTruck
26623,MediumTruck65729,N1_LRP410b,0,MediumTruck
26624,MediumTruck65730,N2_LRP057a,0,MediumTruck
26625,HeavyTruck65731,N2_LRP230c,0,HeavyTruck
26626,MediumTruck65736,N2_LRP055b,0,MediumTruck
26627,MediumTruck65736,N2_LRP056a,0,MediumTruck
26628,MiniBus65738,N2_LRP057b,0,MiniBus
26629,MiniBus65738,N2_LRP057a,0,MiniBus
26630,LargeBus65745,N1_LRP410b,0,LargeBus
26631,LargeBus65745,N1_LRP410a,0,LargeBus
26632,LargeBus65747,N2_LRP229c,0,LargeBus
26633,LargeBus65747,N2_LRP229a,0.06695317510160734,LargeBus
26634,SmallTruck65754,N2_LRP070a,0,SmallTruck
26635,SmallTruck65754,N2_LRP069e,0,SmallTruck
26636,SmallTruck65754,N2_LRP069c,0,SmallTruck
26637,SmallTruck65755,N2_LRP135b,0,SmallTruck
26638,SmallTruck65759,N2_LRP180a,0,SmallTruck
26639,MediumTruck65761,N1_LRP415c,0.7540808338937844,MediumTruck
26640,LargeBus65762,N2_LRP053a,0,LargeBus
26641,LargeBus65762,N2_LRP054a,0,LargeBus
26642,MediumTruck65764,N1_LRP033b,0,MediumTruck
26643,MediumTruck65764,N1_LRP033a,0,MediumTruck
26644,MediumTruck65765,N102_LRP033c,0,MediumTruck
26645,MediumTruck65767,N104_LRPSa,0,MediumTruck
26646,MediumTruck65773,N2_LRP152d,0,MediumTruck
26647,MediumTruck65773,N2_LRP152c,0,MediumTruck
26648,MediumTruck65773,N2_LRP152b,0,MediumTruck
26649,MediumTruck65773,N2_LRP152a,0,MediumTruck
26650,MediumTruck65777,N1_LRP420d,0,MediumTruck
26651,MediumTruck65777,N1_LRP420c,0,MediumTruck
26652,MediumTruck65777,N1_LRP420a,0,MediumTruck
26653,MediumTruck65778,N2_LRP044c,0,MediumTruck
26654,MediumTruck65779,N2_LRP242a,0,MediumTruck
26655,MediumTruck65781,N102_LRP037c,0,MediumTruck
26656,MediumTruck65785,N105_LRP003a,0,MediumTruck
26657,SmallTruck65786,N2_LRP159d,0,SmallTruck
26658,SmallTruck65786,N2_LRP160a,0,SmallTruck
26659,MiniBus65787,N2_LRP132a,0,MiniBus
26660,MiniBus65787,N2_LRP132b,0,MiniBus
26661,MiniBus65787,N2_LRP132c,0,MiniBus
26662,LargeBus65793,N1_LRP420e,0,LargeBus
26663,LargeBus65793,N1_LRP420d,0,LargeBus
26664,LargeBus65793,N1_LRP420c,0,LargeBus
26665,LargeBus65793,N1_LRP420a,0,LargeBus
26666,LargeBus65794,N2_LRP043d,0,LargeBus
26667,LargeBus65794,N2_LRP044a,0,LargeBus
26668,MediumTruck65795,N2_LRP246c,0,MediumTruck
26669,LargeBus65798,N104_LRP044d,0,LargeBus
26670,SmallTruck65809,N1_LRP425b,0,SmallTruck
26671,LargeBus65811,N2_LRP246c,0,LargeBus
26672,MediumTruck65813,N102_LRP045a,0,MediumTruck
26673,LargeBus65825,N1_LRP425b,0,LargeBus
26674,LargeBus65825,N1_LRP425a,0,LargeBus
26675,MediumTruck65837,N2_LRP162e,0,MediumTruck
26676,MediumTruck65837,N2_LRP162d,0,MediumTruck
26677,MediumTruck65837,N2_LRP162c,0,MediumTruck
26678,HeavyTruck65841,N1_LRP431d,0.09279490697469518,HeavyTruck
26679,HeavyTruck65843,N2_LRP258a,0,HeavyTruck
26680,MediumTruck65846,N1_LRP119a,0,MediumTruck
26681,MiniBus65854,N208_LRP031d,0,MiniBus
26682,MiniBus65855,N2_LRP199d,0,MiniBus
26683,SmallTruck65862,N1_LRP123a,0,SmallTruck
26684,SmallTruck65864,N105_LRP024c,0,SmallTruck
26685,SmallTruck65869,N2_LRP171d,0,SmallTruck
26686,SmallTruck65869,N2_LRP170j,0,SmallTruck
26687,SmallTruck65869,N2_LRP170i,0,SmallTruck
26688,SmallTruck65869,N2_LRP170h,0,SmallTruck
26689,SmallTruck65869,N2_LRP170g,0,SmallTruck
26690,SmallTruck65869,N2_LRP170f,0.00018184802308674887,SmallTruck
26691,MiniBus65871,N208_LRP031b,0,MiniBus
26692,LargeBus65873,N1_LRP437b,0,LargeBus
26693,LargeBus65873,N1_LRP437a,0,LargeBus
26694,LargeBus65875,N2_LRP264a,0,LargeBus
26695,MediumTruck65878,N1_LRP127a,0,MediumTruck
26696,MediumTruck65887,N2_LRP211b,0,MediumTruck
26697,MiniBus65890,N2_LRP018a,0,MiniBus
26698,HeavyTruck65893,N102_LRP065a,0,HeavyTruck
26699,MediumTruck65897,N105_LRP032c,0,MediumTruck
26700,MediumTruck65897,N105_LRP032b,0,MediumTruck
26701,SmallTruck65900,N2_LRP133a,0,SmallTruck
26702,MediumTruck65904,N1_LRP012a,0,MediumTruck
26703,MediumTruck65904,N1_LRP012b,0,MediumTruck
26704,SmallTruck65905,N1_LRP447b,0,SmallTruck
26705,SmallTruck65905,N1_LRP447a,0,SmallTruck
26706,SmallTruck65905,N1_LRP446d,0,SmallTruck
26707,SmallTruck65905,N1_LRP446b,0,SmallTruck
26708,LargeBus65910,N1_LRP134a,0,LargeBus
26709,LargeBus65921,N1_LRP450a,0,LargeBus
26710,MediumTruck65929,N105_LRP041c,0,MediumTruck
26711,MediumTruck65942,N1_LRP143a,0,MediumTruck
26712,MediumTruck65950,N208_LRP004c,0,MediumTruck
26713,SmallTruck65958,N104_LRPSa,0,SmallTruck
26714,MediumTruck65960,N1_LRP012a,0,MediumTruck
26715,MediumTruck65960,N1_LRP012b,0,MediumTruck
26716,SmallTruck65281,N1_LRP303a,0,SmallTruck
26717,MediumTruck65282,N2_LRP163c,0,MediumTruck
26718,MediumTruck65282,N2_LRP163d,0,MediumTruck
26719,MediumTruck65285,N2_LRP018a,0,MediumTruck
26720,MiniBus65295,N2_LRP054b,0,MiniBus
26721,MediumTruck65297,N1_LRP311a,0,MediumTruck
26722,MediumTruck65297,N1_LRP310b,0,MediumTruck
26723,MediumTruck65312,N2_LRP147a,0,MediumTruck
26724,MediumTruck65312,N2_LRP147b,0,MediumTruck
26725,LargeBus65313,N1_LRP303a,0,LargeBus
26726,MediumTruck65314,N2_LRP159b,0,MediumTruck
26727,MediumTruck65314,N2_LRP159c,0,MediumTruck
26728,MediumTruck65321,N2_LRP135a,0,MediumTruck
26729,MediumTruck65326,N2_LRP134c,0,MediumTruck
26730,MediumTruck65326,N2_LRP134b,0,MediumTruck
26731,LargeBus65328,N2_LRP156a,0,LargeBus
26732,LargeBus65328,N2_LRP157a,0,LargeBus
26733,SmallTruck65329,N1_LRP313b,0,SmallTruck
26734,MediumTruck65335,N1_LRP033b,0,MediumTruck
26735,MediumTruck65335,N1_LRP033a,0,MediumTruck
26736,MediumTruck65337,N2_LRP128b,0,MediumTruck
26737,MediumTruck65341,N2_LRP047c,0,MediumTruck
26738,MediumTruck65341,N2_LRP047a,0,MediumTruck
26739,MediumTruck65341,N2_LRP046c,0,MediumTruck
26740,SmallTruck65347,N2_LRP147a,0,SmallTruck
26741,MediumTruck65353,N2_LRP125d,0,MediumTruck
26742,MediumTruck65353,N2_LRP126a,0,MediumTruck
26743,MediumTruck65353,N2_LRP126b,0,MediumTruck
26744,SmallTruck65355,N2_LRP228b,0,SmallTruck
26745,MediumTruck65358,N2_LRP141b,0,MediumTruck
26746,LargeBus65363,N2_LRP138b,0,LargeBus
26747,LargeBus65363,N2_LRP138a,0,LargeBus
26748,MediumTruck65365,N1_LRP014a,0,MediumTruck
26749,SmallTruck65373,N2_LRP050a,0,SmallTruck
26750,MediumTruck65380,N2_LRP073b,0,MediumTruck
26751,MediumTruck65380,N2_LRP073c,0,MediumTruck
26752,LargeBus65394,N2_LRP141a,0,LargeBus
26753,LargeBus65394,N2_LRP141b,0,LargeBus
26754,LargeBus65395,N2_LRP146a,0,LargeBus
26755,MediumTruck65402,N1_LRP033b,0,MediumTruck
26756,MediumTruck65402,N1_LRP034a,0,MediumTruck
26757,MediumTruck65404,N2_LRP012f,0,MediumTruck
26758,MediumTruck65410,N2_LRP134b,0,MediumTruck
26759,MediumTruck65410,N2_LRP134c,0,MediumTruck
26760,LargeBus65411,N2_LRP152d,0,LargeBus
26761,LargeBus65411,N2_LRP152c,0,LargeBus
26762,LargeBus65411,N2_LRP152b,0,LargeBus
26763,LargeBus65411,N2_LRP152a,0,LargeBus
26764,LargeBus65422,N2_LRP147b,0,LargeBus
26765,LargeBus65422,N2_LRP147a,0,LargeBus
26766,SmallTruck65443,N2_LRP163d,0,SmallTruck
26767,SmallTruck65443,N2_LRP163c,0,SmallTruck
26768,SmallTruck65443,N2_LRP163b,0,SmallTruck
26769,SmallTruck65443,N2_LRP163a,0,SmallTruck
26770,MediumTruck65457,N1_LRP342c,0,MediumTruck
26771,MediumTruck65457,N1_LRP342a,6.456378919887783,MediumTruck
26772,HeavyTruck65460,N2_LRP055b,0,HeavyTruck
26773,HeavyTruck65460,N2_LRP056a,0,HeavyTruck
26774,MiniBus65470,N2_LRP158a,0,MiniBus
26775,MediumTruck65474,N2_LRP118b,0,MediumTruck
26776,MediumTruck65474,N2_LRP118e,0,MediumTruck
26777,SmallTruck65485,N2_LRP078a,0,SmallTruck
26778,MediumTruck65489,N1_LRP351a,0,MediumTruck
26779,MediumTruck65497,N2_LRP093a,0,MediumTruck
26780,MiniBus65502,N2_LRP165d,0,MiniBus
26781,MiniBus65502,N2_LRP165c,0,MiniBus
26782,LargeBus65505,N1_LRP348a,0,LargeBus
26783,LargeBus65505,N1_LRP347b,0,LargeBus
26784,LargeBus65507,N2_LRP169b,0,LargeBus
26785,LargeBus65507,N2_LRP168c,0,LargeBus
26786,SmallTruck65517,N2_LRP087a,0,SmallTruck
26787,SmallTruck65519,N2_LRP126a,0,SmallTruck
26788,SmallTruck65519,N2_LRP125d,0,SmallTruck
26789,SmallTruck65519,N2_LRP125c,0,SmallTruck
26790,SmallTruck65519,N2_LRP125b,0,SmallTruck
26791,MediumTruck65521,N1_LRP358b,0,MediumTruck
26792,MediumTruck65521,N1_LRP358a,0,MediumTruck
26793,MediumTruck65523,N2_LRP182b,0,MediumTruck
26794,MediumTruck65523,N2_LRP182a,0,MediumTruck
26795,LargeBus65525,N1_LRP122a,0,LargeBus
26796,MediumTruck65533,N2_LRP092b,0,MediumTruck
26797,MediumTruck65533,N2_LRP092a,0,MediumTruck
26798,MediumTruck65533,N2_LRP091b,0,MediumTruck
26799,MediumTruck65535,N2_LRP130a,0,MediumTruck
26800,MediumTruck65535,N2_LRP129c,0,MediumTruck
26801,MediumTruck65536,N2_LRP097a,0,MediumTruck
26802,MediumTruck65537,N1_LRP364d,0,MediumTruck
26803,MediumTruck65538,N2_LRP104a,0,MediumTruck
26804,LargeBus65542,N1_LRP030a,0,LargeBus
26805,MediumTruck65545,N2_LRP081a,0,MediumTruck
26806,MediumTruck65551,N2_LRP130c,0,MediumTruck
26807,MediumTruck65551,N2_LRP130b,0,MediumTruck
26808,SmallTruck65552,N2_LRP092a,0,SmallTruck
26809,SmallTruck65552,N2_LRP092b,0,SmallTruck
26810,SmallTruck65553,N1_LRP367a,0,SmallTruck
26811,MediumTruck65554,N1_LRP112a,0,MediumTruck
26812,MediumTruck65555,N2_LRP188a,0,MediumTruck
26813,LargeBus65556,N2_LRP042a,0,LargeBus
26814,SmallTruck65563,N2_LRP053a,0,SmallTruck
26815,MediumTruck65569,N1_LRP374e,0,MediumTruck
26816,LargeBus65570,N2_LRP104a,0,LargeBus
26817,SmallTruck65579,N2_LRP176b,0,SmallTruck
26818,SmallTruck65579,N2_LRP176c,0,SmallTruck
26819,SmallTruck65579,N2_LRP176d,0,SmallTruck
26820,SmallTruck65579,N2_LRP176e,0,SmallTruck
26821,LargeBus65581,N2_LRP092b,0,LargeBus
26822,LargeBus65581,N2_LRP092a,0,LargeBus
26823,MediumTruck65586,N2_LRP091b,0,MediumTruck
26824,MediumTruck65593,N2_LRP069c,0,MediumTruck
26825,MediumTruck65593,N2_LRP069e,0,MediumTruck
26826,MediumTruck65593,N2_LRP070a,0,MediumTruck
26827,MediumTruck65601,N1_LRP380c,0,MediumTruck
26828,MediumTruck65601,N1_LRP380a,0,MediumTruck
26829,SmallTruck65611,N2_LRP066a,0,SmallTruck
26830,LargeBus65617,N1_LRP380c,0,LargeBus
26831,LargeBus65617,N1_LRP380a,0,LargeBus
26832,MediumTruck65623,N1_LRP107a,0,MediumTruck
26833,MediumTruck65624,N2_LRP084a,0,MediumTruck
26834,MediumTruck65627,N2_LRP162e,0,MediumTruck
26835,MediumTruck65627,N2_LRP163a,0,MediumTruck
26836,MediumTruck65627,N2_LRP163b,0,MediumTruck
26837,SmallTruck65631,N2_LRP156a,0,SmallTruck
26838,LargeBus65632,N2_LRP079b,0.09286140172895385,LargeBus
26839,MediumTruck65633,N1_LRP387b,0,MediumTruck
26840,MediumTruck65633,N1_LRP387a,0,MediumTruck
26841,MediumTruck65633,N1_LRP386f,0,MediumTruck
26842,MediumTruck65633,N1_LRP386e,0,MediumTruck
26843,SmallTruck65634,N102_LRP009a,0,SmallTruck
26844,MiniBus65647,N2_LRP153b,0,MiniBus
26845,MiniBus65647,N2_LRP153a,0,MiniBus
26846,LargeBus65649,N1_LRP383a,0,LargeBus
26847,MediumTruck65656,N2_LRP074a,0,MediumTruck
26848,MediumTruck65658,N2_LRP043a,3.17679676825762,MediumTruck
26849,MediumTruck65666,N1_LRP083b,0,MediumTruck
26850,MiniBus65674,N2_LRP043a,4.176796768257621,MiniBus
26851,LargeBus65676,N2_LRP219a,0,LargeBus
26852,LargeBus65677,N2_LRP122b,0,LargeBus
26853,MediumTruck65682,N2_LRP069c,0,MediumTruck
26854,MediumTruck65682,N2_LRP069e,0,MediumTruck
26855,MediumTruck65682,N2_LRP070a,0,MediumTruck
26856,MediumTruck65686,N1_LRP077a,0,MediumTruck
26857,MediumTruck65692,N2_LRP081b,0,MediumTruck
26858,MediumTruck65692,N2_LRP081a,0,MediumTruck
26859,MiniBus65698,N2_LRP072a,0,MiniBus
26860,MediumTruck65699,N2_LRP224b,0,MediumTruck
26861,LargeBus65707,N2_LRP152d,0,LargeBus
26862,LargeBus65707,N2_LRP153a,0,LargeBus
26863,LargeBus65707,N2_LRP153b,0,LargeBus
26864,MiniBus65710,N2_LRP214b,0.1415688756101455,MiniBus
26865,LargeBus65714,N1_LRP077a,0,LargeBus
26866,MediumTruck65716,N102_LRP062b,0,MediumTruck
26867,MediumTruck65719,N1_LRP131b,0,MediumTruck
26868,MediumTruck65720,N2_LRP060c,0,MediumTruck
26869,MediumTruck65720,N2_LRP061a,0,MediumTruck
26870,SmallTruck65727,N2_LRP171f,1.0485566818242142,SmallTruck
26871,MediumTruck65729,N1_LRP410a,0,MediumTruck
26872,MediumTruck65730,N2_LRP057b,0,MediumTruck
26873,HeavyTruck65731,N2_LRP229c,0,HeavyTruck
26874,SmallTruck65732,N102_LRP058a,0,SmallTruck
26875,MediumTruck65736,N2_LRP057a,0,MediumTruck
26876,MiniBus65738,N2_LRP056a,0,MiniBus
26877,LargeBus65747,N2_LRP228b,0,LargeBus
26878,MediumTruck65749,N102_LRP028c,0,MediumTruck
26879,SmallTruck65759,N2_LRP179a,0,SmallTruck
26880,SmallTruck65759,N2_LRP178b,0,SmallTruck
26881,LargeBus65762,N2_LRP054b,0,LargeBus
26882,MediumTruck65773,N2_LRP151b,0,MediumTruck
26883,MediumTruck65778,N2_LRP045b,0,MediumTruck
26884,MediumTruck65779,N2_LRP241c,0,MediumTruck
26885,MediumTruck65781,N102_LRP036d,0,MediumTruck
26886,MediumTruck65781,N102_LRP036b,0,MediumTruck
26887,LargeBus65782,N1_LRP098a,0,LargeBus
26888,SmallTruck65786,N2_LRP161a,0,SmallTruck
26889,MiniBus65787,N2_LRP133a,0,MiniBus
26890,SmallTruck65789,N2_LRP155a,0,SmallTruck
26891,LargeBus65794,N2_LRP044c,0,LargeBus
26892,SmallTruck65800,N105_LRP042b,0,SmallTruck
26893,MediumTruck65804,N2_LRP184c,0,MediumTruck
26894,SmallTruck65805,N2_LRP157b,0,SmallTruck
26895,SmallTruck65805,N2_LRP157a,0,SmallTruck
26896,SmallTruck65809,N1_LRP425a,0,SmallTruck
26897,SmallTruck65809,N1_LRP424e,0,SmallTruck
26898,MediumTruck65810,N2_LRP038c,0,MediumTruck
26899,MediumTruck65812,N1_LRP120b,0,MediumTruck
26900,MediumTruck65823,N2_LRP264a,0,MediumTruck
26901,LargeBus65825,N1_LRP424e,0,LargeBus
26902,LargeBus65825,N1_LRP424c,0,LargeBus
26903,LargeBus65825,N1_LRP424b,0,LargeBus
26904,LargeBus65825,N1_LRP424a,0.0682962171545536,LargeBus
26905,HeavyTruck65828,N102_LRP033c,0,HeavyTruck
26906,MediumTruck65837,N2_LRP162a,1.1729867887609995,MediumTruck
26907,SmallTruck65838,N208_LRP034c,0,SmallTruck
26908,SmallTruck65838,N208_LRP034d,0,SmallTruck
26909,LargeBus65840,N1_LRP033a,0,LargeBus
26910,MediumTruck65846,N1_LRP118d,0,MediumTruck
26911,MediumTruck65859,N2_LRP262a,0,MediumTruck
26912,MediumTruck65859,N2_LRP261b,0,MediumTruck
26913,SmallTruck65862,N1_LRP122a,0,SmallTruck
26914,MediumTruck65865,N105_LRP023c,0,MediumTruck
26915,SmallTruck65869,N2_LRP170e,0,SmallTruck
26916,SmallTruck65869,N2_LRP170c,0,SmallTruck
26917,LargeBus65873,N1_LRP436a,0,LargeBus
26918,LargeBus65873,N1_LRP435c,0,LargeBus
26919,MediumTruck65880,N2_LRP021a,0,MediumTruck
26920,MediumTruck65881,N105_LRP027c,0,MediumTruck
26921,MiniBus65889,N1_LRP440a,0,MiniBus
26922,MiniBus65892,N102_LRP019a,0,MiniBus
26923,MiniBus65892,N102_LRP019b,0,MiniBus
26924,SmallTruck65898,N204_LRP020b,0,SmallTruck
26925,SmallTruck65899,N204_LRP020b,0,SmallTruck
26926,SmallTruck65900,N2_LRP132c,0,SmallTruck
26927,MediumTruck65904,N1_LRP014a,0,MediumTruck
26928,LargeBus65921,N1_LRP449d,0,LargeBus
26929,LargeBus65921,N1_LRP449c,0,LargeBus
26930,SmallTruck65924,N102_LRP009a,0,SmallTruck
26931,LargeBus65926,N104_LRP010a,0,LargeBus
26932,MediumTruck65929,N105_LRP040c,0,MediumTruck
26933,MediumTruck65936,N1_LRP004b,0,MediumTruck
26934,SmallTruck65943,N104_LRP044d,0,SmallTruck
26935,MediumTruck65948,N2_LRP141b,0,MediumTruck
26936,MediumTruck65948,N2_LRP141a,0,MediumTruck
26937,SmallTruck65957,N102_LRP082a,0,SmallTruck
26938,LargeBus65964,N2_LRP146a,0,LargeBus
26939,SmallTruck65281,N1_LRP302e,0,SmallTruck
26940,MediumTruck65282,N2_LRP164a,0,MediumTruck
26941,MediumTruck65282,N2_LRP164b,0,MediumTruck
26942,MediumTruck65282,N2_LRP164d,0,MediumTruck
26943,MiniBus65295,N2_LRP054a,0,MiniBus
26944,MiniBus65295,N2_LRP053a,0,MiniBus
26945,MediumTruck65297,N1_LRP310a,0,MediumTruck
26946,LargeBus65298,N2_LRP172c,0,LargeBus
26947,LargeBus65298,N2_LRP172d,0,LargeBus
26948,MiniBus65311,N2_LRP057b,0,MiniBus
26949,MiniBus65311,N2_LRP057a,0,MiniBus
26950,MediumTruck65312,N2_LRP147d,0,MediumTruck
26951,MediumTruck65312,N2_LRP148b,0,MediumTruck
26952,MediumTruck65314,N2_LRP159d,0,MediumTruck
26953,MediumTruck65314,N2_LRP160a,0,MediumTruck
26954,SmallTruck65316,N2_LRP086a,0,SmallTruck
26955,MediumTruck65321,N2_LRP135b,0,MediumTruck
26956,MediumTruck65325,N2_LRP042a,0,MediumTruck
26957,MediumTruck65326,N2_LRP133a,0,MediumTruck
26958,LargeBus65328,N2_LRP157b,0,LargeBus
26959,MediumTruck65337,N2_LRP129a,0,MediumTruck
26960,MediumTruck65337,N2_LRP129b,0,MediumTruck
26961,MediumTruck65337,N2_LRP129c,0,MediumTruck
26962,MediumTruck65342,N2_LRP139b,0,MediumTruck
26963,MediumTruck65342,N2_LRP139a,0,MediumTruck
26964,MediumTruck65345,N1_LRP316a,0,MediumTruck
26965,SmallTruck65347,N2_LRP146a,0,SmallTruck
26966,MediumTruck65351,N1_LRP036c,0,MediumTruck
26967,MediumTruck65353,N2_LRP126c,0,MediumTruck
26968,MediumTruck65353,N2_LRP126d,0,MediumTruck
26969,MediumTruck65353,N2_LRP127b,0,MediumTruck
26970,MediumTruck65356,N1_LRP012a,0,MediumTruck
26971,MediumTruck65356,N1_LRP012b,0,MediumTruck
26972,MediumTruck65358,N2_LRP141a,0,MediumTruck
26973,MediumTruck65358,N2_LRP140c,3.3358190908576635,MediumTruck
26974,MediumTruck65365,N1_LRP012b,0,MediumTruck
26975,MediumTruck65365,N1_LRP012a,0,MediumTruck
26976,MediumTruck65380,N2_LRP073g,0,MediumTruck
26977,MediumTruck65382,N2_LRP012c,0,MediumTruck
26978,MediumTruck65392,N1_LRP145a,0,MediumTruck
26979,MiniBus65393,N1_LRP323b,0,MiniBus
26980,MediumTruck65404,N2_LRP012c,0,MediumTruck
26981,MiniBus65405,N2_LRP045b,0,MiniBus
26982,MediumTruck65410,N2_LRP135a,0,MediumTruck
26983,LargeBus65411,N2_LRP151b,0,LargeBus
26984,SmallTruck65416,N2_LRP132a,0,SmallTruck
26985,SmallTruck65416,N2_LRP132b,0,SmallTruck
26986,SmallTruck65416,N2_LRP132c,0,SmallTruck
26987,MediumTruck65421,N2_LRP064b,0,MediumTruck
26988,MediumTruck65421,N2_LRP064a,0,MediumTruck
26989,LargeBus65422,N2_LRP146a,0,LargeBus
26990,MediumTruck65425,N1_LRP333a,0,MediumTruck
26991,MediumTruck65426,N1_LRP145a,0,MediumTruck
26992,SmallTruck65427,N2_LRP161c,0,SmallTruck
26993,SmallTruck65427,N2_LRP161b,0,SmallTruck
26994,SmallTruck65430,N1_LRP268a,0,SmallTruck
26995,SmallTruck65430,N1_LRP268b,0,SmallTruck
26996,MiniBus65442,N2_LRP138a,0,MiniBus
26997,SmallTruck65443,N2_LRP162e,0,SmallTruck
26998,SmallTruck65443,N2_LRP162d,0,SmallTruck
26999,SmallTruck65443,N2_LRP162c,0,SmallTruck
27000,HeavyTruck65460,N2_LRP057a,0,HeavyTruck
27001,MediumTruck65462,N1_LRP020a,0,MediumTruck
27002,MiniBus65470,N2_LRP157b,0,MiniBus
27003,MediumTruck65474,N2_LRP118g,0,MediumTruck
27004,SmallTruck65475,N2_LRP171e,0,SmallTruck
27005,SmallTruck65485,N2_LRP076b,0,SmallTruck
27006,MediumTruck65489,N1_LRP350a,0,MediumTruck
27007,SmallTruck65490,N2_LRP117a,0.19621539223025458,SmallTruck
27008,MiniBus65500,N2_LRP021b,0,MiniBus
27009,MiniBus65502,N2_LRP164d,0,MiniBus
27010,MiniBus65502,N2_LRP164b,0,MiniBus
27011,MiniBus65502,N2_LRP164a,0,MiniBus
27012,LargeBus65505,N1_LRP347a,0,LargeBus
27013,LargeBus65507,N2_LRP168a,0,LargeBus
27014,LargeBus65507,N2_LRP167c,0,LargeBus
27015,SmallTruck65511,N1_LRP077a,0,SmallTruck
27016,SmallTruck65517,N2_LRP086a,0,SmallTruck
27017,SmallTruck65519,N2_LRP125a,0,SmallTruck
27018,SmallTruck65519,N2_LRP124c,0,SmallTruck
27019,MediumTruck65521,N1_LRP357f,0,MediumTruck
27020,MediumTruck65521,N1_LRP357d,0,MediumTruck
27021,SmallTruck65522,N2_LRP108a,0,SmallTruck
27022,MediumTruck65523,N2_LRP181c,0,MediumTruck
27023,LargeBus65525,N1_LRP123a,0,LargeBus
27024,MediumTruck65535,N2_LRP129b,0,MediumTruck
27025,MediumTruck65535,N2_LRP129a,0,MediumTruck
27026,MediumTruck65535,N2_LRP128b,0,MediumTruck
27027,MediumTruck65536,N2_LRP098b,0.1773387566655174,MediumTruck
27028,MediumTruck65537,N1_LRP364c,0,MediumTruck
27029,MediumTruck65537,N1_LRP364a,0,MediumTruck
27030,SmallTruck65539,N2_LRP184c,0,SmallTruck
27031,MediumTruck65545,N2_LRP081b,0,MediumTruck
27032,MediumTruck65551,N2_LRP130a,0,MediumTruck
27033,MediumTruck65551,N2_LRP129c,0,MediumTruck
27034,SmallTruck65552,N2_LRP093a,0,SmallTruck
27035,MediumTruck65555,N2_LRP187b,0,MediumTruck
27036,LargeBus65556,N2_LRP043a,5.176796768257621,LargeBus
27037,SmallTruck65563,N2_LRP052a,0,SmallTruck
27038,MediumTruck65569,N1_LRP374c,0,MediumTruck
27039,MediumTruck65569,N1_LRP374a,0,MediumTruck
27040,MediumTruck65569,N1_LRP373b,0,MediumTruck
27041,MediumTruck65578,N2_LRP021b,0,MediumTruck
27042,SmallTruck65579,N2_LRP177a,0,SmallTruck
27043,LargeBus65581,N2_LRP091b,0,LargeBus
27044,MiniBus65585,N1_LRP364d,0,MiniBus
27045,MediumTruck65586,N2_LRP092a,0,MediumTruck
27046,MediumTruck65586,N2_LRP092b,0,MediumTruck
27047,MediumTruck65593,N2_LRP070c,0,MediumTruck
27048,MediumTruck65616,N2_LRP078a,0,MediumTruck
27049,MediumTruck65627,N2_LRP163c,0,MediumTruck
27050,MediumTruck65627,N2_LRP163d,0,MediumTruck
27051,LargeBus65632,N2_LRP079d,0,LargeBus
27052,MediumTruck65633,N1_LRP386c,0,MediumTruck
27053,MediumTruck65633,N1_LRP386a,0,MediumTruck
27054,MediumTruck65633,N1_LRP385g,0,MediumTruck
27055,MediumTruck65635,N2_LRP207b,0,MediumTruck
27056,LargeBus65636,N2_LRP021a,0,LargeBus
27057,MediumTruck65638,N1_LRP064c,0,MediumTruck
27058,MiniBus65647,N2_LRP152d,0,MiniBus
27059,MiniBus65647,N2_LRP152c,0,MiniBus
27060,MiniBus65647,N2_LRP152b,0,MiniBus
27061,MiniBus65647,N2_LRP152a,0,MiniBus
27062,LargeBus65649,N1_LRP382b,0,LargeBus
27063,LargeBus65649,N1_LRP382a,0,LargeBus
27064,LargeBus65649,N1_LRP381c,0,LargeBus
27065,MediumTruck65656,N2_LRP076a,0,MediumTruck
27066,SmallTruck65667,N2_LRP214b,0.22689236049171227,SmallTruck
27067,LargeBus65677,N2_LRP121c,0,LargeBus
27068,MediumTruck65682,N2_LRP070c,0,MediumTruck
27069,MediumTruck65692,N2_LRP079d,0,MediumTruck
27070,MediumTruck65692,N2_LRP079b,0.17573635868229118,MediumTruck
27071,SmallTruck65697,N1_LRP400a,0,SmallTruck
27072,SmallTruck65701,N102_LRP015a,0,SmallTruck
27073,LargeBus65707,N2_LRP154c,0,LargeBus
27074,SmallTruck65709,N2_LRP135b,0,SmallTruck
27075,MediumTruck65713,N1_LRP408a,0,MediumTruck
27076,LargeBus65715,N2_LRP219a,0,LargeBus
27077,MediumTruck65716,N102_LRP062c,0,MediumTruck
27078,HeavyTruck65717,N102_LRP019b,0,HeavyTruck
27079,HeavyTruck65717,N102_LRP019a,0,HeavyTruck
27080,HeavyTruck65731,N2_LRP229a,0.3533390779027804,HeavyTruck
27081,MediumTruck65736,N2_LRP057b,0,MediumTruck
27082,MiniBus65738,N2_LRP055b,0,MiniBus
27083,SmallTruck65741,N207_LRP008c,0,SmallTruck
27084,MediumTruck65748,N102_LRP055c,0,MediumTruck
27085,SmallTruck65754,N2_LRP067c,0,SmallTruck
27086,MediumTruck65758,N208_LRP055a,0,MediumTruck
27087,SmallTruck65759,N2_LRP178a,0,SmallTruck
27088,MediumTruck65760,N1_LRP051a,0,MediumTruck
27089,MediumTruck65761,N1_LRP414a,0,MediumTruck
27090,LargeBus65762,N2_LRP055b,0,LargeBus
27091,LargeBus65763,N2_LRP231d,0,LargeBus
27092,LargeBus65763,N2_LRP231c,0,LargeBus
27093,MediumTruck65773,N2_LRP151a,0,MediumTruck
27094,MiniBus65774,N208_LRP055a,0,MiniBus
27095,MediumTruck65777,N1_LRP418b,0,MediumTruck
27096,SmallTruck65786,N2_LRP161b,0,SmallTruck
27097,SmallTruck65786,N2_LRP161c,0,SmallTruck
27098,SmallTruck65786,N2_LRP162a,2.1729867887609995,SmallTruck
27099,MiniBus65787,N2_LRP134b,0,MiniBus
27100,SmallTruck65789,N2_LRP154c,0,SmallTruck
27101,MediumTruck65791,N2_LRP274e,0,MediumTruck
27102,LargeBus65793,N1_LRP418b,0,LargeBus
27103,LargeBus65794,N2_LRP045b,0,LargeBus
27104,MediumTruck65801,N105_LRP006a,0,MediumTruck
27105,MediumTruck65801,N105_LRP005c,0,MediumTruck
27106,SmallTruck65805,N2_LRP156a,0,SmallTruck
27107,SmallTruck65807,N2_LRP188a,0,SmallTruck
27108,SmallTruck65809,N1_LRP424c,0,SmallTruck
27109,SmallTruck65809,N1_LRP424b,0,SmallTruck
27110,SmallTruck65809,N1_LRP424a,0.8096670181428708,SmallTruck
27111,MediumTruck65810,N2_LRP039a,0,MediumTruck
27112,MediumTruck65816,N105_LRP039b,0,MediumTruck
27113,LargeBus65824,N2_LRP029b,0,LargeBus
27114,LargeBus65826,N2_LRP038c,0,LargeBus
27115,LargeBus65826,N2_LRP039a,0,LargeBus
27116,HeavyTruck65828,N102_LRP034b,0,HeavyTruck
27117,LargeBus65840,N1_LRP033b,0,LargeBus
27118,LargeBus65840,N1_LRP034a,0,LargeBus
27119,HeavyTruck65841,N1_LRP431b,0,HeavyTruck
27120,HeavyTruck65841,N1_LRP431a,0,HeavyTruck
27121,HeavyTruck65841,N1_LRP430c,0,HeavyTruck
27122,MediumTruck65848,N105_LRP030c,0,MediumTruck
27123,MiniBus65852,N2_LRP175c,0,MiniBus
27124,MediumTruck65857,N1_LRP433c,0,MediumTruck
27125,MediumTruck65857,N1_LRP433b,0.15342566690996906,MediumTruck
27126,MediumTruck65859,N2_LRP261a,0,MediumTruck
27127,MediumTruck65865,N105_LRP022c,0,MediumTruck
27128,SmallTruck65869,N2_LRP170b,0,SmallTruck
27129,SmallTruck65869,N2_LRP170a,0,SmallTruck
27130,SmallTruck65869,N2_LRP169f,0,SmallTruck
27131,SmallTruck65869,N2_LRP169e,0,SmallTruck
27132,SmallTruck65869,N2_LRP169d,0,SmallTruck
27133,SmallTruck65869,N2_LRP169c,0,SmallTruck
27134,SmallTruck65870,N208_LRP027b,0,SmallTruck
27135,SmallTruck65870,N208_LRP027d,0,SmallTruck
27136,MiniBus65871,N208_LRP029c,0,MiniBus
27137,MediumTruck65872,N1_LRP023a,0,MediumTruck
27138,MediumTruck65880,N2_LRP021b,0,MediumTruck
27139,MiniBus65889,N1_LRP439a,0,MiniBus
27140,MiniBus65890,N2_LRP021a,0,MiniBus
27141,SmallTruck65896,N1_LRP030a,0,SmallTruck
27142,MediumTruck65897,N105_LRP030c,0,MediumTruck
27143,SmallTruck65900,N2_LRP132b,0,SmallTruck
27144,SmallTruck65900,N2_LRP132a,0,SmallTruck
27145,SmallTruck65905,N1_LRP445d,0,SmallTruck
27146,SmallTruck65905,N1_LRP445b,0,SmallTruck
27147,MiniBus65906,N2_LRP016a,0,MiniBus
27148,SmallTruck65913,N105_LRP035d,0,SmallTruck
27149,LargeBus65921,N1_LRP448a,0,LargeBus
27150,MediumTruck65929,N105_LRP039b,0,MediumTruck
27151,LargeBus65932,N2_LRP140a,3.1052667729685517,LargeBus
27152,MediumTruck65937,N1_LRP452e,0,MediumTruck
27153,MediumTruck65937,N1_LRP452d,0,MediumTruck
27154,MediumTruck65942,N1_LRP142a,0,MediumTruck
27155,MediumTruck65944,N105_LRP005c,0,MediumTruck
27156,MediumTruck65944,N105_LRP006a,0,MediumTruck
27157,MediumTruck65948,N2_LRP140c,4.3358190908576635,MediumTruck
27158,LargeBus65952,N1_LRP001a,0,LargeBus
27159,MediumTruck65953,N1_LRP456c,0,MediumTruck
27160,MediumTruck65955,N2_LRP285c,0,MediumTruck
27161,MediumTruck65960,N1_LRP014a,0,MediumTruck
27162,MediumTruck65965,N207_LRP066b,0,MediumTruck
27163,SmallTruck65281,N1_LRP302c,0,SmallTruck
27164,SmallTruck65281,N1_LRP302a,0,SmallTruck
27165,MediumTruck65282,N2_LRP165c,0,MediumTruck
27166,MediumTruck65282,N2_LRP165d,0,MediumTruck
27167,MediumTruck65289,N102_LRP055c,0,MediumTruck
27168,MiniBus65295,N2_LRP052a,0,MiniBus
27169,LargeBus65296,N1_LRP183b,0,LargeBus
27170,LargeBus65296,N1_LRP184a,0,LargeBus
27171,MediumTruck65297,N1_LRP309b,0,MediumTruck
27172,SmallTruck65301,N2_LRP016a,0,SmallTruck
27173,SmallTruck65303,N1_LRP023a,0,SmallTruck
27174,MiniBus65311,N2_LRP056a,0,MiniBus
27175,LargeBus65313,N1_LRP302e,0,LargeBus
27176,LargeBus65313,N1_LRP302c,0,LargeBus
27177,LargeBus65313,N1_LRP302a,0,LargeBus
27178,MediumTruck65314,N2_LRP161a,0,MediumTruck
27179,SmallTruck65316,N2_LRP087a,0,SmallTruck
27180,MediumTruck65325,N2_LRP041b,0,MediumTruck
27181,MediumTruck65326,N2_LRP132c,0,MediumTruck
27182,LargeBus65328,N2_LRP158a,0,LargeBus
27183,SmallTruck65329,N1_LRP311b,0,SmallTruck
27184,MediumTruck65334,N2_LRP024b,0,MediumTruck
27185,MediumTruck65336,N2_LRP151a,0,MediumTruck
27186,MediumTruck65337,N2_LRP130a,0,MediumTruck
27187,MediumTruck65337,N2_LRP130b,0,MediumTruck
27188,MediumTruck65337,N2_LRP130c,0,MediumTruck
27189,MediumTruck65341,N2_LRP045b,0,MediumTruck
27190,MediumTruck65342,N2_LRP138b,0,MediumTruck
27191,MediumTruck65351,N1_LRP035a,0,MediumTruck
27192,MediumTruck65353,N2_LRP127c,0,MediumTruck
27193,MediumTruck65353,N2_LRP128a,0,MediumTruck
27194,MiniBus65361,N1_LRP311b,0,MiniBus
27195,MiniBus65361,N1_LRP311a,0,MiniBus
27196,SmallTruck65372,N1_LRP012a,0,SmallTruck
27197,SmallTruck65372,N1_LRP012b,0,SmallTruck
27198,SmallTruck65373,N2_LRP048b,0,SmallTruck
27199,MediumTruck65380,N2_LRP074a,0,MediumTruck
27200,MediumTruck65382,N2_LRP012f,0,MediumTruck
27201,MediumTruck65403,N2_LRP012f,0,MediumTruck
27202,MiniBus65405,N2_LRP044c,0,MiniBus
27203,MiniBus65405,N2_LRP044a,0,MiniBus
27204,MediumTruck65410,N2_LRP135b,0,MediumTruck
27205,LargeBus65411,N2_LRP151a,0,LargeBus
27206,SmallTruck65416,N2_LRP133a,0,SmallTruck
27207,MediumTruck65425,N1_LRP332c,0,MediumTruck
27208,SmallTruck65427,N2_LRP161a,0,SmallTruck
27209,MediumTruck65429,N1_LRP027a,0,MediumTruck
27210,MediumTruck65429,N1_LRP026b,0,MediumTruck
27211,MediumTruck65436,N2_LRP016a,0,MediumTruck
27212,MediumTruck65440,N1_LRP134a,0,MediumTruck
27213,MiniBus65442,N2_LRP138b,0,MiniBus
27214,MiniBus65442,N2_LRP139a,0,MiniBus
27215,SmallTruck65443,N2_LRP162a,3.1729867887609995,SmallTruck
27216,HeavyTruck65460,N2_LRP057b,0,HeavyTruck
27217,MiniBus65470,N2_LRP157a,0,MiniBus
27218,MiniBus65470,N2_LRP156a,0,MiniBus
27219,MediumTruck65474,N2_LRP119c,0,MediumTruck
27220,MediumTruck65474,N2_LRP120a,0,MediumTruck
27221,SmallTruck65475,N2_LRP171d,0,SmallTruck
27222,SmallTruck65475,N2_LRP170j,0,SmallTruck
27223,SmallTruck65475,N2_LRP170i,0,SmallTruck
27224,SmallTruck65475,N2_LRP170h,0,SmallTruck
27225,SmallTruck65475,N2_LRP170g,0,SmallTruck
27226,SmallTruck65475,N2_LRP170f,0.04012091077047713,SmallTruck
27227,SmallTruck65485,N2_LRP076a,0,SmallTruck
27228,SmallTruck65490,N2_LRP117b,0,SmallTruck
27229,HeavyTruck65491,N2_LRP172d,0,HeavyTruck
27230,HeavyTruck65491,N2_LRP172c,0,HeavyTruck
27231,MiniBus65500,N2_LRP021a,0,MiniBus
27232,MiniBus65502,N2_LRP163d,0,MiniBus
27233,MiniBus65502,N2_LRP163c,0,MiniBus
27234,MiniBus65502,N2_LRP163b,0,MiniBus
27235,LargeBus65507,N2_LRP167b,0,LargeBus
27236,LargeBus65507,N2_LRP166e,0,LargeBus
27237,LargeBus65509,N1_LRP036c,0,LargeBus
27238,SmallTruck65510,N1_LRP030a,0,SmallTruck
27239,SmallTruck65519,N2_LRP123e,0,SmallTruck
27240,SmallTruck65519,N2_LRP123d,0,SmallTruck
27241,MediumTruck65521,N1_LRP357c,0,MediumTruck
27242,MediumTruck65521,N1_LRP357a,0,MediumTruck
27243,MediumTruck65523,N2_LRP180c,0,MediumTruck
27244,MediumTruck65533,N2_LRP090a,0,MediumTruck
27245,MediumTruck65535,N2_LRP128a,0,MediumTruck
27246,MediumTruck65535,N2_LRP127c,0,MediumTruck
27247,MediumTruck65537,N1_LRP363b,0,MediumTruck
27248,MediumTruck65538,N2_LRP106a,0,MediumTruck
27249,SmallTruck65539,N2_LRP183d,0.01220846752290457,SmallTruck
27250,MediumTruck65551,N2_LRP129b,0,MediumTruck
27251,MediumTruck65551,N2_LRP129a,0,MediumTruck
27252,MediumTruck65551,N2_LRP128b,0,MediumTruck
27253,MediumTruck65555,N2_LRP186d,0,MediumTruck
27254,MediumTruck65569,N1_LRP373a,0,MediumTruck
27255,LargeBus65570,N2_LRP106a,0,LargeBus
27256,LargeBus65575,N1_LRP083b,0,LargeBus
27257,LargeBus65575,N1_LRP083a,0,LargeBus
27258,SmallTruck65577,N1_LRP064c,0,SmallTruck
27259,MediumTruck65578,N2_LRP021a,0,MediumTruck
27260,SmallTruck65579,N2_LRP178a,0,SmallTruck
27261,LargeBus65581,N2_LRP090a,0,LargeBus
27262,MiniBus65585,N1_LRP364c,0,MiniBus
27263,MiniBus65585,N1_LRP364a,0,MiniBus
27264,MiniBus65585,N1_LRP363b,0,MiniBus
27265,MediumTruck65586,N2_LRP093a,0,MediumTruck
27266,MediumTruck65590,N1_LRP051a,0,MediumTruck
27267,SmallTruck65592,N2_LRP090a,0,SmallTruck
27268,MediumTruck65602,N2_LRP086a,0,MediumTruck
27269,SmallTruck65611,N2_LRP064b,0,SmallTruck
27270,MediumTruck65612,N2_LRP228b,0,MediumTruck
27271,MediumTruck65616,N2_LRP079a,0,MediumTruck
27272,LargeBus65618,N2_LRP090a,0,LargeBus
27273,MediumTruck65623,N1_LRP105a,0,MediumTruck
27274,MediumTruck65627,N2_LRP164a,0,MediumTruck
27275,MediumTruck65627,N2_LRP164b,0,MediumTruck
27276,MediumTruck65627,N2_LRP164d,0,MediumTruck
27277,MediumTruck65630,N2_LRP200c,0,MediumTruck
27278,SmallTruck65631,N2_LRP155a,0,SmallTruck
27279,LargeBus65632,N2_LRP081a,0,LargeBus
27280,LargeBus65632,N2_LRP081b,0,LargeBus
27281,LargeBus65636,N2_LRP021b,0,LargeBus
27282,MiniBus65647,N2_LRP151b,0,MiniBus
27283,LargeBus65649,N1_LRP381b,0,LargeBus
27284,LargeBus65650,N2_LRP084a,0,LargeBus
27285,SmallTruck65653,N102_LRP002c,0,SmallTruck
27286,SmallTruck65653,N102_LRP002b,0,SmallTruck
27287,SmallTruck65653,N102_LRP002a,0,SmallTruck
27288,SmallTruck65654,N102_LRP015a,0,SmallTruck
27289,MediumTruck65656,N2_LRP076b,0,MediumTruck
27290,MediumTruck65665,N1_LRP391a,0,MediumTruck
27291,LargeBus65676,N2_LRP221b,0,LargeBus
27292,LargeBus65677,N2_LRP121a,0,LargeBus
27293,LargeBus65681,N1_LRP391a,0,LargeBus
27294,MediumTruck65692,N2_LRP079a,0,MediumTruck
27295,MediumTruck65696,N1_LRP068a,0,MediumTruck
27296,SmallTruck65697,N1_LRP398d,0.0025569993327698697,SmallTruck
27297,MiniBus65698,N2_LRP073b,0,MiniBus
27298,MiniBus65698,N2_LRP073c,0,MiniBus
27299,LargeBus65707,N2_LRP155a,0,LargeBus
27300,MediumTruck65708,N2_LRP084a,0,MediumTruck
27301,SmallTruck65709,N2_LRP135a,0,SmallTruck
27302,SmallTruck65712,N1_LRP064c,0,SmallTruck
27303,MiniBus65721,N2_LRP043d,0,MiniBus
27304,MiniBus65721,N2_LRP044a,0,MiniBus
27305,SmallTruck65725,N2_LRP139b,0,SmallTruck
27306,SmallTruck65725,N2_LRP139a,0,SmallTruck
27307,SmallTruck65727,N2_LRP171e,0,SmallTruck
27308,MediumTruck65729,N1_LRP408a,0,MediumTruck
27309,MediumTruck65730,N2_LRP058c,0,MediumTruck
27310,MediumTruck65730,N2_LRP059a,0,MediumTruck
27311,HeavyTruck65731,N2_LRP228b,0,HeavyTruck
27312,HeavyTruck65733,N102_LRP022a,0,HeavyTruck
27313,MiniBus65738,N2_LRP054b,0,MiniBus
27314,LargeBus65745,N1_LRP408a,0,LargeBus
27315,LargeBus65747,N2_LRP226d,0,LargeBus
27316,LargeBus65747,N2_LRP226c,0,LargeBus
27317,SmallTruck65755,N2_LRP138a,0,SmallTruck
27318,SmallTruck65755,N2_LRP138b,0,SmallTruck
27319,SmallTruck65759,N2_LRP177a,0,SmallTruck
27320,LargeBus65762,N2_LRP056a,0,LargeBus
27321,LargeBus65763,N2_LRP230e,0,LargeBus
27322,MediumTruck65764,N1_LRP030a,0,MediumTruck
27323,MediumTruck65777,N1_LRP417d,0.06109913780725443,MediumTruck
27324,MediumTruck65778,N2_LRP046c,0,MediumTruck
27325,MediumTruck65778,N2_LRP047a,0,MediumTruck
27326,MediumTruck65778,N2_LRP047c,0,MediumTruck
27327,MediumTruck65779,N2_LRP240a,0,MediumTruck
27328,MiniBus65787,N2_LRP134c,0,MiniBus
27329,MiniBus65787,N2_LRP135a,0,MiniBus
27330,SmallTruck65789,N2_LRP153b,0,SmallTruck
27331,SmallTruck65789,N2_LRP153a,0,SmallTruck
27332,MediumTruck65791,N2_LRP276a,0,MediumTruck
27333,SmallTruck65792,N2_LRP035b,0,SmallTruck
27334,LargeBus65793,N1_LRP417d,0.42544007904544,LargeBus
27335,LargeBus65794,N2_LRP046c,0,LargeBus
27336,MediumTruck65795,N2_LRP243b,0,MediumTruck
27337,MediumTruck65797,N102_LRP038d,0,MediumTruck
27338,MediumTruck65804,N2_LRP186b,0.31322152252726504,MediumTruck
27339,SmallTruck65807,N2_LRP187b,0,SmallTruck
27340,MediumTruck65810,N2_LRP039c,0,MediumTruck
27341,MediumTruck65810,N2_LRP040a,0,MediumTruck
27342,LargeBus65811,N2_LRP243b,0,LargeBus
27343,MediumTruck65812,N1_LRP122a,0,MediumTruck
27344,MediumTruck65816,N105_LRP040c,0,MediumTruck
27345,LargeBus65825,N1_LRP423d,0,LargeBus
27346,LargeBus65825,N1_LRP423c,0,LargeBus
27347,LargeBus65825,N1_LRP423b,0.010559484765395392,LargeBus
27348,LargeBus65826,N2_LRP039c,0,LargeBus
27349,SmallTruck65830,N1_LRP112a,0,SmallTruck
27350,MediumTruck65837,N2_LRP161c,0,MediumTruck
27351,MediumTruck65837,N2_LRP161b,0,MediumTruck
27352,HeavyTruck65841,N1_LRP430b,0,HeavyTruck
27353,HeavyTruck65841,N1_LRP430a,0,HeavyTruck
27354,HeavyTruck65841,N1_LRP429f,0,HeavyTruck
27355,MediumTruck65844,N1_LRP051a,0,MediumTruck
27356,SmallTruck65849,N105_LRP017c,0,SmallTruck
27357,SmallTruck65851,N204_LRP003b,0,SmallTruck
27358,MiniBus65852,N2_LRP175d,0,MiniBus
27359,MiniBus65852,N2_LRP175e,0,MiniBus
27360,MiniBus65852,N2_LRP175f,0,MiniBus
27361,MiniBus65852,N2_LRP176b,0,MiniBus
27362,MiniBus65852,N2_LRP176c,0,MiniBus
27363,MiniBus65854,N208_LRP034c,0,MiniBus
27364,MiniBus65854,N208_LRP034d,0,MiniBus
27365,MediumTruck65857,N1_LRP432b,0,MediumTruck
27366,SmallTruck65861,N102_LRP055c,0,SmallTruck
27367,SmallTruck65862,N1_LRP120b,0,SmallTruck
27368,SmallTruck65864,N105_LRP027c,0,SmallTruck
27369,MediumTruck65865,N105_LRP021d,0,MediumTruck
27370,SmallTruck65869,N2_LRP169b,0,SmallTruck
27371,SmallTruck65870,N208_LRP027f,0,SmallTruck
27372,MiniBus65871,N208_LRP028d,0,MiniBus
27373,MiniBus65871,N208_LRP027f,0,MiniBus
27374,LargeBus65875,N2_LRP262a,0,LargeBus
27375,LargeBus65875,N2_LRP261b,0,LargeBus
27376,MiniBus65889,N1_LRP438c,0,MiniBus
27377,MiniBus65889,N1_LRP438b,0,MiniBus
27378,MiniBus65890,N2_LRP021b,0,MiniBus
27379,MiniBus65894,N1_LRP127a,0,MiniBus
27380,SmallTruck65905,N1_LRP444e,0,SmallTruck
27381,SmallTruck65905,N1_LRP444d,0,SmallTruck
27382,SmallTruck65905,N1_LRP444c,0,SmallTruck
27383,SmallTruck65905,N1_LRP444b,0,SmallTruck
27384,SmallTruck65905,N1_LRP444a,0,SmallTruck
27385,MediumTruck65908,N102_LRP015a,0,MediumTruck
27386,LargeBus65910,N1_LRP131b,0,LargeBus
27387,SmallTruck65917,N2_LRP206b,0,SmallTruck
27388,SmallTruck65920,N1_LRP010b,0,SmallTruck
27389,SmallTruck65920,N1_LRP010c,0,SmallTruck
27390,SmallTruck65920,N1_LRP011a,0,SmallTruck
27391,LargeBus65921,N1_LRP447c,0,LargeBus
27392,LargeBus65921,N1_LRP447b,0,LargeBus
27393,LargeBus65921,N1_LRP447a,0,LargeBus
27394,SmallTruck65928,N1_LRP023a,0,SmallTruck
27395,MediumTruck65937,N1_LRP452c,0,MediumTruck
27396,MediumTruck65937,N1_LRP452a,0,MediumTruck
27397,MediumTruck65937,N1_LRP451e,0,MediumTruck
27398,MediumTruck65945,N105_LRP042b,0,MediumTruck
27399,MediumTruck65953,N1_LRP456a,0,MediumTruck
27400,MediumTruck65955,N2_LRP285a,0,MediumTruck
27401,MediumTruck65955,N2_LRP284c,0,MediumTruck
27402,SmallTruck65958,N1_LRP145a,0,SmallTruck
27403,MediumTruck65962,N204_LRP003b,0,MediumTruck
27404,SmallTruck65967,N208_LRP055a,0,SmallTruck
27405,MiniBus65280,N1_LRP190a,0.13907548330561428,MiniBus
27406,SmallTruck65281,N1_LRP301b,0,SmallTruck
27407,SmallTruck65281,N1_LRP301a,0,SmallTruck
27408,MediumTruck65285,N2_LRP021a,0,MediumTruck
27409,LargeBus65296,N1_LRP185a,0,LargeBus
27410,MediumTruck65297,N1_LRP309a,0,MediumTruck
27411,MediumTruck65297,N1_LRP308b,0,MediumTruck
27412,MediumTruck65297,N1_LRP308a,0.1160373868936132,MediumTruck
27413,MiniBus65311,N2_LRP055b,0,MiniBus
27414,LargeBus65313,N1_LRP301b,0,LargeBus
27415,LargeBus65313,N1_LRP301a,0,LargeBus
27416,MediumTruck65314,N2_LRP161b,0,MediumTruck
27417,MediumTruck65314,N2_LRP161c,0,MediumTruck
27418,MediumTruck65314,N2_LRP162a,4.1729867887609995,MediumTruck
27419,SmallTruck65323,N1_LRP020a,0,SmallTruck
27420,MediumTruck65325,N2_LRP040b,0,MediumTruck
27421,MediumTruck65326,N2_LRP132b,0,MediumTruck
27422,MediumTruck65326,N2_LRP132a,0,MediumTruck
27423,LargeBus65328,N2_LRP159b,0,LargeBus
27424,LargeBus65328,N2_LRP159c,0,LargeBus
27425,SmallTruck65329,N1_LRP311a,0,SmallTruck
27426,SmallTruck65329,N1_LRP310b,0,SmallTruck
27427,SmallTruck65331,N2_LRP140a,3.1052667729685517,SmallTruck
27428,MediumTruck65334,N2_LRP025a,0,MediumTruck
27429,MediumTruck65334,N2_LRP025b,0,MediumTruck
27430,MediumTruck65335,N1_LRP030a,0,MediumTruck
27431,MediumTruck65336,N2_LRP151b,0,MediumTruck
27432,MediumTruck65336,N2_LRP152a,0,MediumTruck
27433,MediumTruck65336,N2_LRP152b,0,MediumTruck
27434,MediumTruck65341,N2_LRP044c,0,MediumTruck
27435,MediumTruck65342,N2_LRP138a,0,MediumTruck
27436,MediumTruck65345,N1_LRP315a,0,MediumTruck
27437,MediumTruck65353,N2_LRP128b,0,MediumTruck
27438,SmallTruck65355,N208_LRP055a,0,SmallTruck
27439,MediumTruck65356,N1_LRP014a,0,MediumTruck
27440,MiniBus65361,N1_LRP310b,0,MiniBus
27441,MiniBus65361,N1_LRP310a,0,MiniBus
27442,LargeBus65363,N2_LRP135b,0,LargeBus
27443,LargeBus65363,N2_LRP135a,0,LargeBus
27444,SmallTruck65373,N2_LRP048a,0,SmallTruck
27445,SmallTruck65373,N2_LRP047c,0,SmallTruck
27446,LargeBus65376,N1_LRP166a,0,LargeBus
27447,MediumTruck65380,N2_LRP076a,0,MediumTruck
27448,MiniBus65393,N1_LRP322a,0,MiniBus
27449,MiniBus65393,N1_LRP321d,0,MiniBus
27450,MediumTruck65402,N1_LRP035a,0,MediumTruck
27451,MediumTruck65402,N1_LRP036c,0,MediumTruck
27452,MediumTruck65403,N2_LRP012c,0,MediumTruck
27453,MiniBus65405,N2_LRP043d,0,MiniBus
27454,LargeBus65407,N2_LRP081b,0,LargeBus
27455,LargeBus65407,N2_LRP081a,0,LargeBus
27456,SmallTruck65416,N2_LRP134b,0,SmallTruck
27457,SmallTruck65416,N2_LRP134c,0,SmallTruck
27458,MediumTruck65425,N1_LRP332b,0,MediumTruck
27459,MediumTruck65425,N1_LRP332a,0,MediumTruck
27460,SmallTruck65427,N2_LRP160a,0,SmallTruck
27461,MediumTruck65429,N1_LRP026a,0,MediumTruck
27462,SmallTruck65430,N1_LRP270a,0,SmallTruck
27463,MiniBus65442,N2_LRP139b,0,MiniBus
27464,MiniBus65442,N2_LRP140a,4.105266772968552,MiniBus
27465,SmallTruck65449,N102_LRP015a,0,SmallTruck
27466,MediumTruck65474,N2_LRP121a,0,MediumTruck
27467,SmallTruck65475,N2_LRP170e,0,SmallTruck
27468,SmallTruck65475,N2_LRP170c,0,SmallTruck
27469,MediumTruck65489,N1_LRP349a,0,MediumTruck
27470,MediumTruck65489,N1_LRP348b,0,MediumTruck
27471,SmallTruck65490,N2_LRP118a,0,SmallTruck
27472,HeavyTruck65491,N2_LRP171f,0.13560318463105256,HeavyTruck
27473,MediumTruck65497,N2_LRP095a,0,MediumTruck
27474,MiniBus65502,N2_LRP163a,0,MiniBus
27475,MiniBus65502,N2_LRP162e,0,MiniBus
27476,MiniBus65502,N2_LRP162d,0,MiniBus
27477,MiniBus65502,N2_LRP162c,0,MiniBus
27478,LargeBus65507,N2_LRP166d,0,LargeBus
27479,LargeBus65509,N1_LRP035a,0,LargeBus
27480,SmallTruck65519,N2_LRP123c,0,SmallTruck
27481,MediumTruck65523,N2_LRP180a,0,MediumTruck
27482,MediumTruck65535,N2_LRP127b,0,MediumTruck
27483,MediumTruck65538,N2_LRP106b,0,MediumTruck
27484,SmallTruck65539,N2_LRP183c,0,SmallTruck
27485,LargeBus65542,N1_LRP027a,0,LargeBus
27486,MediumTruck65551,N2_LRP128a,0,MediumTruck
27487,MediumTruck65551,N2_LRP127c,0,MediumTruck
27488,SmallTruck65553,N1_LRP364d,0,SmallTruck
27489,MediumTruck65555,N2_LRP186c,0,MediumTruck
27490,MediumTruck65569,N1_LRP372c,0,MediumTruck
27491,MediumTruck65569,N1_LRP372a,0,MediumTruck
27492,LargeBus65570,N2_LRP106b,0,LargeBus
27493,LargeBus65574,N1_LRP036c,0,LargeBus
27494,SmallTruck65579,N2_LRP178b,0,SmallTruck
27495,SmallTruck65579,N2_LRP179a,0,SmallTruck
27496,MediumTruck65584,N1_LRP098a,0,MediumTruck
27497,MediumTruck65593,N2_LRP072a,0,MediumTruck
27498,MediumTruck65601,N1_LRP377f,0,MediumTruck
27499,MediumTruck65602,N2_LRP087a,0,MediumTruck
27500,MiniBus65603,N2_LRP188a,0,MiniBus
27501,SmallTruck65611,N2_LRP064a,0,SmallTruck
27502,MediumTruck65616,N2_LRP079b,0.24345593853933634,MediumTruck
27503,LargeBus65617,N1_LRP377f,0,LargeBus
27504,LargeBus65617,N1_LRP377d,0,LargeBus
27505,MediumTruck65624,N2_LRP086a,0,MediumTruck
27506,MediumTruck65627,N2_LRP165c,0,MediumTruck
27507,MediumTruck65627,N2_LRP165d,0,MediumTruck
27508,MediumTruck65630,N2_LRP199d,0,MediumTruck
27509,SmallTruck65631,N2_LRP154c,0,SmallTruck
27510,MediumTruck65633,N1_LRP384a,0,MediumTruck
27511,MiniBus65647,N2_LRP151a,0,MiniBus
27512,LargeBus65649,N1_LRP380c,0,LargeBus
27513,LargeBus65649,N1_LRP380a,0,LargeBus
27514,LargeBus65651,N2_LRP200c,0,LargeBus
27515,MediumTruck65664,N1_LRP077a,0,MediumTruck
27516,MediumTruck65668,N1_LRP004b,0,MediumTruck
27517,LargeBus65677,N2_LRP120a,0,LargeBus
27518,LargeBus65677,N2_LRP119c,0,LargeBus
27519,LargeBus65681,N1_LRP390a,0,LargeBus
27520,MediumTruck65682,N2_LRP072a,0,MediumTruck
27521,MediumTruck65685,N102_LRP009a,0,MediumTruck
27522,SmallTruck65697,N1_LRP398a,0,SmallTruck
27523,MiniBus65698,N2_LRP073g,0,MiniBus
27524,MediumTruck65699,N2_LRP221b,0,MediumTruck
27525,SmallTruck65709,N2_LRP134c,0,SmallTruck
27526,SmallTruck65709,N2_LRP134b,0,SmallTruck
27527,MiniBus65721,N2_LRP044c,0,MiniBus
27528,SmallTruck65725,N2_LRP138b,0,SmallTruck
27529,SmallTruck65727,N2_LRP171d,0,SmallTruck
27530,SmallTruck65727,N2_LRP170j,0,SmallTruck
27531,SmallTruck65727,N2_LRP170i,0,SmallTruck
27532,SmallTruck65727,N2_LRP170h,0,SmallTruck
27533,SmallTruck65727,N2_LRP170g,0,SmallTruck
27534,SmallTruck65727,N2_LRP170f,0.027095700650363635,SmallTruck
27535,MediumTruck65736,N2_LRP058c,0,MediumTruck
27536,MediumTruck65736,N2_LRP059a,0,MediumTruck
27537,MiniBus65738,N2_LRP054a,0,MiniBus
27538,MiniBus65738,N2_LRP053a,0,MiniBus
27539,SmallTruck65740,N207_LRP061d,0,SmallTruck
27540,LargeBus65747,N2_LRP225c,0.006537906666620264,LargeBus
27541,SmallTruck65754,N2_LRP066a,0,SmallTruck
27542,SmallTruck65755,N2_LRP139a,0,SmallTruck
27543,SmallTruck65755,N2_LRP139b,0,SmallTruck
27544,MiniBus65757,N208_LRP034d,0,MiniBus
27545,MiniBus65757,N208_LRP034c,0,MiniBus
27546,SmallTruck65759,N2_LRP176e,0,SmallTruck
27547,SmallTruck65759,N2_LRP176d,0,SmallTruck
27548,SmallTruck65759,N2_LRP176c,0,SmallTruck
27549,SmallTruck65759,N2_LRP176b,0,SmallTruck
27550,MediumTruck65761,N1_LRP412d,0,MediumTruck
27551,MediumTruck65761,N1_LRP412b,0,MediumTruck
27552,LargeBus65762,N2_LRP057a,0,LargeBus
27553,LargeBus65762,N2_LRP057b,0,LargeBus
27554,LargeBus65763,N2_LRP230c,0,LargeBus
27555,MediumTruck65765,N102_LRP029d,0,MediumTruck
27556,MiniBus65774,N2_LRP228b,0,MiniBus
27557,MediumTruck65775,N208_LRP004c,0,MediumTruck
27558,MediumTruck65778,N2_LRP048a,0,MediumTruck
27559,MediumTruck65779,N2_LRP239a,0,MediumTruck
27560,MediumTruck65779,N2_LRP238c,0,MediumTruck
27561,MediumTruck65781,N102_LRP034b,0,MediumTruck
27562,MediumTruck65783,N1_LRP145a,0,MediumTruck
27563,MiniBus65787,N2_LRP135b,0,MiniBus
27564,SmallTruck65789,N2_LRP152d,0,SmallTruck
27565,SmallTruck65789,N2_LRP152c,0,SmallTruck
27566,SmallTruck65789,N2_LRP152b,0,SmallTruck
27567,SmallTruck65789,N2_LRP152a,0,SmallTruck
27568,LargeBus65794,N2_LRP047a,0,LargeBus
27569,LargeBus65794,N2_LRP047c,0,LargeBus
27570,MediumTruck65795,N2_LRP243a,0,MediumTruck
27571,MediumTruck65797,N102_LRP038b,0,MediumTruck
27572,MediumTruck65797,N102_LRP037d,0,MediumTruck
27573,LargeBus65799,N104_LRPSa,0,LargeBus
27574,MediumTruck65804,N2_LRP186c,0,MediumTruck
27575,SmallTruck65805,N2_LRP155a,0,SmallTruck
27576,SmallTruck65807,N2_LRP186d,0,SmallTruck
27577,SmallTruck65809,N1_LRP423d,0,SmallTruck
27578,SmallTruck65809,N1_LRP423c,0,SmallTruck
27579,SmallTruck65809,N1_LRP423b,0.18101439009631762,SmallTruck
27580,MediumTruck65810,N2_LRP040b,0,MediumTruck
27581,LargeBus65811,N2_LRP243a,0,LargeBus
27582,MediumTruck65816,N105_LRP041c,0,MediumTruck
27583,LargeBus65826,N2_LRP040a,0,LargeBus
27584,LargeBus65826,N2_LRP040b,0,LargeBus
27585,MediumTruck65837,N2_LRP161a,0,MediumTruck
27586,LargeBus65840,N1_LRP035a,0,LargeBus
27587,HeavyTruck65841,N1_LRP429c,0,HeavyTruck
27588,HeavyTruck65841,N1_LRP429b,0,HeavyTruck
27589,HeavyTruck65841,N1_LRP429a,0,HeavyTruck
27590,LargeBus65842,N2_LRP035b,0,LargeBus
27591,MediumTruck65847,N104_LRP017b,0,MediumTruck
27592,MediumTruck65848,N105_LRP032b,0,MediumTruck
27593,MediumTruck65848,N105_LRP032c,0,MediumTruck
27594,MiniBus65852,N2_LRP176d,0,MiniBus
27595,MiniBus65852,N2_LRP176e,0,MiniBus
27596,MiniBus65852,N2_LRP177a,0,MiniBus
27597,MediumTruck65857,N1_LRP432a,0,MediumTruck
27598,MediumTruck65865,N105_LRP020c,0,MediumTruck
27599,SmallTruck65869,N2_LRP168c,0,SmallTruck
27600,SmallTruck65869,N2_LRP168a,0,SmallTruck
27601,SmallTruck65870,N208_LRP028d,0,SmallTruck
27602,MiniBus65871,N208_LRP027d,0,MiniBus
27603,MiniBus65871,N208_LRP027b,0,MiniBus
27604,LargeBus65873,N1_LRP433c,0,LargeBus
27605,LargeBus65873,N1_LRP433b,0.5426373283396317,LargeBus
27606,LargeBus65875,N2_LRP261a,0,LargeBus
27607,MediumTruck65877,N102_LRP058a,0,MediumTruck
27608,MediumTruck65881,N105_LRP024c,0,MediumTruck
27609,MediumTruck65886,N208_LRP024d,0,MediumTruck
27610,MediumTruck65887,N2_LRP207b,0,MediumTruck
27611,MiniBus65889,N1_LRP438a,0,MiniBus
27612,HeavyTruck65893,N102_LRP062c,0,HeavyTruck
27613,HeavyTruck65893,N102_LRP062b,0,HeavyTruck
27614,SmallTruck65900,N2_LRP130c,0,SmallTruck
27615,SmallTruck65900,N2_LRP130b,0,SmallTruck
27616,SmallTruck65905,N1_LRP443d,0,SmallTruck
27617,SmallTruck65905,N1_LRP443c,0,SmallTruck
27618,SmallTruck65917,N2_LRP207b,0,SmallTruck
27619,LargeBus65921,N1_LRP446d,0,LargeBus
27620,LargeBus65921,N1_LRP446b,0,LargeBus
27621,MediumTruck65922,N2_LRP012c,0,MediumTruck
27622,MediumTruck65923,N2_LRP276a,0,MediumTruck
27623,MediumTruck65934,N208_LRP011b,0,MediumTruck
27624,SmallTruck65935,N208_LRP046b,0,SmallTruck
27625,MediumTruck65937,N1_LRP451b,0,MediumTruck
27626,MediumTruck65937,N1_LRP450e,0.11811208908547652,MediumTruck
27627,LargeBus65949,N2_LRP199d,0,LargeBus
27628,LargeBus65949,N2_LRP200c,0,LargeBus
27629,MediumTruck65953,N1_LRP455a,0,MediumTruck
27630,MediumTruck65955,N2_LRP284b,0,MediumTruck
27631,SmallTruck65281,N1_LRP300b,0,SmallTruck
27632,SmallTruck65281,N1_LRP300a,0,SmallTruck
27633,MediumTruck65282,N2_LRP166d,0,MediumTruck
27634,MediumTruck65282,N2_LRP166e,0,MediumTruck
27635,MediumTruck65282,N2_LRP167b,0,MediumTruck
27636,MediumTruck65285,N2_LRP021b,0,MediumTruck
27637,LargeBus65298,N2_LRP175c,0,LargeBus
27638,MiniBus65311,N2_LRP054b,0,MiniBus
27639,LargeBus65313,N1_LRP300b,0,LargeBus
27640,LargeBus65313,N1_LRP300a,0,LargeBus
27641,MediumTruck65321,N2_LRP138a,0,MediumTruck
27642,MediumTruck65325,N2_LRP040a,0,MediumTruck
27643,MediumTruck65325,N2_LRP039c,0,MediumTruck
27644,LargeBus65328,N2_LRP159d,0,LargeBus
27645,LargeBus65328,N2_LRP160a,0,LargeBus
27646,SmallTruck65329,N1_LRP310a,0,SmallTruck
27647,MediumTruck65336,N2_LRP152c,0,MediumTruck
27648,MediumTruck65336,N2_LRP152d,0,MediumTruck
27649,MediumTruck65336,N2_LRP153a,0,MediumTruck
27650,MediumTruck65341,N2_LRP044a,0,MediumTruck
27651,MediumTruck65341,N2_LRP043d,0,MediumTruck
27652,MediumTruck65345,N1_LRP314a,0,MediumTruck
27653,SmallTruck65346,N2_LRP146a,0,SmallTruck
27654,MediumTruck65351,N1_LRP034a,0,MediumTruck
27655,MediumTruck65353,N2_LRP129a,0,MediumTruck
27656,MediumTruck65353,N2_LRP129b,0,MediumTruck
27657,MediumTruck65353,N2_LRP129c,0,MediumTruck
27658,MiniBus65361,N1_LRP309b,0,MiniBus
27659,LargeBus65363,N2_LRP134c,0,LargeBus
27660,SmallTruck65372,N1_LRP014a,0,SmallTruck
27661,SmallTruck65373,N2_LRP047a,0,SmallTruck
27662,SmallTruck65373,N2_LRP046c,0,SmallTruck
27663,LargeBus65376,N1_LRP166c,0,LargeBus
27664,MediumTruck65377,N1_LRP325c,0,MediumTruck
27665,MediumTruck65377,N1_LRP325a,0,MediumTruck
27666,MediumTruck65380,N2_LRP076b,0,MediumTruck
27667,MediumTruck65384,N2_LRP140c,3.3358190908576635,MediumTruck
27668,MediumTruck65392,N1_LRP148a,0,MediumTruck
27669,MiniBus65393,N1_LRP321b,0,MiniBus
27670,MiniBus65393,N1_LRP321a,0,MiniBus
27671,MiniBus65405,N2_LRP043a,4.176796768257621,MiniBus
27672,LargeBus65407,N2_LRP079d,0,LargeBus
27673,LargeBus65407,N2_LRP079b,0.28542625368959995,LargeBus
27674,LargeBus65411,N2_LRP148b,0,LargeBus
27675,SmallTruck65416,N2_LRP135a,0,SmallTruck
27676,SmallTruck65427,N2_LRP159d,0,SmallTruck
27677,SmallTruck65427,N2_LRP159c,0,SmallTruck
27678,SmallTruck65427,N2_LRP159b,0,SmallTruck
27679,SmallTruck65430,N1_LRP271a,0,SmallTruck
27680,MediumTruck65440,N1_LRP136a,0,MediumTruck
27681,MediumTruck65446,N1_LRP014a,0,MediumTruck
27682,MediumTruck65456,N1_LRP131b,0,MediumTruck
27683,HeavyTruck65460,N2_LRP058c,0,HeavyTruck
27684,HeavyTruck65460,N2_LRP059a,0,HeavyTruck
27685,MiniBus65470,N2_LRP155a,0,MiniBus
27686,MediumTruck65474,N2_LRP121c,0,MediumTruck
27687,SmallTruck65475,N2_LRP170b,0,SmallTruck
27688,SmallTruck65475,N2_LRP170a,0,SmallTruck
27689,SmallTruck65475,N2_LRP169f,0,SmallTruck
27690,SmallTruck65475,N2_LRP169e,0,SmallTruck
27691,SmallTruck65475,N2_LRP169d,0,SmallTruck
27692,SmallTruck65475,N2_LRP169c,0,SmallTruck
27693,SmallTruck65485,N2_LRP074a,0,SmallTruck
27694,MediumTruck65489,N1_LRP348a,0,MediumTruck
27695,SmallTruck65490,N2_LRP118b,0,SmallTruck
27696,SmallTruck65490,N2_LRP118e,0,SmallTruck
27697,HeavyTruck65491,N2_LRP171e,0,HeavyTruck
27698,MediumTruck65497,N2_LRP096a,0,MediumTruck
27699,MediumTruck65497,N2_LRP096c,0,MediumTruck
27700,MiniBus65500,N2_LRP018a,0,MiniBus
27701,MiniBus65502,N2_LRP162a,4.1729867887609995,MiniBus
27702,HeavyTruck65506,N2_LRP117a,0.3813364498406337,HeavyTruck
27703,LargeBus65507,N2_LRP165d,0,LargeBus
27704,LargeBus65507,N2_LRP165c,0,LargeBus
27705,LargeBus65509,N1_LRP034a,0,LargeBus
27706,SmallTruck65517,N2_LRP084a,0,SmallTruck
27707,SmallTruck65519,N2_LRP122b,0,SmallTruck
27708,MediumTruck65523,N2_LRP179a,0,MediumTruck
27709,MediumTruck65523,N2_LRP178b,0,MediumTruck
27710,SmallTruck65532,N2_LRP042a,0,SmallTruck
27711,MediumTruck65535,N2_LRP126d,0,MediumTruck
27712,MediumTruck65535,N2_LRP126c,0,MediumTruck
27713,MediumTruck65535,N2_LRP126b,0,MediumTruck
27714,SmallTruck65539,N2_LRP183a,0,SmallTruck
27715,SmallTruck65539,N2_LRP182d,0,SmallTruck
27716,LargeBus65542,N1_LRP026b,0,LargeBus
27717,LargeBus65542,N1_LRP026a,0,LargeBus
27718,MediumTruck65545,N2_LRP084a,0,MediumTruck
27719,MediumTruck65551,N2_LRP127b,0,MediumTruck
27720,SmallTruck65552,N2_LRP095a,0,SmallTruck
27721,SmallTruck65553,N1_LRP364c,0,SmallTruck
27722,SmallTruck65553,N1_LRP364a,0,SmallTruck
27723,MediumTruck65555,N2_LRP186b,0.550231508856456,MediumTruck
27724,SmallTruck65563,N2_LRP050a,0,SmallTruck
27725,MediumTruck65569,N1_LRP371c,0,MediumTruck
27726,MediumTruck65569,N1_LRP371a,0,MediumTruck
27727,LargeBus65574,N1_LRP035a,0,LargeBus
27728,SmallTruck65579,N2_LRP180a,0,SmallTruck
27729,SmallTruck65592,N2_LRP091b,0,SmallTruck
27730,MiniBus65599,N2_LRP140a,4.105266772968552,MiniBus
27731,MediumTruck65601,N1_LRP377d,0,MediumTruck
27732,MediumTruck65601,N1_LRP377c,0,MediumTruck
27733,MediumTruck65601,N1_LRP377a,0,MediumTruck
27734,MiniBus65603,N2_LRP187b,0,MiniBus
27735,MediumTruck65616,N2_LRP079d,0,MediumTruck
27736,LargeBus65617,N1_LRP377c,0,LargeBus
27737,LargeBus65617,N1_LRP377a,0,LargeBus
27738,LargeBus65618,N2_LRP091b,0,LargeBus
27739,LargeBus65618,N2_LRP092a,0,LargeBus
27740,LargeBus65618,N2_LRP092b,0,LargeBus
27741,MediumTruck65624,N2_LRP087a,0,MediumTruck
27742,SmallTruck65631,N2_LRP153b,0,SmallTruck
27743,SmallTruck65631,N2_LRP153a,0,SmallTruck
27744,MediumTruck65633,N1_LRP383b,0,MediumTruck
27745,MediumTruck65635,N2_LRP206b,0,MediumTruck
27746,LargeBus65637,N1_LRP094a,0,LargeBus
27747,LargeBus65650,N2_LRP086a,0,LargeBus
27748,LargeBus65651,N2_LRP199d,0,LargeBus
27749,SmallTruck65653,N102_LRPSc,0,SmallTruck
27750,MediumTruck65656,N2_LRP078a,0,MediumTruck
27751,MediumTruck65665,N1_LRP390a,0,MediumTruck
27752,MediumTruck65665,N1_LRP389d,0,MediumTruck
27753,LargeBus65677,N2_LRP118g,0,LargeBus
27754,LargeBus65677,N2_LRP118e,0,LargeBus
27755,LargeBus65681,N1_LRP389d,0,LargeBus
27756,MediumTruck65692,N2_LRP078a,0,MediumTruck
27757,MiniBus65698,N2_LRP074a,0,MiniBus
27758,LargeBus65707,N2_LRP156a,0,LargeBus
27759,LargeBus65707,N2_LRP157a,0,LargeBus
27760,SmallTruck65709,N2_LRP133a,0,SmallTruck
27761,MiniBus65710,N2_LRP211c,0,MiniBus
27762,MiniBus65710,N2_LRP211b,0,MiniBus
27763,LargeBus65715,N2_LRP216b,0,LargeBus
27764,MediumTruck65716,N102_LRP065a,0,MediumTruck
27765,HeavyTruck65717,N102_LRP017a,0,HeavyTruck
27766,MediumTruck65720,N2_LRP064a,0,MediumTruck
27767,MiniBus65721,N2_LRP045b,0,MiniBus
27768,SmallTruck65725,N2_LRP138a,0,SmallTruck
27769,SmallTruck65727,N2_LRP170e,0,SmallTruck
27770,SmallTruck65727,N2_LRP170c,0,SmallTruck
27771,MediumTruck65730,N2_LRP060c,0,MediumTruck
27772,MediumTruck65730,N2_LRP061a,0,MediumTruck
27773,HeavyTruck65731,N2_LRP226d,0,HeavyTruck
27774,HeavyTruck65731,N2_LRP226c,0,HeavyTruck
27775,MiniBus65738,N2_LRP052a,0,MiniBus
27776,SmallTruck65755,N2_LRP140a,5.105266772968552,SmallTruck
27777,SmallTruck65759,N2_LRP175f,0,SmallTruck
27778,SmallTruck65759,N2_LRP175e,0,SmallTruck
27779,SmallTruck65759,N2_LRP175d,0,SmallTruck
27780,SmallTruck65759,N2_LRP175c,0,SmallTruck
27781,MediumTruck65761,N1_LRP412a,0,MediumTruck
27782,MediumTruck65761,N1_LRP411b,0,MediumTruck
27783,LargeBus65763,N2_LRP229c,0,LargeBus
27784,LargeBus65763,N2_LRP229a,0.9434274979912112,LargeBus
27785,MediumTruck65773,N2_LRP148b,0,MediumTruck
27786,MediumTruck65777,N1_LRP417b,0,MediumTruck
27787,MediumTruck65777,N1_LRP416e,0,MediumTruck
27788,MediumTruck65777,N1_LRP416d,0,MediumTruck
27789,MediumTruck65778,N2_LRP048b,0,MediumTruck
27790,MediumTruck65781,N102_LRP033c,0,MediumTruck
27791,LargeBus65782,N1_LRP094a,0,LargeBus
27792,SmallTruck65786,N2_LRP162c,0,SmallTruck
27793,SmallTruck65786,N2_LRP162d,0,SmallTruck
27794,SmallTruck65789,N2_LRP151b,0,SmallTruck
27795,LargeBus65793,N1_LRP417b,0,LargeBus
27796,LargeBus65793,N1_LRP416e,0,LargeBus
27797,LargeBus65793,N1_LRP416d,0,LargeBus
27798,LargeBus65794,N2_LRP048a,0,LargeBus
27799,MediumTruck65795,N2_LRP242a,0,MediumTruck
27800,MediumTruck65797,N102_LRP037c,0,MediumTruck
27801,MediumTruck65801,N105_LRP003a,0,MediumTruck
27802,MediumTruck65804,N2_LRP186d,0,MediumTruck
27803,SmallTruck65805,N2_LRP154c,0,SmallTruck
27804,SmallTruck65807,N2_LRP186c,0,SmallTruck
27805,MediumTruck65810,N2_LRP041b,0,MediumTruck
27806,MediumTruck65810,N2_LRP042a,0,MediumTruck
27807,LargeBus65811,N2_LRP242a,0,LargeBus
27808,MediumTruck65812,N1_LRP123a,0,MediumTruck
27809,SmallTruck65820,N2_LRP108a,0,SmallTruck
27810,LargeBus65825,N1_LRP422b,0,LargeBus
27811,LargeBus65826,N2_LRP041b,0,LargeBus
27812,HeavyTruck65828,N102_LRP036b,0,HeavyTruck
27813,HeavyTruck65828,N102_LRP036d,0,HeavyTruck
27814,MediumTruck65829,N102_LRP045a,0,MediumTruck
27815,SmallTruck65830,N1_LRP111a,0,SmallTruck
27816,MediumTruck65837,N2_LRP160a,0,MediumTruck
27817,LargeBus65840,N1_LRP036c,0,LargeBus
27818,HeavyTruck65841,N1_LRP428d,0,HeavyTruck
27819,HeavyTruck65841,N1_LRP428c,0,HeavyTruck
27820,HeavyTruck65841,N1_LRP428b,0,HeavyTruck
27821,HeavyTruck65841,N1_LRP428a,0,HeavyTruck
27822,MediumTruck65857,N1_LRP431d,0.3173332224611676,MediumTruck
27823,MediumTruck65859,N2_LRP258a,0,MediumTruck
27824,MediumTruck65860,N102_LRP028c,0,MediumTruck
27825,SmallTruck65862,N1_LRP119a,0,SmallTruck
27826,LargeBus65867,N204_LRP003b,0,LargeBus
27827,SmallTruck65869,N2_LRP167c,0,SmallTruck
27828,SmallTruck65869,N2_LRP167b,0,SmallTruck
27829,SmallTruck65870,N208_LRP029c,0,SmallTruck
27830,LargeBus65873,N1_LRP432b,0,LargeBus
27831,MediumTruck65878,N1_LRP123a,0,MediumTruck
27832,MiniBus65889,N1_LRP437b,0,MiniBus
27833,MiniBus65889,N1_LRP437a,0,MiniBus
27834,MiniBus65892,N102_LRP022a,0,MiniBus
27835,MediumTruck65895,N104_LRP028a,0,MediumTruck
27836,SmallTruck65896,N1_LRP033a,0,SmallTruck
27837,SmallTruck65896,N1_LRP033b,0,SmallTruck
27838,SmallTruck65900,N2_LRP130a,0,SmallTruck
27839,SmallTruck65900,N2_LRP129c,0,SmallTruck
27840,MiniBus65906,N2_LRP018a,0,MiniBus
27841,MediumTruck65909,N102_LRP065a,0,MediumTruck
27842,SmallTruck65913,N105_LRP032c,0,SmallTruck
27843,SmallTruck65913,N105_LRP032b,0,SmallTruck
27844,SmallTruck65920,N1_LRP012a,0,SmallTruck
27845,SmallTruck65920,N1_LRP012b,0,SmallTruck
27846,LargeBus65921,N1_LRP445d,0,LargeBus
27847,LargeBus65921,N1_LRP445b,0,LargeBus
27848,MediumTruck65922,N2_LRP012f,0,MediumTruck
27849,MediumTruck65937,N1_LRP450c,0,MediumTruck
27850,MediumTruck65945,N105_LRP041c,0,MediumTruck
27851,MiniBus65946,N2_LRP108a,0,MiniBus
27852,LargeBus65952,N1_LRP004b,0,LargeBus
27853,MediumTruck65955,N2_LRP283b,0,MediumTruck
27854,SmallTruck65958,N1_LRP143a,0,SmallTruck
27855,LargeBus65964,N2_LRP141b,0,LargeBus
27856,MiniBus65966,N208_LRP004c,0,MiniBus
27857,MediumTruck65974,N104_LRPSa,0,MediumTruck
27858,MediumTruck65976,N1_LRP011a,0,MediumTruck
27859,MiniBus65983,N2_LRP228b,0,MiniBus
27860,MiniBus65280,N1_LRP191a,0,MiniBus
27861,MiniBus65280,N1_LRP191b,0,MiniBus
27862,SmallTruck65281,N1_LRP299c,0,SmallTruck
27863,SmallTruck65281,N1_LRP299a,0,SmallTruck
27864,MediumTruck65282,N2_LRP167c,0,MediumTruck
27865,MiniBus65295,N2_LRP050a,0,MiniBus
27866,LargeBus65296,N1_LRP186a,0,LargeBus
27867,LargeBus65296,N1_LRP187a,0,LargeBus
27868,LargeBus65298,N2_LRP175d,0,LargeBus
27869,LargeBus65298,N2_LRP175e,0,LargeBus
27870,LargeBus65298,N2_LRP175f,0,LargeBus
27871,LargeBus65298,N2_LRP176b,0,LargeBus
27872,LargeBus65298,N2_LRP176c,0,LargeBus
27873,LargeBus65299,N2_LRP108a,0,LargeBus
27874,SmallTruck65301,N2_LRP018a,0,SmallTruck
27875,MiniBus65311,N2_LRP054a,0,MiniBus
27876,MiniBus65311,N2_LRP053a,0,MiniBus
27877,MediumTruck65312,N2_LRP151a,0,MediumTruck
27878,LargeBus65313,N1_LRP299c,0,LargeBus
27879,LargeBus65313,N1_LRP299a,0,LargeBus
27880,SmallTruck65316,N2_LRP090a,0,SmallTruck
27881,MediumTruck65321,N2_LRP138b,0,MediumTruck
27882,MediumTruck65321,N2_LRP139a,0,MediumTruck
27883,MediumTruck65325,N2_LRP039a,0,MediumTruck
27884,MediumTruck65326,N2_LRP130c,0,MediumTruck
27885,MediumTruck65326,N2_LRP130b,0,MediumTruck
27886,LargeBus65328,N2_LRP161a,0,LargeBus
27887,SmallTruck65329,N1_LRP309b,0,SmallTruck
27888,MediumTruck65336,N2_LRP153b,0,MediumTruck
27889,MediumTruck65337,N2_LRP132a,0,MediumTruck
27890,MediumTruck65337,N2_LRP132b,0,MediumTruck
27891,MediumTruck65337,N2_LRP132c,0,MediumTruck
27892,MediumTruck65341,N2_LRP043a,5.176796768257621,MediumTruck
27893,MediumTruck65342,N2_LRP135b,0,MediumTruck
27894,MediumTruck65345,N1_LRP313b,0,MediumTruck
27895,SmallTruck65346,N2_LRP147a,0,SmallTruck
27896,SmallTruck65346,N2_LRP147b,0,SmallTruck
27897,MediumTruck65351,N1_LRP033b,0,MediumTruck
27898,MediumTruck65351,N1_LRP033a,0,MediumTruck
27899,MediumTruck65353,N2_LRP130a,0,MediumTruck
27900,MediumTruck65353,N2_LRP130b,0,MediumTruck
27901,MediumTruck65353,N2_LRP130c,0,MediumTruck
27902,MiniBus65361,N1_LRP309a,0,MiniBus
27903,MiniBus65361,N1_LRP308b,0,MiniBus
27904,MiniBus65361,N1_LRP308a,0.23063592985624148,MiniBus
27905,LargeBus65363,N2_LRP134b,0,LargeBus
27906,LargeBus65363,N2_LRP133a,0,LargeBus
27907,SmallTruck65373,N2_LRP045b,0,SmallTruck
27908,LargeBus65376,N1_LRP167a,0,LargeBus
27909,MediumTruck65387,N105_LRP006a,0,MediumTruck
27910,MiniBus65390,N2_LRP139b,0,MiniBus
27911,MiniBus65390,N2_LRP139a,0,MiniBus
27912,MediumTruck65392,N1_LRP149a,0,MediumTruck
27913,MiniBus65393,N1_LRP320a,0,MiniBus
27914,LargeBus65394,N2_LRP146a,0,LargeBus
27915,LargeBus65395,N2_LRP141b,0,LargeBus
27916,LargeBus65395,N2_LRP141a,0,LargeBus
27917,LargeBus65407,N2_LRP079a,0,LargeBus
27918,LargeBus65408,N1_LRP159a,0,LargeBus
27919,MediumTruck65409,N1_LRP327a,0.4370189673214132,MediumTruck
27920,MediumTruck65410,N2_LRP138a,0,MediumTruck
27921,LargeBus65411,N2_LRP147d,0,LargeBus
27922,SmallTruck65416,N2_LRP135b,0,SmallTruck
27923,MediumTruck65421,N2_LRP061a,0,MediumTruck
27924,SmallTruck65427,N2_LRP158a,0,SmallTruck
27925,MediumTruck65446,N1_LRP012b,0,MediumTruck
27926,MediumTruck65446,N1_LRP012a,0,MediumTruck
27927,SmallTruck65449,N102_LRP017a,0,SmallTruck
27928,MiniBus65470,N2_LRP154c,0,MiniBus
27929,MediumTruck65473,N1_LRP342c,0,MediumTruck
27930,MediumTruck65473,N1_LRP342a,5.69636044078067,MediumTruck
27931,MediumTruck65474,N2_LRP122b,0,MediumTruck
27932,SmallTruck65475,N2_LRP169b,0,SmallTruck
27933,SmallTruck65485,N2_LRP073g,0,SmallTruck
27934,MediumTruck65489,N1_LRP347b,0,MediumTruck
27935,MediumTruck65489,N1_LRP347a,0,MediumTruck
27936,SmallTruck65490,N2_LRP118g,0,SmallTruck
27937,HeavyTruck65491,N2_LRP171d,0,HeavyTruck
27938,HeavyTruck65491,N2_LRP170j,0,HeavyTruck
27939,HeavyTruck65491,N2_LRP170i,0,HeavyTruck
27940,HeavyTruck65491,N2_LRP170h,0,HeavyTruck
27941,HeavyTruck65491,N2_LRP170g,0,HeavyTruck
27942,HeavyTruck65491,N2_LRP170f,0.04617548129449726,HeavyTruck
27943,MediumTruck65497,N2_LRP097a,0,MediumTruck
27944,HeavyTruck65506,N2_LRP117b,0,HeavyTruck
27945,LargeBus65507,N2_LRP164d,0,LargeBus
27946,LargeBus65507,N2_LRP164b,0,LargeBus
27947,LargeBus65507,N2_LRP164a,0,LargeBus
27948,LargeBus65509,N1_LRP033b,0,LargeBus
27949,LargeBus65509,N1_LRP033a,0,LargeBus
27950,MediumTruck65513,N102_LRPSc,0,MediumTruck
27951,SmallTruck65519,N2_LRP121c,0,SmallTruck
27952,MediumTruck65523,N2_LRP178a,0,MediumTruck
27953,SmallTruck65532,N2_LRP041b,0,SmallTruck
27954,MediumTruck65533,N2_LRP087a,0,MediumTruck
27955,MediumTruck65535,N2_LRP126a,0,MediumTruck
27956,MediumTruck65535,N2_LRP125d,0,MediumTruck
27957,MediumTruck65535,N2_LRP125c,0,MediumTruck
27958,MediumTruck65535,N2_LRP125b,0,MediumTruck
27959,MediumTruck65537,N1_LRP360c,0,MediumTruck
27960,MediumTruck65537,N1_LRP360a,0,MediumTruck
27961,MediumTruck65538,N2_LRP108a,0,MediumTruck
27962,SmallTruck65539,N2_LRP182b,0,SmallTruck
27963,SmallTruck65539,N2_LRP182a,0,SmallTruck
27964,MediumTruck65551,N2_LRP126d,0,MediumTruck
27965,MediumTruck65551,N2_LRP126c,0,MediumTruck
27966,MediumTruck65551,N2_LRP126b,0,MediumTruck
27967,SmallTruck65552,N2_LRP096a,0,SmallTruck
27968,SmallTruck65552,N2_LRP096c,0,SmallTruck
27969,SmallTruck65553,N1_LRP363b,0,SmallTruck
27970,MediumTruck65569,N1_LRP370e,0,MediumTruck
27971,LargeBus65570,N2_LRP108a,0,LargeBus
27972,MediumTruck65571,N2_LRP188a,0,MediumTruck
27973,LargeBus65574,N1_LRP034a,0,LargeBus
27974,MediumTruck65578,N2_LRP018a,0,MediumTruck
27975,SmallTruck65579,N2_LRP180c,0,SmallTruck
27976,LargeBus65581,N2_LRP087a,0,LargeBus
27977,MiniBus65585,N1_LRP360c,0,MiniBus
27978,MediumTruck65586,N2_LRP095a,0,MediumTruck
27979,SmallTruck65592,N2_LRP092a,0,SmallTruck
27980,SmallTruck65592,N2_LRP092b,0,SmallTruck
27981,MediumTruck65593,N2_LRP073b,0,MediumTruck
27982,MediumTruck65593,N2_LRP073c,0,MediumTruck
27983,MediumTruck65601,N1_LRP376a,0,MediumTruck
27984,MiniBus65603,N2_LRP186d,0,MiniBus
27985,MediumTruck65612,N208_LRP055a,0,MediumTruck
27986,MediumTruck65616,N2_LRP081a,0,MediumTruck
27987,LargeBus65617,N1_LRP376a,0,LargeBus
27988,LargeBus65617,N1_LRP375c,0,LargeBus
27989,LargeBus65618,N2_LRP093a,0,LargeBus
27990,MediumTruck65627,N2_LRP166d,0,MediumTruck
27991,MediumTruck65627,N2_LRP166e,0,MediumTruck
27992,MediumTruck65627,N2_LRP167b,0,MediumTruck
27993,SmallTruck65631,N2_LRP152d,0,SmallTruck
27994,SmallTruck65631,N2_LRP152c,0,SmallTruck
27995,SmallTruck65631,N2_LRP152b,0,SmallTruck
27996,SmallTruck65631,N2_LRP152a,0,SmallTruck
27997,MediumTruck65633,N1_LRP383a,0,MediumTruck
27998,MediumTruck65633,N1_LRP382b,0,MediumTruck
27999,LargeBus65636,N2_LRP024b,0,LargeBus
28000,MiniBus65647,N2_LRP148b,0,MiniBus
28001,MediumTruck65648,N1_LRP083a,0,MediumTruck
28002,MediumTruck65648,N1_LRP083b,0,MediumTruck
28003,LargeBus65650,N2_LRP087a,0,LargeBus
28004,MediumTruck65652,N2_LRP012c,0,MediumTruck
28005,SmallTruck65654,N102_LRP017a,0,SmallTruck
28006,MediumTruck65656,N2_LRP079a,0,MediumTruck
28007,MediumTruck65658,N2_LRP042a,0,MediumTruck
28008,MediumTruck65665,N1_LRP389b,0.02310911736766524,MediumTruck
28009,SmallTruck65667,N2_LRP211c,0,SmallTruck
28010,LargeBus65676,N2_LRP224b,0,LargeBus
28011,LargeBus65677,N2_LRP118b,0,LargeBus
28012,LargeBus65677,N2_LRP118a,0,LargeBus
28013,LargeBus65681,N1_LRP389b,0.04829401415370936,LargeBus
28014,MediumTruck65682,N2_LRP073b,0,MediumTruck
28015,MediumTruck65682,N2_LRP073c,0,MediumTruck
28016,MediumTruck65692,N2_LRP076b,0,MediumTruck
28017,MiniBus65698,N2_LRP076a,0,MiniBus
28018,MediumTruck65699,N2_LRP219a,0,MediumTruck
28019,LargeBus65707,N2_LRP157b,0,LargeBus
28020,SmallTruck65709,N2_LRP132c,0,SmallTruck
28021,LargeBus65715,N2_LRP216a,0,LargeBus
28022,MediumTruck65719,N1_LRP127a,0,MediumTruck
28023,MediumTruck65720,N2_LRP064b,0,MediumTruck
28024,MiniBus65721,N2_LRP046c,0,MiniBus
28025,SmallTruck65727,N2_LRP170b,0,SmallTruck
28026,SmallTruck65727,N2_LRP170a,0,SmallTruck
28027,SmallTruck65727,N2_LRP169f,0,SmallTruck
28028,SmallTruck65727,N2_LRP169e,0,SmallTruck
28029,SmallTruck65727,N2_LRP169d,0,SmallTruck
28030,SmallTruck65727,N2_LRP169c,0,SmallTruck
28031,SmallTruck65732,N102_LRP062b,0,SmallTruck
28032,MediumTruck65736,N2_LRP060c,0,MediumTruck
28033,MediumTruck65736,N2_LRP061a,0,MediumTruck
28034,LargeBus65747,N2_LRP224b,0,LargeBus
28035,MediumTruck65748,N102_LRP058a,0,MediumTruck
28036,SmallTruck65754,N2_LRP064b,0,SmallTruck
28037,SmallTruck65754,N2_LRP064a,0,SmallTruck
28038,MediumTruck65761,N1_LRP411a,0,MediumTruck
28039,LargeBus65762,N2_LRP058c,0,LargeBus
28040,LargeBus65762,N2_LRP059a,0,LargeBus
28041,MediumTruck65765,N102_LRP028c,0,MediumTruck
28042,MediumTruck65773,N2_LRP147d,0,MediumTruck
28043,MediumTruck65773,N2_LRP147b,0,MediumTruck
28044,MiniBus65774,N2_LRP226d,0,MiniBus
28045,MediumTruck65777,N1_LRP415c,0.6298893744756467,MediumTruck
28046,LargeBus65780,N102_LRP055c,0,LargeBus
28047,MediumTruck65783,N1_LRP143a,0,MediumTruck
28048,SmallTruck65786,N2_LRP162e,0,SmallTruck
28049,SmallTruck65786,N2_LRP163a,0,SmallTruck
28050,SmallTruck65786,N2_LRP163b,0,SmallTruck
28051,SmallTruck65789,N2_LRP151a,0,SmallTruck
28052,LargeBus65793,N1_LRP415c,3.5869153277195296,LargeBus
28053,LargeBus65794,N2_LRP048b,0,LargeBus
28054,MediumTruck65795,N2_LRP241c,0,MediumTruck
28055,SmallTruck65796,N1_LRP036c,0,SmallTruck
28056,MediumTruck65797,N102_LRP036d,0,MediumTruck
28057,MediumTruck65797,N102_LRP036b,0,MediumTruck
28058,MediumTruck65804,N2_LRP187b,0,MediumTruck
28059,SmallTruck65805,N2_LRP153b,0,SmallTruck
28060,SmallTruck65805,N2_LRP153a,0,SmallTruck
28061,MediumTruck65806,N208_LRP046b,0,MediumTruck
28062,SmallTruck65807,N2_LRP186b,0.6680452594926498,SmallTruck
28063,SmallTruck65809,N1_LRP422b,0,SmallTruck
28064,SmallTruck65809,N1_LRP421f,0,SmallTruck
28065,LargeBus65811,N2_LRP241c,0,LargeBus
28066,MediumTruck65816,N105_LRP042b,0,MediumTruck
28067,LargeBus65825,N1_LRP421f,0,LargeBus
28068,LargeBus65825,N1_LRP421d,0,LargeBus
28069,LargeBus65826,N2_LRP042a,0,LargeBus
28070,SmallTruck65827,N2_LRP249a,0,SmallTruck
28071,HeavyTruck65828,N102_LRP037c,0,HeavyTruck
28072,HeavyTruck65828,N102_LRP037d,0,HeavyTruck
28073,MediumTruck65837,N2_LRP159d,0,MediumTruck
28074,MediumTruck65837,N2_LRP159c,0,MediumTruck
28075,MediumTruck65837,N2_LRP159b,0,MediumTruck
28076,HeavyTruck65841,N1_LRP427e,0,HeavyTruck
28077,HeavyTruck65841,N1_LRP427d,0,HeavyTruck
28078,HeavyTruck65841,N1_LRP427b,0,HeavyTruck
28079,MiniBus65852,N2_LRP178a,0,MiniBus
28080,MiniBus65852,N2_LRP178b,0,MiniBus
28081,MiniBus65852,N2_LRP179a,0,MiniBus
28082,MediumTruck65860,N102_LRP029d,0,MediumTruck
28083,SmallTruck65862,N1_LRP118d,0,SmallTruck
28084,SmallTruck65869,N2_LRP166e,0,SmallTruck
28085,SmallTruck65869,N2_LRP166d,0,SmallTruck
28086,LargeBus65873,N1_LRP432a,0,LargeBus
28087,LargeBus65873,N1_LRP431d,0.7919421217980666,LargeBus
28088,MediumTruck65878,N1_LRP122a,0,MediumTruck
28089,MediumTruck65880,N2_LRP024b,0,MediumTruck
28090,MediumTruck65880,N2_LRP025a,0,MediumTruck
28091,MediumTruck65881,N105_LRP023c,0,MediumTruck
28092,MiniBus65889,N1_LRP436a,0,MiniBus
28093,MiniBus65889,N1_LRP435c,0,MiniBus
28094,MediumTruck65897,N105_LRP027c,0,MediumTruck
28095,SmallTruck65900,N2_LRP129b,0,SmallTruck
28096,SmallTruck65900,N2_LRP129a,0,SmallTruck
28097,SmallTruck65900,N2_LRP128b,0,SmallTruck
28098,SmallTruck65905,N1_LRP441a,0,SmallTruck
28099,MediumTruck65908,N102_LRP017a,0,MediumTruck
28100,SmallTruck65912,N105_LRP017c,0,SmallTruck
28101,SmallTruck65914,N204_LRP020b,0,SmallTruck
28102,SmallTruck65915,N204_LRP020b,0,SmallTruck
28103,SmallTruck65920,N1_LRP014a,0,SmallTruck
28104,LargeBus65921,N1_LRP444e,0,LargeBus
28105,LargeBus65921,N1_LRP444d,0,LargeBus
28106,LargeBus65921,N1_LRP444c,0,LargeBus
28107,MediumTruck65923,N2_LRP274e,0,MediumTruck
28108,MediumTruck65937,N1_LRP450a,0,MediumTruck
28109,MediumTruck65940,N102_LRP009a,0,MediumTruck
28110,MediumTruck65945,N105_LRP040c,0,MediumTruck
28111,LargeBus65956,N1_LRP077a,0,LargeBus
28112,SmallTruck65959,N104_LRP044d,0,SmallTruck
28113,LargeBus65964,N2_LRP141a,0,LargeBus
28114,MediumTruck65972,N102_LRPSc,0,MediumTruck
28115,MiniBus65973,N102_LRP082a,0,MiniBus
28116,MediumTruck65976,N1_LRP010c,0,MediumTruck
28117,MediumTruck65976,N1_LRP010b,0,MediumTruck
28118,SmallTruck65281,N1_LRP298a,0,SmallTruck
28119,MediumTruck65282,N2_LRP168a,0,MediumTruck
28120,MediumTruck65282,N2_LRP168c,0,MediumTruck
28121,MediumTruck65289,N102_LRP058a,0,MediumTruck
28122,MediumTruck65297,N1_LRP307a,0,MediumTruck
28123,MediumTruck65297,N1_LRP306b,0,MediumTruck
28124,LargeBus65298,N2_LRP176d,0,LargeBus
28125,LargeBus65298,N2_LRP176e,0,LargeBus
28126,LargeBus65298,N2_LRP177a,0,LargeBus
28127,SmallTruck65303,N1_LRP020a,0,SmallTruck
28128,MiniBus65311,N2_LRP052a,0,MiniBus
28129,MediumTruck65312,N2_LRP151b,0,MediumTruck
28130,MediumTruck65312,N2_LRP152a,0,MediumTruck
28131,MediumTruck65312,N2_LRP152b,0,MediumTruck
28132,LargeBus65313,N1_LRP298a,0,LargeBus
28133,MediumTruck65321,N2_LRP139b,0,MediumTruck
28134,MediumTruck65321,N2_LRP140a,5.105266772968552,MediumTruck
28135,MediumTruck65325,N2_LRP038c,0,MediumTruck
28136,MediumTruck65326,N2_LRP130a,0,MediumTruck
28137,MediumTruck65326,N2_LRP129c,0,MediumTruck
28138,LargeBus65328,N2_LRP161b,0,LargeBus
28139,LargeBus65328,N2_LRP161c,0,LargeBus
28140,LargeBus65328,N2_LRP162a,4.1729867887609995,LargeBus
28141,SmallTruck65329,N1_LRP309a,0,SmallTruck
28142,SmallTruck65329,N1_LRP308b,0,SmallTruck
28143,SmallTruck65329,N1_LRP308a,0.23145678091327715,SmallTruck
28144,MediumTruck65336,N2_LRP154c,0,MediumTruck
28145,MediumTruck65337,N2_LRP133a,0,MediumTruck
28146,MediumTruck65342,N2_LRP135a,0,MediumTruck
28147,SmallTruck65346,N2_LRP147d,0,SmallTruck
28148,SmallTruck65346,N2_LRP148b,0,SmallTruck
28149,SmallTruck65347,N2_LRP141b,0,SmallTruck
28150,MediumTruck65358,N2_LRP140a,6.105266772968552,MediumTruck
28151,MediumTruck65365,N105_LRP003a,0,MediumTruck
28152,LargeBus65366,N2_LRP035b,0,LargeBus
28153,MediumTruck65367,N1_LRP036c,0,MediumTruck
28154,SmallTruck65373,N2_LRP044c,0,SmallTruck
28155,LargeBus65376,N1_LRP169a,0,LargeBus
28156,MediumTruck65377,N1_LRP323b,0,MediumTruck
28157,MediumTruck65380,N2_LRP078a,0,MediumTruck
28158,MediumTruck65382,N2_LRP016a,0,MediumTruck
28159,MediumTruck65387,N105_LRP005c,0,MediumTruck
28160,MiniBus65390,N2_LRP138b,0,MiniBus
28161,MiniBus65390,N2_LRP138a,0,MiniBus
28162,MediumTruck65392,N1_LRP149c,0,MediumTruck
28163,MiniBus65393,N1_LRP319b,0,MiniBus
28164,MiniBus65393,N1_LRP319a,0,MiniBus
28165,LargeBus65394,N2_LRP147a,0,LargeBus
28166,LargeBus65394,N2_LRP147b,0,LargeBus
28167,LargeBus65395,N2_LRP140c,2.3358190908576635,LargeBus
28168,LargeBus65407,N2_LRP078a,0,LargeBus
28169,MediumTruck65410,N2_LRP138b,0,MediumTruck
28170,MediumTruck65410,N2_LRP139a,0,MediumTruck
28171,LargeBus65411,N2_LRP147b,0,LargeBus
28172,LargeBus65411,N2_LRP147a,0,LargeBus
28173,MediumTruck65421,N2_LRP060c,0,MediumTruck
28174,LargeBus65422,N2_LRP141b,0,LargeBus
28175,LargeBus65422,N2_LRP141a,0,LargeBus
28176,LargeBus65431,N1_LRP240c,0,LargeBus
28177,MediumTruck65436,N2_LRP012f,0,MediumTruck
28178,MediumTruck65440,N1_LRP137a,0,MediumTruck
28179,SmallTruck65443,N2_LRP161c,0,SmallTruck
28180,SmallTruck65443,N2_LRP161b,0,SmallTruck
28181,HeavyTruck65460,N2_LRP060c,0,HeavyTruck
28182,HeavyTruck65460,N2_LRP061a,0,HeavyTruck
28183,MediumTruck65465,N2_LRP102a,0,MediumTruck
28184,MiniBus65470,N2_LRP153b,0,MiniBus
28185,MiniBus65470,N2_LRP153a,0,MiniBus
28186,MediumTruck65474,N2_LRP123c,0,MediumTruck
28187,MediumTruck65474,N2_LRP123d,0,MediumTruck
28188,SmallTruck65475,N2_LRP168c,0,SmallTruck
28189,SmallTruck65475,N2_LRP168a,0,SmallTruck
28190,SmallTruck65485,N2_LRP073c,0,SmallTruck
28191,SmallTruck65485,N2_LRP073b,0,SmallTruck
28192,SmallTruck65490,N2_LRP119c,0,SmallTruck
28193,SmallTruck65490,N2_LRP120a,0,SmallTruck
28194,HeavyTruck65491,N2_LRP170e,0,HeavyTruck
28195,HeavyTruck65491,N2_LRP170c,0,HeavyTruck
28196,MediumTruck65497,N2_LRP098b,0.03622882035484638,MediumTruck
28197,LargeBus65505,N1_LRP342c,0,LargeBus
28198,LargeBus65505,N1_LRP342a,5.69636044078067,LargeBus
28199,HeavyTruck65506,N2_LRP118a,0,HeavyTruck
28200,LargeBus65507,N2_LRP163d,0,LargeBus
28201,LargeBus65507,N2_LRP163c,0,LargeBus
28202,LargeBus65507,N2_LRP163b,0,LargeBus
28203,SmallTruck65510,N1_LRP027a,0,SmallTruck
28204,SmallTruck65510,N1_LRP026b,0,SmallTruck
28205,SmallTruck65519,N2_LRP121a,0,SmallTruck
28206,MediumTruck65523,N2_LRP177a,0,MediumTruck
28207,LargeBus65525,N1_LRP127a,0,LargeBus
28208,SmallTruck65532,N2_LRP040b,0,SmallTruck
28209,MediumTruck65533,N2_LRP086a,0,MediumTruck
28210,MediumTruck65535,N2_LRP125a,0,MediumTruck
28211,MediumTruck65535,N2_LRP124c,0,MediumTruck
28212,SmallTruck65539,N2_LRP181c,0,SmallTruck
28213,MediumTruck65551,N2_LRP126a,0,MediumTruck
28214,MediumTruck65551,N2_LRP125d,0,MediumTruck
28215,MediumTruck65551,N2_LRP125c,0,MediumTruck
28216,MediumTruck65551,N2_LRP125b,0,MediumTruck
28217,SmallTruck65552,N2_LRP097a,0,SmallTruck
28218,SmallTruck65563,N2_LRP048b,0,SmallTruck
28219,MediumTruck65569,N1_LRP370c,0,MediumTruck
28220,MediumTruck65569,N1_LRP370a,0,MediumTruck
28221,MediumTruck65569,N1_LRP369c,0,MediumTruck
28222,MediumTruck65571,N2_LRP187b,0,MediumTruck
28223,LargeBus65574,N1_LRP033b,0,LargeBus
28224,LargeBus65574,N1_LRP033a,0,LargeBus
28225,SmallTruck65579,N2_LRP181c,0,SmallTruck
28226,LargeBus65581,N2_LRP086a,0,LargeBus
28227,MiniBus65585,N1_LRP360a,0,MiniBus
28228,MediumTruck65586,N2_LRP096a,0,MediumTruck
28229,MediumTruck65586,N2_LRP096c,0,MediumTruck
28230,SmallTruck65592,N2_LRP093a,0,SmallTruck
28231,MediumTruck65593,N2_LRP073g,0,MediumTruck
28232,MiniBus65600,N1_LRP105a,0,MiniBus
28233,MediumTruck65601,N1_LRP375c,0,MediumTruck
28234,MediumTruck65602,N2_LRP090a,0,MediumTruck
28235,MiniBus65603,N2_LRP186c,0,MiniBus
28236,MiniBus65603,N2_LRP186b,1.6680452594926498,MiniBus
28237,MediumTruck65616,N2_LRP081b,0,MediumTruck
28238,SmallTruck65619,N2_LRP200c,0,SmallTruck
28239,MediumTruck65627,N2_LRP167c,0,MediumTruck
28240,SmallTruck65631,N2_LRP151b,0,SmallTruck
28241,LargeBus65632,N2_LRP084a,0,LargeBus
28242,MediumTruck65633,N1_LRP382a,0,MediumTruck
28243,MediumTruck65633,N1_LRP381c,0,MediumTruck
28244,MediumTruck65633,N1_LRP381b,0,MediumTruck
28245,LargeBus65636,N2_LRP025a,0,LargeBus
28246,LargeBus65636,N2_LRP025b,0,LargeBus
28247,MiniBus65639,N1_LRP098a,0,MiniBus
28248,MiniBus65647,N2_LRP147d,0,MiniBus
28249,LargeBus65649,N1_LRP377f,0,LargeBus
28250,LargeBus65649,N1_LRP377d,0,LargeBus
28251,MediumTruck65652,N2_LRP012f,0,MediumTruck
28252,MediumTruck65656,N2_LRP079b,1.4054613127148758,MediumTruck
28253,MediumTruck65658,N2_LRP041b,0,MediumTruck
28254,MediumTruck65665,N1_LRP389a,0,MediumTruck
28255,MediumTruck65666,N1_LRP088a,0,MediumTruck
28256,SmallTruck65667,N2_LRP211b,0,SmallTruck
28257,MiniBus65674,N2_LRP042a,0,MiniBus
28258,LargeBus65676,N2_LRP225c,0.1545901199247923,LargeBus
28259,LargeBus65677,N2_LRP117b,0,LargeBus
28260,LargeBus65677,N2_LRP117a,0.0508540402005601,LargeBus
28261,LargeBus65681,N1_LRP389a,0,LargeBus
28262,MediumTruck65682,N2_LRP073g,0,MediumTruck
28263,LargeBus65683,N208_LRP034d,0,LargeBus
28264,LargeBus65683,N208_LRP034c,0,LargeBus
28265,MediumTruck65692,N2_LRP076a,0,MediumTruck
28266,MiniBus65698,N2_LRP076b,0,MiniBus
28267,LargeBus65707,N2_LRP158a,0,LargeBus
28268,MediumTruck65708,N2_LRP081b,0,MediumTruck
28269,MediumTruck65708,N2_LRP081a,0,MediumTruck
28270,SmallTruck65709,N2_LRP132b,0,SmallTruck
28271,SmallTruck65709,N2_LRP132a,0,SmallTruck
28272,LargeBus65715,N2_LRP214b,0.045229149949227235,LargeBus
28273,HeavyTruck65717,N102_LRP015a,0,HeavyTruck
28274,MiniBus65721,N2_LRP047a,0,MiniBus
28275,MiniBus65721,N2_LRP047c,0,MiniBus
28276,SmallTruck65725,N2_LRP135b,0,SmallTruck
28277,SmallTruck65727,N2_LRP169b,0,SmallTruck
28278,HeavyTruck65731,N2_LRP225c,0.18345338999514865,HeavyTruck
28279,SmallTruck65732,N102_LRP062c,0,SmallTruck
28280,HeavyTruck65733,N102_LRP019b,0,HeavyTruck
28281,HeavyTruck65733,N102_LRP019a,0,HeavyTruck
28282,MiniBus65757,N208_LRP031d,0,MiniBus
28283,MediumTruck65761,N1_LRP410c,0.15451011086699717,MediumTruck
28284,MediumTruck65764,N1_LRP027a,0,MediumTruck
28285,MediumTruck65764,N1_LRP026b,0,MediumTruck
28286,MediumTruck65773,N2_LRP147a,0,MediumTruck
28287,MiniBus65774,N2_LRP226c,0,MiniBus
28288,SmallTruck65776,N1_LRP051a,0,SmallTruck
28289,MediumTruck65778,N2_LRP050a,0,MediumTruck
28290,MediumTruck65779,N2_LRP236c,0,MediumTruck
28291,SmallTruck65786,N2_LRP163c,0,SmallTruck
28292,SmallTruck65786,N2_LRP163d,0,SmallTruck
28293,MiniBus65787,N2_LRP138a,0,MiniBus
28294,MiniBus65787,N2_LRP138b,0,MiniBus
28295,MiniBus65790,N208_LRP055a,0,MiniBus
28296,SmallTruck65792,N2_LRP038c,0,SmallTruck
28297,SmallTruck65792,N2_LRP039a,0,SmallTruck
28298,LargeBus65794,N2_LRP050a,0,LargeBus
28299,SmallTruck65796,N1_LRP035a,0,SmallTruck
28300,MediumTruck65804,N2_LRP188a,0,MediumTruck
28301,SmallTruck65805,N2_LRP152d,0,SmallTruck
28302,SmallTruck65805,N2_LRP152c,0,SmallTruck
28303,SmallTruck65805,N2_LRP152b,0,SmallTruck
28304,SmallTruck65805,N2_LRP152a,0,SmallTruck
28305,SmallTruck65809,N1_LRP421d,0,SmallTruck
28306,MediumTruck65810,N2_LRP043a,5.176796768257621,MediumTruck
28307,SmallTruck65820,N2_LRP106b,0,SmallTruck
28308,SmallTruck65820,N2_LRP106a,0,SmallTruck
28309,LargeBus65825,N1_LRP420e,0,LargeBus
28310,LargeBus65825,N1_LRP420d,0,LargeBus
28311,LargeBus65826,N2_LRP043a,6.176796768257621,LargeBus
28312,HeavyTruck65828,N102_LRP038b,0,HeavyTruck
28313,HeavyTruck65828,N102_LRP038d,0,HeavyTruck
28314,MediumTruck65837,N2_LRP158a,0,MediumTruck
28315,HeavyTruck65841,N1_LRP426e,0,HeavyTruck
28316,HeavyTruck65841,N1_LRP426d,0,HeavyTruck
28317,LargeBus65842,N2_LRP038c,0,LargeBus
28318,LargeBus65842,N2_LRP039a,0,LargeBus
28319,MediumTruck65848,N105_LRP035d,0,MediumTruck
28320,SmallTruck65851,N2_LRP117b,0,SmallTruck
28321,SmallTruck65851,N2_LRP117a,1.0508540402005602,SmallTruck
28322,MiniBus65852,N2_LRP180a,0,MiniBus
28323,MediumTruck65857,N1_LRP431b,0,MediumTruck
28324,MediumTruck65857,N1_LRP431a,0,MediumTruck
28325,MediumTruck65857,N1_LRP430c,0,MediumTruck
28326,SmallTruck65864,N105_LRP030c,0,SmallTruck
28327,SmallTruck65870,N208_LRP031b,0,SmallTruck
28328,SmallTruck65870,N208_LRP031d,0,SmallTruck
28329,MiniBus65871,N208_LRP024d,0,MiniBus
28330,MediumTruck65872,N1_LRP026a,0,MediumTruck
28331,MediumTruck65872,N1_LRP026b,0,MediumTruck
28332,LargeBus65875,N2_LRP258a,0,LargeBus
28333,MediumTruck65880,N2_LRP025b,0,MediumTruck
28334,MediumTruck65881,N105_LRP022c,0,MediumTruck
28335,MediumTruck65886,N208_LRP027b,0,MediumTruck
28336,MediumTruck65886,N208_LRP027d,0,MediumTruck
28337,MediumTruck65887,N2_LRP206b,0,MediumTruck
28338,MiniBus65890,N2_LRP024b,0,MiniBus
28339,MiniBus65890,N2_LRP025a,0,MiniBus
28340,MiniBus65894,N1_LRP123a,0,MiniBus
28341,SmallTruck65896,N1_LRP034a,0,SmallTruck
28342,SmallTruck65900,N2_LRP128a,0,SmallTruck
28343,SmallTruck65900,N2_LRP127c,0,SmallTruck
28344,MiniBus65906,N2_LRP021a,0,MiniBus
28345,SmallTruck65913,N105_LRP030c,0,SmallTruck
28346,LargeBus65921,N1_LRP444b,0,LargeBus
28347,LargeBus65921,N1_LRP444a,0,LargeBus
28348,LargeBus65921,N1_LRP443d,0,LargeBus
28349,SmallTruck65928,N1_LRP026a,0,SmallTruck
28350,MediumTruck65929,N105_LRP035d,0,MediumTruck
28351,LargeBus65932,N2_LRP139b,0,LargeBus
28352,LargeBus65932,N2_LRP139a,0,LargeBus
28353,MediumTruck65937,N1_LRP449d,0,MediumTruck
28354,MediumTruck65937,N1_LRP449c,0,MediumTruck
28355,MediumTruck65945,N105_LRP039b,0,MediumTruck
28356,MiniBus65946,N2_LRP106b,0,MiniBus
28357,MiniBus65946,N2_LRP106a,0,MiniBus
28358,MiniBus65951,N208_LRP046b,0,MiniBus
28359,MediumTruck65953,N1_LRP452e,0,MediumTruck
28360,MediumTruck65953,N1_LRP452d,0,MediumTruck
28361,SmallTruck65958,N1_LRP142a,0,SmallTruck
28362,LargeBus65964,N2_LRP140c,3.3358190908576635,LargeBus
28363,SmallTruck65968,N1_LRP001a,0,SmallTruck
28364,MediumTruck65969,N1_LRP456c,0,MediumTruck
28365,MediumTruck65971,N2_LRP285c,0,MediumTruck
28366,MediumTruck65972,N102_LRP002a,0,MediumTruck
28367,MiniBus65983,N2_LRP226d,0,MiniBus
28368,MiniBus65983,N2_LRP226c,0,MiniBus
28369,MiniBus65280,N1_LRP193a,0,MiniBus
28370,MediumTruck65282,N2_LRP169b,0,MediumTruck
28371,MediumTruck65282,N2_LRP169c,0,MediumTruck
28372,MediumTruck65282,N2_LRP169d,0,MediumTruck
28373,MiniBus65295,N2_LRP048b,0,MiniBus
28374,MediumTruck65297,N1_LRP306a,0,MediumTruck
28375,LargeBus65299,N2_LRP106b,0,LargeBus
28376,LargeBus65299,N2_LRP106a,0,LargeBus
28377,MediumTruck65312,N2_LRP152c,0,MediumTruck
28378,MediumTruck65312,N2_LRP152d,0,MediumTruck
28379,MediumTruck65312,N2_LRP153a,0,MediumTruck
28380,SmallTruck65316,N2_LRP091b,0,SmallTruck
28381,SmallTruck65323,N1_LRP023a,0,SmallTruck
28382,MediumTruck65326,N2_LRP129b,0,MediumTruck
28383,MediumTruck65326,N2_LRP129a,0,MediumTruck
28384,MediumTruck65326,N2_LRP128b,0,MediumTruck
28385,MediumTruck65335,N1_LRP027a,0,MediumTruck
28386,MediumTruck65336,N2_LRP155a,0,MediumTruck
28387,MediumTruck65337,N2_LRP134b,0,MediumTruck
28388,MediumTruck65337,N2_LRP134c,0,MediumTruck
28389,MediumTruck65342,N2_LRP134c,0,MediumTruck
28390,MediumTruck65342,N2_LRP134b,0,MediumTruck
28391,MediumTruck65345,N1_LRP311b,0,MediumTruck
28392,SmallTruck65347,N2_LRP141a,0,SmallTruck
28393,SmallTruck65347,N2_LRP140c,4.3358190908576635,SmallTruck
28394,MediumTruck65360,N1_LRP159a,0,MediumTruck
28395,MiniBus65361,N1_LRP307a,0,MiniBus
28396,LargeBus65363,N2_LRP132c,0,LargeBus
28397,LargeBus65363,N2_LRP132b,0,LargeBus
28398,LargeBus65363,N2_LRP132a,0,LargeBus
28399,MediumTruck65367,N1_LRP035a,0,MediumTruck
28400,SmallTruck65373,N2_LRP044a,0,SmallTruck
28401,MediumTruck65380,N2_LRP079a,0,MediumTruck
28402,MiniBus65393,N1_LRP318b,0,MiniBus
28403,LargeBus65394,N2_LRP147d,0,LargeBus
28404,MediumTruck65410,N2_LRP139b,0,MediumTruck
28405,MediumTruck65410,N2_LRP140a,6.105266772968552,MediumTruck
28406,LargeBus65411,N2_LRP146a,0,LargeBus
28407,LargeBus65422,N2_LRP140c,5.3358190908576635,LargeBus
28408,SmallTruck65427,N2_LRP157b,0,SmallTruck
28409,SmallTruck65427,N2_LRP157a,0,SmallTruck
28410,MediumTruck65436,N2_LRP012c,0,MediumTruck
28411,MediumTruck65441,N1_LRP341a,0,MediumTruck
28412,MediumTruck65441,N1_LRP340a,0,MediumTruck
28413,SmallTruck65443,N2_LRP161a,0,SmallTruck
28414,SmallTruck65449,N102_LRP019a,0,SmallTruck
28415,MediumTruck65456,N1_LRP134a,0,MediumTruck
28416,MediumTruck65465,N2_LRP103c,0,MediumTruck
28417,MiniBus65470,N2_LRP152d,0,MiniBus
28418,MiniBus65470,N2_LRP152c,0,MiniBus
28419,MiniBus65470,N2_LRP152b,0,MiniBus
28420,MiniBus65470,N2_LRP152a,0,MiniBus
28421,MediumTruck65474,N2_LRP123e,0,MediumTruck
28422,MediumTruck65474,N2_LRP124c,0,MediumTruck
28423,SmallTruck65475,N2_LRP167c,0,SmallTruck
28424,SmallTruck65475,N2_LRP167b,0,SmallTruck
28425,SmallTruck65490,N2_LRP121a,0,SmallTruck
28426,HeavyTruck65491,N2_LRP170b,0,HeavyTruck
28427,HeavyTruck65491,N2_LRP170a,0,HeavyTruck
28428,HeavyTruck65491,N2_LRP169f,0,HeavyTruck
28429,HeavyTruck65491,N2_LRP169e,0,HeavyTruck
28430,HeavyTruck65491,N2_LRP169d,0,HeavyTruck
28431,HeavyTruck65491,N2_LRP169c,0,HeavyTruck
28432,MiniBus65500,N2_LRP016a,0,MiniBus
28433,HeavyTruck65506,N2_LRP118b,0,HeavyTruck
28434,HeavyTruck65506,N2_LRP118e,0,HeavyTruck
28435,LargeBus65507,N2_LRP163a,0,LargeBus
28436,LargeBus65507,N2_LRP162e,0,LargeBus
28437,LargeBus65507,N2_LRP162d,0,LargeBus
28438,LargeBus65507,N2_LRP162c,0,LargeBus
28439,SmallTruck65510,N1_LRP026a,0,SmallTruck
28440,MediumTruck65513,N102_LRP002a,0,MediumTruck
28441,MediumTruck65513,N102_LRP002b,0,MediumTruck
28442,MediumTruck65513,N102_LRP002c,0,MediumTruck
28443,SmallTruck65519,N2_LRP120a,0,SmallTruck
28444,SmallTruck65519,N2_LRP119c,0,SmallTruck
28445,MediumTruck65521,N1_LRP353b,0,MediumTruck
28446,MediumTruck65521,N1_LRP353a,0,MediumTruck
28447,MediumTruck65521,N1_LRP352a,0,MediumTruck
28448,MediumTruck65523,N2_LRP176e,0,MediumTruck
28449,MediumTruck65523,N2_LRP176d,0,MediumTruck
28450,MediumTruck65523,N2_LRP176c,0,MediumTruck
28451,MediumTruck65523,N2_LRP176b,0,MediumTruck
28452,SmallTruck65532,N2_LRP040a,0,SmallTruck
28453,SmallTruck65532,N2_LRP039c,0,SmallTruck
28454,MediumTruck65535,N2_LRP123e,0,MediumTruck
28455,MediumTruck65535,N2_LRP123d,0,MediumTruck
28456,MediumTruck65537,N1_LRP359b,0,MediumTruck
28457,MediumTruck65537,N1_LRP359a,0,MediumTruck
28458,SmallTruck65539,N2_LRP180c,0,SmallTruck
28459,MediumTruck65545,N2_LRP086a,0,MediumTruck
28460,MediumTruck65551,N2_LRP125a,0,MediumTruck
28461,MediumTruck65551,N2_LRP124c,0,MediumTruck
28462,SmallTruck65552,N2_LRP098b,0.17815335024633788,SmallTruck
28463,MediumTruck65554,N1_LRP118d,0,MediumTruck
28464,MediumTruck65555,N2_LRP184c,0,MediumTruck
28465,SmallTruck65563,N2_LRP048a,0,SmallTruck
28466,SmallTruck65563,N2_LRP047c,0,SmallTruck
28467,MediumTruck65568,N1_LRP105a,0,MediumTruck
28468,MediumTruck65569,N1_LRP369b,0,MediumTruck
28469,MediumTruck65569,N1_LRP369a,0,MediumTruck
28470,MediumTruck65571,N2_LRP186d,0,MediumTruck
28471,SmallTruck65577,N1_LRP068a,0,SmallTruck
28472,SmallTruck65579,N2_LRP182a,0,SmallTruck
28473,SmallTruck65579,N2_LRP182b,0,SmallTruck
28474,MiniBus65585,N1_LRP359b,0,MiniBus
28475,MiniBus65585,N1_LRP359a,0,MiniBus
28476,MediumTruck65586,N2_LRP097a,0,MediumTruck
28477,MediumTruck65593,N2_LRP074a,0,MediumTruck
28478,MediumTruck65601,N1_LRP374e,0,MediumTruck
28479,MediumTruck65605,N1_LRP068a,0,MediumTruck
28480,MediumTruck65606,N1_LRP051a,0,MediumTruck
28481,SmallTruck65611,N2_LRP061a,0,SmallTruck
28482,LargeBus65617,N1_LRP374e,0,LargeBus
28483,LargeBus65617,N1_LRP374c,0,LargeBus
28484,LargeBus65617,N1_LRP374a,0,LargeBus
28485,SmallTruck65619,N2_LRP199d,0,SmallTruck
28486,MediumTruck65624,N2_LRP090a,0,MediumTruck
28487,MediumTruck65627,N2_LRP168a,0,MediumTruck
28488,MediumTruck65627,N2_LRP168c,0,MediumTruck
28489,SmallTruck65631,N2_LRP151a,0,SmallTruck
28490,SmallTruck65634,N102_LRP015a,0,SmallTruck
28491,MiniBus65647,N2_LRP147b,0,MiniBus
28492,MiniBus65647,N2_LRP147a,0,MiniBus
28493,LargeBus65649,N1_LRP377c,0,LargeBus
28494,LargeBus65649,N1_LRP377a,0,LargeBus
28495,SmallTruck65654,N102_LRP019a,0,SmallTruck
28496,MediumTruck65658,N2_LRP040b,0,MediumTruck
28497,MediumTruck65665,N1_LRP388a,0,MediumTruck
28498,MediumTruck65668,N1_LRP001a,0,MediumTruck
28499,HeavyTruck65669,N102_LRP002c,0,HeavyTruck
28500,HeavyTruck65669,N102_LRP002b,0,HeavyTruck
28501,HeavyTruck65669,N102_LRP002a,0,HeavyTruck
28502,MiniBus65674,N2_LRP041b,0,MiniBus
28503,LargeBus65681,N1_LRP388a,0,LargeBus
28504,LargeBus65681,N1_LRP387f,0,LargeBus
28505,MediumTruck65682,N2_LRP074a,0,MediumTruck
28506,MiniBus65702,N1_LRP068a,0,MiniBus
28507,LargeBus65707,N2_LRP159b,0,LargeBus
28508,LargeBus65707,N2_LRP159c,0,LargeBus
28509,MediumTruck65708,N2_LRP079d,0,MediumTruck
28510,MediumTruck65708,N2_LRP079b,1.4054613127148758,MediumTruck
28511,SmallTruck65712,N1_LRP068a,0,SmallTruck
28512,MediumTruck65713,N1_LRP403a,0,MediumTruck
28513,LargeBus65714,N102_LRPSc,0,LargeBus
28514,MediumTruck65720,N2_LRP066a,0,MediumTruck
28515,MiniBus65721,N2_LRP048a,0,MiniBus
28516,SmallTruck65725,N2_LRP135a,0,SmallTruck
28517,SmallTruck65727,N2_LRP168c,0,SmallTruck
28518,SmallTruck65727,N2_LRP168a,0,SmallTruck
28519,MiniBus65738,N2_LRP050a,0,MiniBus
28520,LargeBus65745,N1_LRP403a,0,LargeBus
28521,MediumTruck65749,N102_LRP022a,0,MediumTruck
28522,MiniBus65757,N208_LRP031b,0,MiniBus
28523,MediumTruck65761,N1_LRP410b,0,MediumTruck
28524,LargeBus65762,N2_LRP060c,0,LargeBus
28525,LargeBus65762,N2_LRP061a,0,LargeBus
28526,MediumTruck65764,N1_LRP026a,0,MediumTruck
28527,MediumTruck65773,N2_LRP146a,0,MediumTruck
28528,MiniBus65774,N2_LRP225c,0.11150974964258667,MiniBus
28529,MediumTruck65777,N1_LRP414a,0,MediumTruck
28530,MediumTruck65779,N2_LRP236a,0,MediumTruck
28531,MediumTruck65779,N2_LRP235a,0,MediumTruck
28532,MediumTruck65783,N1_LRP142a,0,MediumTruck
28533,SmallTruck65786,N2_LRP164a,0,SmallTruck
28534,SmallTruck65786,N2_LRP164b,0,SmallTruck
28535,SmallTruck65786,N2_LRP164d,0,SmallTruck
28536,MiniBus65787,N2_LRP139a,0,MiniBus
28537,MiniBus65787,N2_LRP139b,0,MiniBus
28538,SmallTruck65792,N2_LRP039c,0,SmallTruck
28539,MediumTruck65795,N2_LRP240a,0,MediumTruck
28540,SmallTruck65805,N2_LRP151b,0,SmallTruck
28541,SmallTruck65809,N1_LRP420e,0,SmallTruck
28542,SmallTruck65809,N1_LRP420d,0,SmallTruck
28543,LargeBus65811,N2_LRP240a,0,LargeBus
28544,MediumTruck65813,N102_LRP038d,0,MediumTruck
28545,LargeBus65825,N1_LRP420c,0,LargeBus
28546,LargeBus65825,N1_LRP420a,0,LargeBus
28547,SmallTruck65827,N2_LRP248a,0,SmallTruck
28548,SmallTruck65830,N1_LRP109a,0,SmallTruck
28549,SmallTruck65831,N104_LRP010a,0,SmallTruck
28550,HeavyTruck65841,N1_LRP426c,0,HeavyTruck
28551,HeavyTruck65841,N1_LRP426b,0,HeavyTruck
28552,HeavyTruck65841,N1_LRP426a,0,HeavyTruck
28553,HeavyTruck65841,N1_LRP425e,0,HeavyTruck
28554,LargeBus65842,N2_LRP039c,0,LargeBus
28555,MediumTruck65846,N1_LRP112a,0,MediumTruck
28556,MiniBus65852,N2_LRP180c,0,MiniBus
28557,MediumTruck65857,N1_LRP430b,0,MediumTruck
28558,MediumTruck65857,N1_LRP430a,0,MediumTruck
28559,MediumTruck65857,N1_LRP429f,0,MediumTruck
28560,MediumTruck65865,N105_LRP017c,0,MediumTruck
28561,LargeBus65867,N2_LRP117b,0,LargeBus
28562,LargeBus65867,N2_LRP117a,1.0508540402005602,LargeBus
28563,SmallTruck65869,N2_LRP165d,0,SmallTruck
28564,SmallTruck65869,N2_LRP165c,0,SmallTruck
28565,SmallTruck65869,N2_LRP164d,0,SmallTruck
28566,MediumTruck65872,N1_LRP027a,0,MediumTruck
28567,LargeBus65873,N1_LRP431b,0,LargeBus
28568,LargeBus65873,N1_LRP431a,0,LargeBus
28569,LargeBus65873,N1_LRP430c,0,LargeBus
28570,MediumTruck65877,N102_LRP055c,0,MediumTruck
28571,MediumTruck65878,N1_LRP120b,0,MediumTruck
28572,MediumTruck65881,N105_LRP021d,0,MediumTruck
28573,MediumTruck65886,N208_LRP027f,0,MediumTruck
28574,MiniBus65890,N2_LRP025b,0,MiniBus
28575,SmallTruck65891,N2_LRP264a,0,SmallTruck
28576,MiniBus65894,N1_LRP122a,0,MiniBus
28577,SmallTruck65900,N2_LRP127b,0,SmallTruck
28578,SmallTruck65905,N1_LRP440a,0,SmallTruck
28579,MiniBus65906,N2_LRP021b,0,MiniBus
28580,MediumTruck65908,N102_LRP019a,0,MediumTruck
28581,MediumTruck65908,N102_LRP019b,0,MediumTruck
28582,LargeBus65910,N1_LRP127a,0,LargeBus
28583,LargeBus65921,N1_LRP443c,0,LargeBus
28584,SmallTruck65924,N102_LRP015a,0,SmallTruck
28585,SmallTruck65928,N1_LRP026b,0,SmallTruck
28586,LargeBus65932,N2_LRP138b,0,LargeBus
28587,LargeBus65932,N2_LRP138a,0,LargeBus
28588,MediumTruck65936,N1_LRP010b,0,MediumTruck
28589,MediumTruck65936,N1_LRP010c,0,MediumTruck
28590,MediumTruck65936,N1_LRP011a,0,MediumTruck
28591,MediumTruck65937,N1_LRP448a,0,MediumTruck
28592,MiniBus65939,N2_LRP276a,0,MiniBus
28593,MediumTruck65942,N1_LRP137a,0,MediumTruck
28594,MediumTruck65948,N2_LRP140a,7.105266772968552,MediumTruck
28595,MediumTruck65953,N1_LRP452c,0,MediumTruck
28596,MediumTruck65953,N1_LRP452a,0,MediumTruck
28597,MediumTruck65953,N1_LRP451e,0,MediumTruck
28598,MediumTruck65961,N105_LRP042b,0,MediumTruck
28599,MediumTruck65965,N207_LRP061d,0,MediumTruck
28600,MediumTruck65969,N1_LRP456a,0,MediumTruck
28601,MediumTruck65971,N2_LRP285a,0,MediumTruck
28602,MediumTruck65971,N2_LRP284c,0,MediumTruck
28603,MediumTruck65972,N102_LRP002b,0,MediumTruck
28604,MediumTruck65972,N102_LRP002c,0,MediumTruck
28605,MediumTruck65974,N1_LRP145a,0,MediumTruck
28606,MediumTruck65978,N204_LRP003b,0,MediumTruck
28607,MiniBus65983,N2_LRP225c,0.5147164597775402,MiniBus
28608,SmallTruck65281,N1_LRP296b,0,SmallTruck
28609,MediumTruck65282,N2_LRP169e,0,MediumTruck
28610,MediumTruck65282,N2_LRP169f,0,MediumTruck
28611,MediumTruck65282,N2_LRP170a,0,MediumTruck
28612,MediumTruck65282,N2_LRP170b,0,MediumTruck
28613,MediumTruck65282,N2_LRP170c,0,MediumTruck
28614,MediumTruck65285,N2_LRP024b,0,MediumTruck
28615,MiniBus65295,N2_LRP048a,0,MiniBus
28616,MiniBus65295,N2_LRP047c,0,MiniBus
28617,MiniBus65295,N2_LRP047a,0,MiniBus
28618,MediumTruck65297,N1_LRP305c,0,MediumTruck
28619,LargeBus65298,N2_LRP178a,0,LargeBus
28620,LargeBus65298,N2_LRP178b,0,LargeBus
28621,LargeBus65298,N2_LRP179a,0,LargeBus
28622,SmallTruck65301,N2_LRP021a,0,SmallTruck
28623,MediumTruck65312,N2_LRP153b,0,MediumTruck
28624,LargeBus65313,N1_LRP296b,0,LargeBus
28625,MediumTruck65314,N2_LRP162c,0,MediumTruck
28626,MediumTruck65314,N2_LRP162d,0,MediumTruck
28627,SmallTruck65316,N2_LRP092a,0,SmallTruck
28628,SmallTruck65316,N2_LRP092b,0,SmallTruck
28629,MediumTruck65326,N2_LRP128a,0,MediumTruck
28630,MediumTruck65326,N2_LRP127c,0,MediumTruck
28631,SmallTruck65331,N2_LRP139b,0,SmallTruck
28632,SmallTruck65331,N2_LRP139a,0,SmallTruck
28633,MediumTruck65334,N2_LRP029b,0,MediumTruck
28634,MediumTruck65335,N1_LRP026b,0,MediumTruck
28635,MediumTruck65335,N1_LRP026a,0,MediumTruck
28636,MediumTruck65336,N2_LRP156a,0,MediumTruck
28637,MediumTruck65337,N2_LRP135a,0,MediumTruck
28638,MediumTruck65342,N2_LRP133a,0,MediumTruck
28639,MediumTruck65345,N1_LRP311a,0,MediumTruck
28640,MediumTruck65345,N1_LRP310b,0,MediumTruck
28641,MediumTruck65351,N1_LRP030a,0,MediumTruck
28642,MediumTruck65353,N2_LRP132a,0,MediumTruck
28643,MediumTruck65353,N2_LRP132b,0,MediumTruck
28644,MediumTruck65353,N2_LRP132c,0,MediumTruck
28645,MiniBus65361,N1_LRP306b,0,MiniBus
28646,SmallTruck65373,N2_LRP043d,0,SmallTruck
28647,MediumTruck65377,N1_LRP322a,0,MediumTruck
28648,MediumTruck65380,N2_LRP079b,2.405461312714876,MediumTruck
28649,MediumTruck65387,N105_LRP003a,0,MediumTruck
28650,MiniBus65393,N1_LRP318a,0,MiniBus
28651,MiniBus65393,N1_LRP317a,0.17273767739998852,MiniBus
28652,LargeBus65394,N2_LRP148b,0,LargeBus
28653,LargeBus65407,N2_LRP076b,0,LargeBus
28654,MediumTruck65409,N1_LRP325c,0,MediumTruck
28655,MediumTruck65409,N1_LRP325a,0,MediumTruck
28656,SmallTruck65416,N2_LRP138a,0,SmallTruck
28657,LargeBus65419,N1_LRP004b,0,LargeBus
28658,MediumTruck65421,N2_LRP059a,0,MediumTruck
28659,MediumTruck65421,N2_LRP058c,0,MediumTruck
28660,SmallTruck65427,N2_LRP156a,0,SmallTruck
28661,MediumTruck65429,N1_LRP023a,0,MediumTruck
28662,SmallTruck65443,N2_LRP160a,0,SmallTruck
28663,MediumTruck65457,N1_LRP341a,0,MediumTruck
28664,MediumTruck65457,N1_LRP340a,0,MediumTruck
28665,MediumTruck65465,N2_LRP104a,0,MediumTruck
28666,MiniBus65470,N2_LRP151b,0,MiniBus
28667,SmallTruck65475,N2_LRP166e,0,SmallTruck
28668,SmallTruck65475,N2_LRP166d,0,SmallTruck
28669,SmallTruck65485,N2_LRP072a,0,SmallTruck
28670,SmallTruck65490,N2_LRP121c,0,SmallTruck
28671,HeavyTruck65491,N2_LRP169b,0,HeavyTruck
28672,HeavyTruck65506,N2_LRP118g,0,HeavyTruck
28673,LargeBus65507,N2_LRP162a,3.1729867887609995,LargeBus
28674,SmallTruck65517,N2_LRP081b,0,SmallTruck
28675,SmallTruck65517,N2_LRP081a,0,SmallTruck
28676,SmallTruck65519,N2_LRP118g,0,SmallTruck
28677,MediumTruck65523,N2_LRP175f,0,MediumTruck
28678,MediumTruck65523,N2_LRP175e,0,MediumTruck
28679,MediumTruck65523,N2_LRP175d,0,MediumTruck
28680,MediumTruck65523,N2_LRP175c,0,MediumTruck
28681,SmallTruck65532,N2_LRP039a,0,SmallTruck
28682,MediumTruck65535,N2_LRP123c,0,MediumTruck
28683,MediumTruck65536,N2_LRP102a,0,MediumTruck
28684,MediumTruck65537,N1_LRP358b,0,MediumTruck
28685,MediumTruck65537,N1_LRP358a,0,MediumTruck
28686,SmallTruck65539,N2_LRP180a,0,SmallTruck
28687,LargeBus65542,N1_LRP023a,0,LargeBus
28688,MediumTruck65545,N2_LRP087a,0,MediumTruck
28689,MediumTruck65551,N2_LRP123e,0,MediumTruck
28690,MediumTruck65551,N2_LRP123d,0,MediumTruck
28691,SmallTruck65553,N1_LRP360c,0,SmallTruck
28692,SmallTruck65553,N1_LRP360a,0,SmallTruck
28693,MediumTruck65554,N1_LRP119a,0,MediumTruck
28694,MediumTruck65555,N2_LRP183d,0.5797905007889362,MediumTruck
28695,LargeBus65556,N2_LRP043d,0,LargeBus
28696,LargeBus65556,N2_LRP044a,0,LargeBus
28697,SmallTruck65563,N2_LRP047a,0,SmallTruck
28698,SmallTruck65563,N2_LRP046c,0,SmallTruck
28699,MediumTruck65569,N1_LRP368a,0.024098587444437127,MediumTruck
28700,MediumTruck65571,N2_LRP186c,0,MediumTruck
28701,SmallTruck65573,N1_LRP105a,0,SmallTruck
28702,MediumTruck65578,N2_LRP016a,0,MediumTruck
28703,SmallTruck65579,N2_LRP182d,0,SmallTruck
28704,SmallTruck65579,N2_LRP183a,0,SmallTruck
28705,LargeBus65581,N2_LRP084a,0,LargeBus
28706,MiniBus65585,N1_LRP358b,0,MiniBus
28707,MiniBus65585,N1_LRP358a,0,MiniBus
28708,MediumTruck65586,N2_LRP098b,0.09062988758376309,MediumTruck
28709,MediumTruck65593,N2_LRP076a,0,MediumTruck
28710,MiniBus65600,N1_LRP107a,0,MiniBus
28711,MediumTruck65601,N1_LRP374c,0,MediumTruck
28712,MediumTruck65601,N1_LRP374a,0,MediumTruck
28713,MediumTruck65601,N1_LRP373b,0,MediumTruck
28714,MediumTruck65602,N2_LRP091b,0,MediumTruck
28715,MediumTruck65602,N2_LRP092a,0,MediumTruck
28716,MediumTruck65602,N2_LRP092b,0,MediumTruck
28717,SmallTruck65611,N2_LRP060c,0,SmallTruck
28718,LargeBus65617,N1_LRP373b,0,LargeBus
28719,LargeBus65617,N1_LRP373a,0,LargeBus
28720,MediumTruck65627,N2_LRP169b,0,MediumTruck
28721,MediumTruck65627,N2_LRP169c,0,MediumTruck
28722,MediumTruck65627,N2_LRP169d,0,MediumTruck
28723,LargeBus65632,N2_LRP086a,0,LargeBus
28724,MediumTruck65633,N1_LRP380c,0,MediumTruck
28725,MediumTruck65633,N1_LRP380a,0,MediumTruck
28726,LargeBus65637,N1_LRP098a,0,LargeBus
28727,MiniBus65647,N2_LRP146a,0,MiniBus
28728,LargeBus65649,N1_LRP376a,0,LargeBus
28729,LargeBus65649,N1_LRP375c,0,LargeBus
28730,LargeBus65650,N2_LRP090a,0,LargeBus
28731,SmallTruck65654,N102_LRP019b,0,SmallTruck
28732,MediumTruck65656,N2_LRP079d,0,MediumTruck
28733,MediumTruck65658,N2_LRP040a,0,MediumTruck
28734,MediumTruck65658,N2_LRP039c,0,MediumTruck
28735,MediumTruck65661,N208_LRP011b,0,MediumTruck
28736,MediumTruck65665,N1_LRP387f,0,MediumTruck
28737,MediumTruck65665,N1_LRP387e,0,MediumTruck
28738,MiniBus65674,N2_LRP040b,0,MiniBus
28739,MiniBus65674,N2_LRP040a,0,MiniBus
28740,LargeBus65676,N2_LRP226c,0,LargeBus
28741,LargeBus65676,N2_LRP226d,0,LargeBus
28742,MediumTruck65680,N1_LRP077a,0,MediumTruck
28743,LargeBus65681,N1_LRP387e,0,LargeBus
28744,LargeBus65681,N1_LRP387b,0,LargeBus
28745,LargeBus65681,N1_LRP387a,0,LargeBus
28746,MediumTruck65682,N2_LRP076a,0,MediumTruck
28747,MediumTruck65692,N2_LRP074a,0,MediumTruck
28748,MiniBus65698,N2_LRP078a,0,MiniBus
28749,SmallTruck65701,N102_LRP009a,0,SmallTruck
28750,LargeBus65707,N2_LRP159d,0,LargeBus
28751,LargeBus65707,N2_LRP160a,0,LargeBus
28752,SmallTruck65709,N2_LRP130c,0,SmallTruck
28753,SmallTruck65709,N2_LRP130b,0,SmallTruck
28754,MediumTruck65713,N1_LRP402b,0,MediumTruck
28755,LargeBus65714,N102_LRP002a,0,LargeBus
28756,LargeBus65714,N102_LRP002b,0,LargeBus
28757,LargeBus65714,N102_LRP002c,0,LargeBus
28758,MediumTruck65720,N2_LRP067c,0,MediumTruck
28759,MiniBus65721,N2_LRP048b,0,MiniBus
28760,SmallTruck65725,N2_LRP134c,0,SmallTruck
28761,SmallTruck65725,N2_LRP134b,0,SmallTruck
28762,SmallTruck65727,N2_LRP167c,0,SmallTruck
28763,SmallTruck65727,N2_LRP167b,0,SmallTruck
28764,MediumTruck65729,N1_LRP403a,0,MediumTruck
28765,MediumTruck65730,N2_LRP064a,0,MediumTruck
28766,LargeBus65745,N1_LRP402b,0,LargeBus
28767,MediumTruck65751,N1_LRP159a,0,MediumTruck
28768,SmallTruck65756,N207_LRP061d,0,SmallTruck
28769,MiniBus65757,N208_LRP029c,0,MiniBus
28770,SmallTruck65759,N2_LRP172d,0,SmallTruck
28771,SmallTruck65759,N2_LRP172c,0,SmallTruck
28772,MediumTruck65761,N1_LRP410a,0,MediumTruck
28773,MediumTruck65781,N102_LRP029d,0,MediumTruck
28774,SmallTruck65786,N2_LRP165c,0,SmallTruck
28775,SmallTruck65786,N2_LRP165d,0,SmallTruck
28776,MiniBus65787,N2_LRP140a,8.105266772968552,MiniBus
28777,SmallTruck65789,N2_LRP148b,0,SmallTruck
28778,MiniBus65790,N2_LRP228b,0,MiniBus
28779,SmallTruck65792,N2_LRP040a,0,SmallTruck
28780,SmallTruck65792,N2_LRP040b,0,SmallTruck
28781,MediumTruck65795,N2_LRP239a,0,MediumTruck
28782,MediumTruck65795,N2_LRP238c,0,MediumTruck
28783,SmallTruck65796,N1_LRP034a,0,SmallTruck
28784,MediumTruck65797,N102_LRP034b,0,MediumTruck
28785,SmallTruck65805,N2_LRP151a,0,SmallTruck
28786,SmallTruck65807,N2_LRP184c,0,SmallTruck
28787,SmallTruck65809,N1_LRP420c,0,SmallTruck
28788,SmallTruck65809,N1_LRP420a,0,SmallTruck
28789,LargeBus65811,N2_LRP239a,0,LargeBus
28790,LargeBus65811,N2_LRP238c,0,LargeBus
28791,MediumTruck65812,N1_LRP127a,0,MediumTruck
28792,MediumTruck65813,N102_LRP038b,0,MediumTruck
28793,MediumTruck65813,N102_LRP037d,0,MediumTruck
28794,MediumTruck65814,N104_LRP044d,0,MediumTruck
28795,LargeBus65815,N104_LRPSa,0,LargeBus
28796,SmallTruck65820,N2_LRP104a,0,SmallTruck
28797,LargeBus65824,N2_LRP035b,0,LargeBus
28798,LargeBus65825,N1_LRP418b,0,LargeBus
28799,MediumTruck65837,N2_LRP157b,0,MediumTruck
28800,MediumTruck65837,N2_LRP157a,0,MediumTruck
28801,HeavyTruck65841,N1_LRP425c,1.8155407122218707,HeavyTruck
28802,LargeBus65842,N2_LRP040a,0,LargeBus
28803,LargeBus65842,N2_LRP040b,0,LargeBus
28804,MiniBus65852,N2_LRP181c,0,MiniBus
28805,MediumTruck65857,N1_LRP429c,0,MediumTruck
28806,MediumTruck65857,N1_LRP429b,0,MediumTruck
28807,MediumTruck65857,N1_LRP429a,0,MediumTruck
28808,MediumTruck65863,N104_LRP017b,0,MediumTruck
28809,SmallTruck65864,N105_LRP032b,0,SmallTruck
28810,SmallTruck65864,N105_LRP032c,0,SmallTruck
28811,SmallTruck65869,N2_LRP164b,0,SmallTruck
28812,SmallTruck65869,N2_LRP164a,0,SmallTruck
28813,LargeBus65873,N1_LRP430b,0,LargeBus
28814,LargeBus65873,N1_LRP430a,0,LargeBus
28815,LargeBus65873,N1_LRP429f,0,LargeBus
28816,MediumTruck65881,N105_LRP020c,0,MediumTruck
28817,MediumTruck65886,N208_LRP028d,0,MediumTruck
28818,MiniBus65889,N1_LRP433c,0,MiniBus
28819,MiniBus65889,N1_LRP433b,0.09891003733093515,MiniBus
28820,HeavyTruck65893,N102_LRP058a,0,HeavyTruck
28821,SmallTruck65896,N1_LRP035a,0,SmallTruck
28822,MediumTruck65897,N105_LRP024c,0,MediumTruck
28823,SmallTruck65900,N2_LRP126d,0,SmallTruck
28824,SmallTruck65900,N2_LRP126c,0,SmallTruck
28825,SmallTruck65900,N2_LRP126b,0,SmallTruck
28826,MediumTruck65902,N208_LRP024d,0,MediumTruck
28827,MediumTruck65903,N208_LRP034d,0,MediumTruck
28828,MediumTruck65903,N208_LRP034c,0,MediumTruck
28829,MediumTruck65904,N1_LRP020a,0,MediumTruck
28830,SmallTruck65905,N1_LRP439a,0,SmallTruck
28831,MediumTruck65909,N102_LRP062c,0,MediumTruck
28832,MediumTruck65909,N102_LRP062b,0,MediumTruck
28833,SmallTruck65917,N2_LRP211b,0,SmallTruck
28834,SmallTruck65917,N2_LRP211c,0,SmallTruck
28835,LargeBus65921,N1_LRP441a,0,LargeBus
28836,MediumTruck65922,N2_LRP016a,0,MediumTruck
28837,LargeBus65926,N104_LRP017b,0,LargeBus
28838,SmallTruck65928,N1_LRP027a,0,SmallTruck
28839,MediumTruck65937,N1_LRP447c,0,MediumTruck
28840,SmallTruck65938,N2_LRP012c,0,SmallTruck
28841,MiniBus65939,N2_LRP274e,0,MiniBus
28842,MiniBus65946,N2_LRP104a,0,MiniBus
28843,MediumTruck65950,N208_LRP011b,0,MediumTruck
28844,MediumTruck65953,N1_LRP451b,0,MediumTruck
28845,MediumTruck65953,N1_LRP450e,0.2051562872993989,MediumTruck
28846,MediumTruck65960,N1_LRP020a,0,MediumTruck
28847,MediumTruck65969,N1_LRP455a,0,MediumTruck
28848,MediumTruck65971,N2_LRP284b,0,MediumTruck
28849,SmallTruck65981,N2_LRP188a,0,SmallTruck
28850,SmallTruck65981,N2_LRP187b,0,SmallTruck
28851,MiniBus65280,N1_LRP194a,0,MiniBus
28852,MiniBus65280,N1_LRP195a,0,MiniBus
28853,SmallTruck65281,N1_LRP296a,0,SmallTruck
28854,MediumTruck65282,N2_LRP170e,0,MediumTruck
28855,MediumTruck65282,N2_LRP170f,0.028486403463683828,MediumTruck
28856,MediumTruck65285,N2_LRP025a,0,MediumTruck
28857,MediumTruck65285,N2_LRP025b,0,MediumTruck
28858,MiniBus65295,N2_LRP046c,0,MiniBus
28859,LargeBus65296,N1_LRP190a,0.3988430470506314,LargeBus
28860,MediumTruck65297,N1_LRP304b,0,MediumTruck
28861,LargeBus65298,N2_LRP180a,0,LargeBus
28862,LargeBus65299,N2_LRP104a,0,LargeBus
28863,SmallTruck65301,N2_LRP021b,0,SmallTruck
28864,MiniBus65311,N2_LRP050a,0,MiniBus
28865,MediumTruck65312,N2_LRP154c,0,MediumTruck
28866,LargeBus65313,N1_LRP296a,0,LargeBus
28867,MediumTruck65314,N2_LRP162e,0,MediumTruck
28868,MediumTruck65314,N2_LRP163a,0,MediumTruck
28869,MediumTruck65314,N2_LRP163b,0,MediumTruck
28870,SmallTruck65316,N2_LRP093a,0,SmallTruck
28871,MediumTruck65325,N2_LRP035b,0,MediumTruck
28872,MediumTruck65326,N2_LRP127b,0,MediumTruck
28873,SmallTruck65329,N1_LRP307a,0,SmallTruck
28874,SmallTruck65329,N1_LRP306b,0,SmallTruck
28875,SmallTruck65331,N2_LRP138b,0,SmallTruck
28876,MediumTruck65336,N2_LRP157a,0,MediumTruck
28877,MediumTruck65337,N2_LRP135b,0,MediumTruck
28878,MediumTruck65342,N2_LRP132c,0,MediumTruck
28879,MediumTruck65345,N1_LRP310a,0,MediumTruck
28880,MediumTruck65353,N2_LRP133a,0,MediumTruck
28881,MiniBus65361,N1_LRP306a,0,MiniBus
28882,MiniBus65361,N1_LRP305c,0,MiniBus
28883,LargeBus65363,N2_LRP130c,0,LargeBus
28884,LargeBus65363,N2_LRP130b,0,LargeBus
28885,MediumTruck65365,N105_LRP005c,0,MediumTruck
28886,MediumTruck65365,N105_LRP006a,0,MediumTruck
28887,LargeBus65366,N2_LRP038c,0,LargeBus
28888,LargeBus65366,N2_LRP039a,0,LargeBus
28889,MediumTruck65367,N1_LRP034a,0,MediumTruck
28890,SmallTruck65373,N2_LRP043a,5.176796768257621,SmallTruck
28891,LargeBus65376,N1_LRP171a,0.9702146857858747,LargeBus
28892,MediumTruck65377,N1_LRP321d,0,MediumTruck
28893,MediumTruck65377,N1_LRP321b,0,MediumTruck
28894,MediumTruck65382,N2_LRP018a,0,MediumTruck
28895,MediumTruck65384,N2_LRP141a,0,MediumTruck
28896,MediumTruck65384,N2_LRP141b,0,MediumTruck
28897,MiniBus65390,N2_LRP135b,0,MiniBus
28898,MiniBus65390,N2_LRP135a,0,MiniBus
28899,MiniBus65393,N1_LRP316a,0,MiniBus
28900,MediumTruck65404,N105_LRP006a,0,MediumTruck
28901,LargeBus65407,N2_LRP076a,0,LargeBus
28902,SmallTruck65416,N2_LRP138b,0,SmallTruck
28903,SmallTruck65416,N2_LRP139a,0,SmallTruck
28904,MiniBus65418,N1_LRP051a,0,MiniBus
28905,MediumTruck65425,N1_LRP327a,0.7320378029994422,MediumTruck
28906,MediumTruck65441,N1_LRP339c,3.8060479849766886,MediumTruck
28907,MiniBus65442,N2_LRP140c,4.3358190908576635,MiniBus
28908,SmallTruck65443,N2_LRP159d,0,SmallTruck
28909,SmallTruck65443,N2_LRP159c,0,SmallTruck
28910,SmallTruck65443,N2_LRP159b,0,SmallTruck
28911,SmallTruck65449,N102_LRP019b,0,SmallTruck
28912,MediumTruck65456,N1_LRP136a,0,MediumTruck
28913,MediumTruck65462,N1_LRP014a,0,MediumTruck
28914,MiniBus65470,N2_LRP151a,0,MiniBus
28915,MediumTruck65474,N2_LRP125a,0,MediumTruck
28916,MediumTruck65474,N2_LRP125b,0,MediumTruck
28917,MediumTruck65474,N2_LRP125c,0,MediumTruck
28918,SmallTruck65490,N2_LRP122b,0,SmallTruck
28919,HeavyTruck65491,N2_LRP168c,0,HeavyTruck
28920,HeavyTruck65491,N2_LRP168a,0,HeavyTruck
28921,MiniBus65502,N2_LRP161c,0,MiniBus
28922,MiniBus65502,N2_LRP161b,0,MiniBus
28923,HeavyTruck65506,N2_LRP119c,0,HeavyTruck
28924,HeavyTruck65506,N2_LRP120a,0,HeavyTruck
28925,LargeBus65509,N1_LRP030a,0,LargeBus
28926,SmallTruck65517,N2_LRP079d,0,SmallTruck
28927,SmallTruck65517,N2_LRP079b,2.405461312714876,SmallTruck
28928,SmallTruck65519,N2_LRP118e,0,SmallTruck
28929,SmallTruck65519,N2_LRP118b,0,SmallTruck
28930,SmallTruck65519,N2_LRP118a,0,SmallTruck
28931,MediumTruck65521,N1_LRP351a,0,MediumTruck
28932,SmallTruck65532,N2_LRP038c,0,SmallTruck
28933,MediumTruck65533,N2_LRP084a,0,MediumTruck
28934,MediumTruck65535,N2_LRP122b,0,MediumTruck
28935,MediumTruck65536,N2_LRP103c,0,MediumTruck
28936,MediumTruck65537,N1_LRP357f,0,MediumTruck
28937,MediumTruck65537,N1_LRP357d,0,MediumTruck
28938,SmallTruck65539,N2_LRP179a,0,SmallTruck
28939,SmallTruck65539,N2_LRP178b,0,SmallTruck
28940,MediumTruck65551,N2_LRP123c,0,MediumTruck
28941,MediumTruck65555,N2_LRP183c,0,MediumTruck
28942,LargeBus65556,N2_LRP044c,0,LargeBus
28943,SmallTruck65563,N2_LRP045b,0,SmallTruck
28944,MediumTruck65568,N1_LRP107a,0,MediumTruck
28945,MediumTruck65571,N2_LRP186b,0.15578356085640024,MediumTruck
28946,LargeBus65575,N1_LRP077a,0,LargeBus
28947,SmallTruck65579,N2_LRP183c,0,SmallTruck
28948,SmallTruck65579,N2_LRP183d,0.2511964042527857,SmallTruck
28949,MiniBus65585,N1_LRP357f,0,MiniBus
28950,MiniBus65585,N1_LRP357d,0,MiniBus
28951,SmallTruck65592,N2_LRP095a,0,SmallTruck
28952,MediumTruck65593,N2_LRP076b,0,MediumTruck
28953,MiniBus65600,N1_LRP109a,0,MiniBus
28954,MediumTruck65601,N1_LRP373a,0,MediumTruck
28955,MediumTruck65602,N2_LRP093a,0,MediumTruck
28956,SmallTruck65611,N2_LRP059a,0,SmallTruck
28957,LargeBus65617,N1_LRP372c,0,LargeBus
28958,LargeBus65618,N2_LRP095a,0,LargeBus
28959,LargeBus65618,N2_LRP096a,0,LargeBus
28960,MediumTruck65624,N2_LRP091b,0,MediumTruck
28961,MediumTruck65624,N2_LRP092a,0,MediumTruck
28962,MediumTruck65624,N2_LRP092b,0,MediumTruck
28963,MediumTruck65627,N2_LRP169e,0,MediumTruck
28964,MediumTruck65627,N2_LRP169f,0,MediumTruck
28965,MediumTruck65627,N2_LRP170a,0,MediumTruck
28966,MediumTruck65627,N2_LRP170b,0,MediumTruck
28967,MediumTruck65627,N2_LRP170c,0,MediumTruck
28968,LargeBus65632,N2_LRP087a,0,LargeBus
28969,SmallTruck65634,N102_LRP017a,0,SmallTruck
28970,MediumTruck65656,N2_LRP081a,0,MediumTruck
28971,MediumTruck65658,N2_LRP039a,0,MediumTruck
28972,MediumTruck65665,N1_LRP387b,0,MediumTruck
28973,MediumTruck65665,N1_LRP387a,0,MediumTruck
28974,MediumTruck65665,N1_LRP386f,0,MediumTruck
28975,MediumTruck65665,N1_LRP386e,0,MediumTruck
28976,HeavyTruck65669,N102_LRPSc,0,HeavyTruck
28977,MiniBus65674,N2_LRP039c,0,MiniBus
28978,LargeBus65681,N1_LRP386f,0,LargeBus
28979,LargeBus65681,N1_LRP386e,0,LargeBus
28980,LargeBus65681,N1_LRP386c,0,LargeBus
28981,MediumTruck65682,N2_LRP076b,0,MediumTruck
28982,MediumTruck65692,N2_LRP073g,0,MediumTruck
28983,MiniBus65698,N2_LRP079a,0,MiniBus
28984,MediumTruck65699,N2_LRP216b,0,MediumTruck
28985,LargeBus65707,N2_LRP161a,0,LargeBus
28986,SmallTruck65709,N2_LRP130a,0,SmallTruck
28987,SmallTruck65709,N2_LRP129c,0,SmallTruck
28988,MiniBus65710,N2_LRP207b,0,MiniBus
28989,MiniBus65721,N2_LRP050a,0,MiniBus
28990,SmallTruck65725,N2_LRP133a,0,SmallTruck
28991,SmallTruck65727,N2_LRP166e,0,SmallTruck
28992,SmallTruck65727,N2_LRP166d,0,SmallTruck
28993,MediumTruck65729,N1_LRP402b,0,MediumTruck
28994,MediumTruck65730,N2_LRP064b,0,MediumTruck
28995,HeavyTruck65731,N2_LRP224b,0,HeavyTruck
28996,SmallTruck65732,N102_LRP065a,0,SmallTruck
28997,HeavyTruck65733,N102_LRP017a,0,HeavyTruck
28998,MediumTruck65736,N2_LRP064a,0,MediumTruck
28999,MiniBus65738,N2_LRP048b,0,MiniBus
29000,SmallTruck65740,N207_LRP066b,0,SmallTruck
29001,LargeBus65747,N2_LRP221b,0,LargeBus
29002,SmallTruck65754,N2_LRP061a,0,SmallTruck
29003,MiniBus65757,N208_LRP028d,0,MiniBus
29004,SmallTruck65759,N2_LRP171f,0.12299958818039274,SmallTruck
29005,MiniBus65774,N2_LRP224b,0,MiniBus
29006,MediumTruck65777,N1_LRP412d,0,MediumTruck
29007,MediumTruck65777,N1_LRP412b,0,MediumTruck
29008,MediumTruck65778,N2_LRP052a,0,MediumTruck
29009,LargeBus65780,N102_LRP058a,0,LargeBus
29010,SmallTruck65789,N2_LRP147d,0,SmallTruck
29011,SmallTruck65789,N2_LRP147b,0,SmallTruck
29012,SmallTruck65792,N2_LRP041b,0,SmallTruck
29013,LargeBus65794,N2_LRP052a,0,LargeBus
29014,SmallTruck65796,N1_LRP033b,0,SmallTruck
29015,SmallTruck65796,N1_LRP033a,0,SmallTruck
29016,MediumTruck65797,N102_LRP033c,0,MediumTruck
29017,SmallTruck65807,N2_LRP183d,0.47396463578153125,SmallTruck
29018,SmallTruck65809,N1_LRP418b,0,SmallTruck
29019,MediumTruck65813,N102_LRP037c,0,MediumTruck
29020,SmallTruck65827,N2_LRP246c,0,SmallTruck
29021,SmallTruck65830,N1_LRP107a,0,SmallTruck
29022,MediumTruck65837,N2_LRP156a,0,MediumTruck
29023,LargeBus65842,N2_LRP041b,0,LargeBus
29024,MediumTruck65845,N102_LRP045a,0,MediumTruck
29025,MediumTruck65846,N1_LRP111a,0,MediumTruck
29026,MiniBus65852,N2_LRP182a,0,MiniBus
29027,MiniBus65852,N2_LRP182b,0,MiniBus
29028,MiniBus65852,N2_LRP182d,0,MiniBus
29029,MediumTruck65857,N1_LRP428d,0,MediumTruck
29030,MediumTruck65857,N1_LRP428c,0,MediumTruck
29031,MediumTruck65857,N1_LRP428b,0,MediumTruck
29032,MediumTruck65857,N1_LRP428a,0,MediumTruck
29033,SmallTruck65869,N2_LRP163d,0,SmallTruck
29034,SmallTruck65869,N2_LRP163c,0,SmallTruck
29035,SmallTruck65869,N2_LRP163b,0,SmallTruck
29036,SmallTruck65869,N2_LRP163a,0,SmallTruck
29037,LargeBus65873,N1_LRP429c,0,LargeBus
29038,LargeBus65873,N1_LRP429b,0,LargeBus
29039,LargeBus65873,N1_LRP429a,0,LargeBus
29040,LargeBus65873,N1_LRP428d,0,LargeBus
29041,LargeBus65873,N1_LRP428c,0,LargeBus
29042,MediumTruck65878,N1_LRP119a,0,MediumTruck
29043,LargeBus65879,N104_LRP017b,0,LargeBus
29044,MediumTruck65886,N208_LRP029c,0,MediumTruck
29045,MiniBus65889,N1_LRP432b,0,MiniBus
29046,MiniBus65894,N1_LRP120b,0,MiniBus
29047,SmallTruck65896,N1_LRP036c,0,SmallTruck
29048,SmallTruck65900,N2_LRP126a,0,SmallTruck
29049,SmallTruck65900,N2_LRP125d,0,SmallTruck
29050,SmallTruck65900,N2_LRP125c,0,SmallTruck
29051,SmallTruck65900,N2_LRP125b,0,SmallTruck
29052,MiniBus65907,N2_LRP264a,0,MiniBus
29053,SmallTruck65911,N104_LRP028a,0,SmallTruck
29054,SmallTruck65912,N105_LRP020c,0,SmallTruck
29055,MediumTruck65925,N102_LRP065a,0,MediumTruck
29056,MediumTruck65929,N105_LRP032c,0,MediumTruck
29057,MediumTruck65929,N105_LRP032b,0,MediumTruck
29058,MediumTruck65936,N1_LRP012a,0,MediumTruck
29059,MediumTruck65936,N1_LRP012b,0,MediumTruck
29060,MediumTruck65937,N1_LRP447b,0,MediumTruck
29061,MediumTruck65937,N1_LRP447a,0,MediumTruck
29062,MediumTruck65937,N1_LRP446d,0,MediumTruck
29063,MediumTruck65937,N1_LRP446b,0,MediumTruck
29064,SmallTruck65938,N2_LRP012f,0,SmallTruck
29065,MediumTruck65942,N1_LRP136a,0,MediumTruck
29066,MiniBus65946,N2_LRP103c,0,MiniBus
29067,MediumTruck65953,N1_LRP450c,0,MediumTruck
29068,MediumTruck65961,N105_LRP041c,0,MediumTruck
29069,MediumTruck65971,N2_LRP283b,0,MediumTruck
29070,MediumTruck65974,N1_LRP143a,0,MediumTruck
29071,MiniBus65982,N208_LRP004c,0,MiniBus
29072,MiniBus65983,N2_LRP224b,0,MiniBus
29073,SmallTruck65990,N104_LRPSa,0,SmallTruck
29074,MediumTruck65992,N1_LRP011a,0,MediumTruck
29075,MediumTruck65996,N2_LRP147a,0,MediumTruck
29076,MediumTruck65996,N2_LRP147b,0,MediumTruck
29077,MiniBus65999,N2_LRP228b,0,MiniBus
29078,SmallTruck65281,N1_LRP295a,0,SmallTruck
29079,MediumTruck65282,N2_LRP170g,0,MediumTruck
29080,MediumTruck65282,N2_LRP170h,0,MediumTruck
29081,MediumTruck65282,N2_LRP170i,0,MediumTruck
29082,MediumTruck65282,N2_LRP170j,0,MediumTruck
29083,MediumTruck65297,N1_LRP303a,0,MediumTruck
29084,LargeBus65298,N2_LRP180c,0,LargeBus
29085,LargeBus65299,N2_LRP103c,0,LargeBus
29086,SmallTruck65304,N104_LRP044d,0,SmallTruck
29087,MediumTruck65312,N2_LRP155a,0,MediumTruck
29088,LargeBus65313,N1_LRP295a,0,LargeBus
29089,LargeBus65313,N1_LRP294c,0,LargeBus
29090,MediumTruck65314,N2_LRP163c,0,MediumTruck
29091,MediumTruck65314,N2_LRP163d,0,MediumTruck
29092,MediumTruck65326,N2_LRP126d,0,MediumTruck
29093,MediumTruck65326,N2_LRP126c,0,MediumTruck
29094,MediumTruck65326,N2_LRP126b,0,MediumTruck
29095,SmallTruck65329,N1_LRP306a,0,SmallTruck
29096,SmallTruck65331,N2_LRP138a,0,SmallTruck
29097,MediumTruck65336,N2_LRP157b,0,MediumTruck
29098,MediumTruck65342,N2_LRP132b,0,MediumTruck
29099,MediumTruck65342,N2_LRP132a,0,MediumTruck
29100,MediumTruck65345,N1_LRP309b,0,MediumTruck
29101,SmallTruck65346,N2_LRP151a,0,SmallTruck
29102,MediumTruck65353,N2_LRP134b,0,MediumTruck
29103,MediumTruck65353,N2_LRP134c,0,MediumTruck
29104,MediumTruck65356,N1_LRP020a,0,MediumTruck
29105,MiniBus65361,N1_LRP304b,0,MiniBus
29106,LargeBus65363,N2_LRP130a,0,LargeBus
29107,LargeBus65363,N2_LRP129c,0,LargeBus
29108,LargeBus65363,N2_LRP129b,0,LargeBus
29109,LargeBus65366,N2_LRP039c,0,LargeBus
29110,MediumTruck65367,N1_LRP033b,0,MediumTruck
29111,MediumTruck65367,N1_LRP033a,0,MediumTruck
29112,LargeBus65376,N1_LRP171b,0,LargeBus
29113,MediumTruck65377,N1_LRP321a,0,MediumTruck
29114,MiniBus65390,N2_LRP134c,0,MiniBus
29115,MiniBus65393,N1_LRP315a,0,MiniBus
29116,LargeBus65395,N2_LRP140a,8.105266772968552,LargeBus
29117,MediumTruck65404,N105_LRP005c,0,MediumTruck
29118,MiniBus65405,N2_LRP042a,0,MiniBus
29119,MediumTruck65409,N1_LRP323b,0,MediumTruck
29120,SmallTruck65416,N2_LRP139b,0,SmallTruck
29121,SmallTruck65416,N2_LRP140a,9.105266772968552,SmallTruck
29122,MediumTruck65421,N2_LRP057b,0,MediumTruck
29123,MediumTruck65421,N2_LRP057a,0,MediumTruck
29124,SmallTruck65427,N2_LRP155a,0,SmallTruck
29125,LargeBus65431,N1_LRP244a,0,LargeBus
29126,SmallTruck65443,N2_LRP158a,0,SmallTruck
29127,MediumTruck65446,N105_LRP003a,0,MediumTruck
29128,MediumTruck65457,N1_LRP339c,3.8060479849766886,MediumTruck
29129,HeavyTruck65460,N2_LRP064a,0,HeavyTruck
29130,MediumTruck65462,N1_LRP012b,0,MediumTruck
29131,MediumTruck65462,N1_LRP012a,0,MediumTruck
29132,MediumTruck65465,N2_LRP106a,0,MediumTruck
29133,MediumTruck65474,N2_LRP125d,0,MediumTruck
29134,MediumTruck65474,N2_LRP126a,0,MediumTruck
29135,MediumTruck65474,N2_LRP126b,0,MediumTruck
29136,SmallTruck65475,N2_LRP165d,0,SmallTruck
29137,SmallTruck65475,N2_LRP165c,0,SmallTruck
29138,SmallTruck65475,N2_LRP164d,0,SmallTruck
29139,SmallTruck65485,N2_LRP070c,0,SmallTruck
29140,SmallTruck65490,N2_LRP123c,0,SmallTruck
29141,SmallTruck65490,N2_LRP123d,0,SmallTruck
29142,HeavyTruck65491,N2_LRP167c,0,HeavyTruck
29143,HeavyTruck65491,N2_LRP167b,0,HeavyTruck
29144,MiniBus65502,N2_LRP161a,0,MiniBus
29145,HeavyTruck65506,N2_LRP121a,0,HeavyTruck
29146,MediumTruck65521,N1_LRP350a,0,MediumTruck
29147,SmallTruck65522,N2_LRP117a,0.005197663635114271,SmallTruck
29148,LargeBus65525,N1_LRP131b,0,LargeBus
29149,MediumTruck65535,N2_LRP121c,0,MediumTruck
29150,MediumTruck65536,N2_LRP104a,0,MediumTruck
29151,MediumTruck65537,N1_LRP357c,0,MediumTruck
29152,MediumTruck65537,N1_LRP357a,0,MediumTruck
29153,SmallTruck65539,N2_LRP178a,0,SmallTruck
29154,MediumTruck65551,N2_LRP122b,0,MediumTruck
29155,SmallTruck65553,N1_LRP359b,0,SmallTruck
29156,SmallTruck65553,N1_LRP359a,0,SmallTruck
29157,MediumTruck65554,N1_LRP120b,0,MediumTruck
29158,MediumTruck65555,N2_LRP183a,0,MediumTruck
29159,MediumTruck65555,N2_LRP182d,0,MediumTruck
29160,LargeBus65556,N2_LRP045b,0,LargeBus
29161,SmallTruck65563,N2_LRP044c,0,SmallTruck
29162,MediumTruck65569,N1_LRP367a,0,MediumTruck
29163,SmallTruck65573,N1_LRP107a,0,SmallTruck
29164,LargeBus65574,N1_LRP030a,0,LargeBus
29165,MiniBus65585,N1_LRP357c,0,MiniBus
29166,MiniBus65585,N1_LRP357a,0,MiniBus
29167,MediumTruck65587,N2_LRP188a,0,MediumTruck
29168,SmallTruck65592,N2_LRP096a,0,SmallTruck
29169,SmallTruck65592,N2_LRP096c,0,SmallTruck
29170,MiniBus65599,N2_LRP139b,0,MiniBus
29171,MiniBus65599,N2_LRP139a,0,MiniBus
29172,MediumTruck65601,N1_LRP372c,0,MediumTruck
29173,MediumTruck65601,N1_LRP372a,0,MediumTruck
29174,MiniBus65603,N2_LRP184c,0,MiniBus
29175,SmallTruck65611,N2_LRP058c,0,SmallTruck
29176,MediumTruck65616,N2_LRP084a,0,MediumTruck
29177,LargeBus65617,N1_LRP372a,0,LargeBus
29178,LargeBus65617,N1_LRP371c,0,LargeBus
29179,LargeBus65617,N1_LRP371a,0,LargeBus
29180,LargeBus65618,N2_LRP096c,0,LargeBus
29181,LargeBus65618,N2_LRP097a,0,LargeBus
29182,MediumTruck65624,N2_LRP093a,0,MediumTruck
29183,MediumTruck65627,N2_LRP170e,0,MediumTruck
29184,MediumTruck65627,N2_LRP170f,0.12693520276704284,MediumTruck
29185,SmallTruck65631,N2_LRP148b,0,SmallTruck
29186,MiniBus65639,N1_LRP094a,0,MiniBus
29187,LargeBus65649,N1_LRP374e,0,LargeBus
29188,LargeBus65649,N1_LRP374c,0,LargeBus
29189,LargeBus65649,N1_LRP374a,0,LargeBus
29190,LargeBus65650,N2_LRP091b,0,LargeBus
29191,LargeBus65650,N2_LRP092a,0,LargeBus
29192,LargeBus65650,N2_LRP092b,0,LargeBus
29193,MediumTruck65652,N2_LRP016a,0,MediumTruck
29194,MediumTruck65656,N2_LRP081b,0,MediumTruck
29195,MediumTruck65658,N2_LRP038c,0,MediumTruck
29196,MediumTruck65664,N1_LRP083a,0,MediumTruck
29197,MediumTruck65664,N1_LRP083b,0,MediumTruck
29198,MediumTruck65665,N1_LRP386c,0,MediumTruck
29199,MediumTruck65665,N1_LRP386a,0,MediumTruck
29200,MediumTruck65665,N1_LRP385g,0,MediumTruck
29201,SmallTruck65667,N2_LRP207b,0,SmallTruck
29202,MiniBus65674,N2_LRP039a,0,MiniBus
29203,MiniBus65674,N2_LRP038c,0,MiniBus
29204,LargeBus65676,N2_LRP228b,0,LargeBus
29205,LargeBus65681,N1_LRP386a,0,LargeBus
29206,LargeBus65681,N1_LRP385g,0,LargeBus
29207,LargeBus65683,N208_LRP031d,0,LargeBus
29208,LargeBus65683,N208_LRP031b,0,LargeBus
29209,MediumTruck65692,N2_LRP073c,0,MediumTruck
29210,MediumTruck65692,N2_LRP073b,0,MediumTruck
29211,MiniBus65698,N2_LRP079b,1.6761386452010965,MiniBus
29212,MediumTruck65699,N2_LRP216a,0,MediumTruck
29213,LargeBus65707,N2_LRP161b,0,LargeBus
29214,LargeBus65707,N2_LRP161c,0,LargeBus
29215,LargeBus65707,N2_LRP162a,2.1729867887609995,LargeBus
29216,MediumTruck65708,N2_LRP079a,0,MediumTruck
29217,SmallTruck65709,N2_LRP129b,0,SmallTruck
29218,SmallTruck65709,N2_LRP129a,0,SmallTruck
29219,SmallTruck65709,N2_LRP128b,0,SmallTruck
29220,MiniBus65710,N2_LRP206b,0,MiniBus
29221,LargeBus65715,N2_LRP211c,0,LargeBus
29222,LargeBus65715,N2_LRP211b,0,LargeBus
29223,MediumTruck65719,N1_LRP123a,0,MediumTruck
29224,SmallTruck65725,N2_LRP132c,0,SmallTruck
29225,MediumTruck65736,N2_LRP064b,0,MediumTruck
29226,MiniBus65738,N2_LRP048a,0,MiniBus
29227,MiniBus65738,N2_LRP047c,0,MiniBus
29228,MiniBus65738,N2_LRP047a,0,MiniBus
29229,MediumTruck65748,N102_LRP062b,0,MediumTruck
29230,SmallTruck65754,N2_LRP060c,0,SmallTruck
29231,MiniBus65757,N208_LRP027f,0,MiniBus
29232,SmallTruck65759,N2_LRP171e,0,SmallTruck
29233,MediumTruck65761,N1_LRP408a,0,MediumTruck
29234,MediumTruck65777,N1_LRP412a,0,MediumTruck
29235,MediumTruck65777,N1_LRP411b,0,MediumTruck
29236,MediumTruck65778,N2_LRP053a,0,MediumTruck
29237,MediumTruck65781,N102_LRP028c,0,MediumTruck
29238,LargeBus65782,N1_LRP088a,0,LargeBus
29239,SmallTruck65786,N2_LRP166d,0,SmallTruck
29240,SmallTruck65786,N2_LRP166e,0,SmallTruck
29241,SmallTruck65786,N2_LRP167b,0,SmallTruck
29242,SmallTruck65789,N2_LRP147a,0,SmallTruck
29243,MiniBus65790,N2_LRP226d,0,MiniBus
29244,SmallTruck65792,N2_LRP042a,0,SmallTruck
29245,LargeBus65793,N1_LRP414a,0,LargeBus
29246,LargeBus65794,N2_LRP053a,0,LargeBus
29247,LargeBus65794,N2_LRP054a,0,LargeBus
29248,SmallTruck65807,N2_LRP183c,0,SmallTruck
29249,LargeBus65811,N2_LRP236c,0,LargeBus
29250,MediumTruck65813,N102_LRP036d,0,MediumTruck
29251,MediumTruck65813,N102_LRP036b,0,MediumTruck
29252,SmallTruck65820,N2_LRP103c,0,SmallTruck
29253,SmallTruck65822,N208_LRP046b,0,SmallTruck
29254,LargeBus65825,N1_LRP417d,0.2393168649418771,LargeBus
29255,MiniBus65839,N208_LRP011b,0,MiniBus
29256,HeavyTruck65841,N1_LRP425b,0,HeavyTruck
29257,HeavyTruck65841,N1_LRP425a,0,HeavyTruck
29258,LargeBus65842,N2_LRP042a,0,LargeBus
29259,HeavyTruck65843,N2_LRP249a,0,HeavyTruck
29260,MiniBus65852,N2_LRP183a,0,MiniBus
29261,MiniBus65852,N2_LRP183c,0,MiniBus
29262,MediumTruck65857,N1_LRP427e,0,MediumTruck
29263,MediumTruck65857,N1_LRP427d,0,MediumTruck
29264,MediumTruck65857,N1_LRP427b,0,MediumTruck
29265,MediumTruck65860,N102_LRP033c,0,MediumTruck
29266,SmallTruck65869,N2_LRP162e,0,SmallTruck
29267,SmallTruck65869,N2_LRP162d,0,SmallTruck
29268,SmallTruck65869,N2_LRP162c,0,SmallTruck
29269,SmallTruck65870,N208_LRP034c,0,SmallTruck
29270,SmallTruck65870,N208_LRP034d,0,SmallTruck
29271,MediumTruck65872,N1_LRP030a,0,MediumTruck
29272,LargeBus65873,N1_LRP428b,0,LargeBus
29273,LargeBus65873,N1_LRP428a,0,LargeBus
29274,LargeBus65873,N1_LRP427e,0,LargeBus
29275,MediumTruck65878,N1_LRP118d,0,MediumTruck
29276,MiniBus65889,N1_LRP432a,0,MiniBus
29277,MiniBus65889,N1_LRP431d,0.2626114627684523,MiniBus
29278,SmallTruck65891,N2_LRP262a,0,SmallTruck
29279,SmallTruck65891,N2_LRP261b,0,SmallTruck
29280,MiniBus65892,N102_LRP028c,0,MiniBus
29281,MediumTruck65897,N105_LRP023c,0,MediumTruck
29282,SmallTruck65900,N2_LRP125a,0,SmallTruck
29283,SmallTruck65900,N2_LRP124c,0,SmallTruck
29284,SmallTruck65905,N1_LRP438c,0,SmallTruck
29285,SmallTruck65905,N1_LRP438b,0,SmallTruck
29286,SmallTruck65905,N1_LRP438a,0,SmallTruck
29287,SmallTruck65912,N105_LRP021d,0,SmallTruck
29288,SmallTruck65913,N105_LRP027c,0,SmallTruck
29289,MiniBus65918,N208_LRP024d,0,MiniBus
29290,MiniBus65919,N208_LRP034d,0,MiniBus
29291,MiniBus65919,N208_LRP034c,0,MiniBus
29292,LargeBus65921,N1_LRP440a,0,LargeBus
29293,SmallTruck65924,N102_LRP017a,0,SmallTruck
29294,MediumTruck65930,N204_LRP020b,0,MediumTruck
29295,MediumTruck65931,N204_LRP020b,0,MediumTruck
29296,LargeBus65932,N2_LRP135b,0,LargeBus
29297,LargeBus65932,N2_LRP135a,0,LargeBus
29298,MediumTruck65936,N1_LRP014a,0,MediumTruck
29299,MiniBus65946,N2_LRP102a,0,MiniBus
29300,LargeBus65949,N2_LRP206b,0,LargeBus
29301,MediumTruck65953,N1_LRP450a,0,MediumTruck
29302,MediumTruck65961,N105_LRP040c,0,MediumTruck
29303,SmallTruck65968,N1_LRP004b,0,SmallTruck
29304,MediumTruck65975,N104_LRP044d,0,MediumTruck
29305,SmallTruck65981,N2_LRP186d,0,SmallTruck
29306,SmallTruck65981,N2_LRP186c,0,SmallTruck
29307,SmallTruck65989,N102_LRP082a,0,SmallTruck
29308,MediumTruck65992,N1_LRP010c,0,MediumTruck
29309,MediumTruck65992,N1_LRP010b,0,MediumTruck
29310,MediumTruck65994,N2_LRP118a,0,MediumTruck
29311,MediumTruck65994,N2_LRP118b,0,MediumTruck
29312,MediumTruck65994,N2_LRP118e,0,MediumTruck
29313,MediumTruck65996,N2_LRP147d,0,MediumTruck
29314,MediumTruck65996,N2_LRP148b,0,MediumTruck
29315,MiniBus65280,N1_LRP196a,0,MiniBus
29316,SmallTruck65281,N1_LRP294c,0,SmallTruck
29317,MediumTruck65282,N2_LRP171d,0,MediumTruck
29318,MediumTruck65282,N2_LRP171e,0,MediumTruck
29319,MediumTruck65282,N2_LRP171f,0.20514441325749347,MediumTruck
29320,MediumTruck65289,N102_LRP062b,0,MediumTruck
29321,MiniBus65295,N2_LRP045b,0,MiniBus
29322,LargeBus65296,N1_LRP191a,0,LargeBus
29323,LargeBus65296,N1_LRP191b,0,LargeBus
29324,MediumTruck65297,N1_LRP302e,0,MediumTruck
29325,LargeBus65298,N2_LRP181c,0,LargeBus
29326,LargeBus65299,N2_LRP102a,0,LargeBus
29327,MiniBus65311,N2_LRP048b,0,MiniBus
29328,MediumTruck65312,N2_LRP156a,0,MediumTruck
29329,LargeBus65313,N1_LRP294a,0,LargeBus
29330,MediumTruck65314,N2_LRP164a,0,MediumTruck
29331,MediumTruck65314,N2_LRP164b,0,MediumTruck
29332,MediumTruck65314,N2_LRP164d,0,MediumTruck
29333,SmallTruck65323,N1_LRP026a,0,SmallTruck
29334,MediumTruck65326,N2_LRP126a,0,MediumTruck
29335,MediumTruck65326,N2_LRP125d,0,MediumTruck
29336,MediumTruck65326,N2_LRP125c,0,MediumTruck
29337,MediumTruck65326,N2_LRP125b,0,MediumTruck
29338,LargeBus65328,N2_LRP162c,0,LargeBus
29339,LargeBus65328,N2_LRP162d,0,LargeBus
29340,SmallTruck65329,N1_LRP305c,0,SmallTruck
29341,MediumTruck65336,N2_LRP158a,0,MediumTruck
29342,MediumTruck65345,N1_LRP309a,0,MediumTruck
29343,MediumTruck65345,N1_LRP308b,0,MediumTruck
29344,MediumTruck65345,N1_LRP308a,0.37962926853371104,MediumTruck
29345,SmallTruck65346,N2_LRP151b,0,SmallTruck
29346,SmallTruck65346,N2_LRP152a,0,SmallTruck
29347,SmallTruck65346,N2_LRP152b,0,SmallTruck
29348,MediumTruck65353,N2_LRP135a,0,MediumTruck
29349,MiniBus65361,N1_LRP303a,0,MiniBus
29350,LargeBus65363,N2_LRP129a,0,LargeBus
29351,LargeBus65363,N2_LRP128b,0,LargeBus
29352,LargeBus65366,N2_LRP040a,0,LargeBus
29353,LargeBus65366,N2_LRP040b,0,LargeBus
29354,SmallTruck65372,N1_LRP020a,0,SmallTruck
29355,LargeBus65376,N1_LRP171c,0,LargeBus
29356,MediumTruck65377,N1_LRP320a,0,MediumTruck
29357,MediumTruck65380,N2_LRP079d,0,MediumTruck
29358,MiniBus65390,N2_LRP134b,0,MiniBus
29359,MiniBus65390,N2_LRP133a,0,MiniBus
29360,MiniBus65393,N1_LRP314a,0,MiniBus
29361,LargeBus65394,N2_LRP151a,0,LargeBus
29362,LargeBus65394,N2_LRP151b,0,LargeBus
29363,MiniBus65405,N2_LRP041b,0,MiniBus
29364,LargeBus65407,N2_LRP074a,0,LargeBus
29365,LargeBus65407,N2_LRP073g,0,LargeBus
29366,LargeBus65419,N1_LRP001a,0,LargeBus
29367,SmallTruck65427,N2_LRP154c,0,SmallTruck
29368,LargeBus65431,N1_LRP244c,0,LargeBus
29369,LargeBus65431,N1_LRP245a,0,LargeBus
29370,MediumTruck65456,N1_LRP137a,0,MediumTruck
29371,HeavyTruck65460,N2_LRP064b,0,HeavyTruck
29372,MediumTruck65465,N2_LRP106b,0,MediumTruck
29373,MiniBus65470,N2_LRP148b,0,MiniBus
29374,MediumTruck65474,N2_LRP126c,0,MediumTruck
29375,MediumTruck65474,N2_LRP126d,0,MediumTruck
29376,MediumTruck65474,N2_LRP127b,0,MediumTruck
29377,SmallTruck65475,N2_LRP164b,0,SmallTruck
29378,SmallTruck65475,N2_LRP164a,0,SmallTruck
29379,SmallTruck65485,N2_LRP070a,0,SmallTruck
29380,SmallTruck65485,N2_LRP069e,0,SmallTruck
29381,SmallTruck65485,N2_LRP069c,0,SmallTruck
29382,MediumTruck65489,N1_LRP342c,0,MediumTruck
29383,MediumTruck65489,N1_LRP342a,1.8195377917981632,MediumTruck
29384,SmallTruck65490,N2_LRP123e,0,SmallTruck
29385,SmallTruck65490,N2_LRP124c,0,SmallTruck
29386,HeavyTruck65491,N2_LRP166e,0,HeavyTruck
29387,HeavyTruck65491,N2_LRP166d,0,HeavyTruck
29388,MediumTruck65493,N1_LRP036c,0,MediumTruck
29389,MiniBus65500,N2_LRP012f,0,MiniBus
29390,MiniBus65502,N2_LRP160a,0,MiniBus
29391,HeavyTruck65506,N2_LRP121c,0,HeavyTruck
29392,SmallTruck65519,N2_LRP117b,0,SmallTruck
29393,SmallTruck65519,N2_LRP117a,0.04016907997734369,SmallTruck
29394,SmallTruck65522,N2_LRP117b,0,SmallTruck
29395,MediumTruck65535,N2_LRP121a,0,MediumTruck
29396,SmallTruck65539,N2_LRP177a,0,SmallTruck
29397,LargeBus65542,N1_LRP020a,0,LargeBus
29398,MediumTruck65545,N2_LRP090a,0,MediumTruck
29399,MediumTruck65551,N2_LRP121c,0,MediumTruck
29400,SmallTruck65553,N1_LRP358b,0,SmallTruck
29401,SmallTruck65553,N1_LRP358a,0,SmallTruck
29402,MediumTruck65555,N2_LRP182b,0,MediumTruck
29403,MediumTruck65555,N2_LRP182a,0,MediumTruck
29404,LargeBus65556,N2_LRP046c,0,LargeBus
29405,SmallTruck65563,N2_LRP044a,0,SmallTruck
29406,MediumTruck65568,N1_LRP109a,0,MediumTruck
29407,SmallTruck65579,N2_LRP184c,0,SmallTruck
29408,MediumTruck65587,N2_LRP187b,0,MediumTruck
29409,SmallTruck65592,N2_LRP097a,0,SmallTruck
29410,MediumTruck65593,N2_LRP078a,0,MediumTruck
29411,MiniBus65599,N2_LRP138b,0,MiniBus
29412,MiniBus65599,N2_LRP138a,0,MiniBus
29413,MediumTruck65601,N1_LRP371c,0,MediumTruck
29414,MediumTruck65601,N1_LRP371a,0,MediumTruck
29415,MiniBus65603,N2_LRP183d,0.21484303739065477,MiniBus
29416,LargeBus65617,N1_LRP370e,0,LargeBus
29417,LargeBus65618,N2_LRP098b,0.6127558625211299,LargeBus
29418,MediumTruck65623,N1_LRP098a,0,MediumTruck
29419,MediumTruck65627,N2_LRP170g,0,MediumTruck
29420,MediumTruck65627,N2_LRP170h,0,MediumTruck
29421,MediumTruck65627,N2_LRP170i,0,MediumTruck
29422,MediumTruck65627,N2_LRP170j,0,MediumTruck
29423,SmallTruck65631,N2_LRP147d,0,SmallTruck
29424,SmallTruck65631,N2_LRP147b,0,SmallTruck
29425,MediumTruck65633,N1_LRP377f,0,MediumTruck
29426,MediumTruck65635,N2_LRP200c,0,MediumTruck
29427,LargeBus65636,N2_LRP029b,0,LargeBus
29428,MediumTruck65648,N1_LRP088a,0,MediumTruck
29429,LargeBus65649,N1_LRP373b,0,LargeBus
29430,LargeBus65649,N1_LRP373a,0,LargeBus
29431,LargeBus65650,N2_LRP093a,0,LargeBus
29432,SmallTruck65654,N102_LRP022a,0,SmallTruck
29433,LargeBus65676,N2_LRP229a,0.2679107550158936,LargeBus
29434,LargeBus65681,N1_LRP384a,0,LargeBus
29435,MediumTruck65682,N2_LRP078a,0,MediumTruck
29436,MediumTruck65686,N1_LRP068a,0,MediumTruck
29437,MediumTruck65708,N2_LRP078a,0,MediumTruck
29438,SmallTruck65709,N2_LRP128a,0,SmallTruck
29439,SmallTruck65709,N2_LRP127c,0,SmallTruck
29440,MediumTruck65713,N1_LRP400a,0,MediumTruck
29441,MediumTruck65719,N1_LRP122a,0,MediumTruck
29442,MediumTruck65720,N2_LRP069c,0,MediumTruck
29443,MediumTruck65720,N2_LRP069e,0,MediumTruck
29444,MediumTruck65720,N2_LRP070a,0,MediumTruck
29445,SmallTruck65725,N2_LRP132b,0,SmallTruck
29446,SmallTruck65725,N2_LRP132a,0,SmallTruck
29447,SmallTruck65727,N2_LRP165d,0,SmallTruck
29448,SmallTruck65727,N2_LRP165c,0,SmallTruck
29449,SmallTruck65727,N2_LRP164d,0,SmallTruck
29450,MediumTruck65730,N2_LRP066a,0,MediumTruck
29451,HeavyTruck65733,N102_LRP015a,0,HeavyTruck
29452,MiniBus65738,N2_LRP046c,0,MiniBus
29453,LargeBus65745,N1_LRP400a,0,LargeBus
29454,LargeBus65747,N2_LRP219a,0,LargeBus
29455,MediumTruck65748,N102_LRP062c,0,MediumTruck
29456,MediumTruck65749,N102_LRP019b,0,MediumTruck
29457,MediumTruck65749,N102_LRP019a,0,MediumTruck
29458,SmallTruck65755,N2_LRP140c,3.3358190908576635,SmallTruck
29459,MiniBus65757,N208_LRP027d,0,MiniBus
29460,MiniBus65757,N208_LRP027b,0,MiniBus
29461,SmallTruck65759,N2_LRP171d,0,SmallTruck
29462,SmallTruck65759,N2_LRP170j,0,SmallTruck
29463,SmallTruck65759,N2_LRP170i,0,SmallTruck
29464,SmallTruck65759,N2_LRP170h,0,SmallTruck
29465,SmallTruck65759,N2_LRP170g,0,SmallTruck
29466,SmallTruck65759,N2_LRP170f,0.004641625130890549,SmallTruck
29467,MediumTruck65764,N1_LRP023a,0,MediumTruck
29468,MediumTruck65777,N1_LRP411a,0,MediumTruck
29469,MediumTruck65778,N2_LRP054a,0,MediumTruck
29470,SmallTruck65786,N2_LRP167c,0,SmallTruck
29471,SmallTruck65789,N2_LRP146a,0,SmallTruck
29472,MiniBus65790,N2_LRP226c,0,MiniBus
29473,SmallTruck65792,N2_LRP043a,4.176796768257621,SmallTruck
29474,LargeBus65794,N2_LRP054b,0,LargeBus
29475,MediumTruck65795,N2_LRP236c,0,MediumTruck
29476,SmallTruck65805,N2_LRP148b,0,SmallTruck
29477,SmallTruck65807,N2_LRP183a,0,SmallTruck
29478,SmallTruck65807,N2_LRP182d,0,SmallTruck
29479,SmallTruck65809,N1_LRP417d,1.239316864941877,SmallTruck
29480,LargeBus65811,N2_LRP236a,0,LargeBus
29481,SmallTruck65820,N2_LRP102a,0,SmallTruck
29482,LargeBus65824,N2_LRP038c,0,LargeBus
29483,LargeBus65824,N2_LRP039a,0,LargeBus
29484,SmallTruck65830,N1_LRP105a,0,SmallTruck
29485,MediumTruck65837,N2_LRP155a,0,MediumTruck
29486,HeavyTruck65841,N1_LRP424e,0,HeavyTruck
29487,HeavyTruck65841,N1_LRP424c,0,HeavyTruck
29488,HeavyTruck65841,N1_LRP424b,0,HeavyTruck
29489,HeavyTruck65841,N1_LRP424a,0.39909635019874706,HeavyTruck
29490,LargeBus65842,N2_LRP043a,5.176796768257621,LargeBus
29491,MediumTruck65848,N105_LRP039b,0,MediumTruck
29492,MiniBus65852,N2_LRP183d,1.2148430373906547,MiniBus
29493,MiniBus65855,N2_LRP188a,0,MiniBus
29494,MediumTruck65857,N1_LRP426e,0,MediumTruck
29495,MediumTruck65857,N1_LRP426d,0,MediumTruck
29496,MediumTruck65860,N102_LRP034b,0,MediumTruck
29497,SmallTruck65864,N105_LRP035d,0,SmallTruck
29498,SmallTruck65869,N2_LRP162a,2.1729867887609995,SmallTruck
29499,LargeBus65873,N1_LRP427d,0,LargeBus
29500,LargeBus65873,N1_LRP427b,0,LargeBus
29501,MediumTruck65880,N2_LRP029b,0,MediumTruck
29502,MediumTruck65886,N208_LRP031b,0,MediumTruck
29503,MediumTruck65886,N208_LRP031d,0,MediumTruck
29504,MiniBus65890,N2_LRP029b,0,MiniBus
29505,SmallTruck65891,N2_LRP261a,0,SmallTruck
29506,MiniBus65894,N1_LRP119a,0,MiniBus
29507,MediumTruck65897,N105_LRP022c,0,MediumTruck
29508,SmallTruck65900,N2_LRP123e,0,SmallTruck
29509,SmallTruck65900,N2_LRP123d,0,SmallTruck
29510,MediumTruck65902,N208_LRP027b,0,MediumTruck
29511,MediumTruck65902,N208_LRP027d,0,MediumTruck
29512,MediumTruck65903,N208_LRP031d,0,MediumTruck
29513,MediumTruck65904,N1_LRP023a,0,MediumTruck
29514,SmallTruck65905,N1_LRP437b,0,SmallTruck
29515,SmallTruck65905,N1_LRP437a,0,SmallTruck
29516,MiniBus65906,N2_LRP024b,0,MiniBus
29517,MiniBus65906,N2_LRP025a,0,MiniBus
29518,MediumTruck65908,N102_LRP022a,0,MediumTruck
29519,LargeBus65910,N1_LRP123a,0,LargeBus
29520,SmallTruck65912,N105_LRP022c,0,SmallTruck
29521,SmallTruck65917,N2_LRP214b,0.002616309147709884,SmallTruck
29522,LargeBus65921,N1_LRP439a,0,LargeBus
29523,MediumTruck65922,N2_LRP018a,0,MediumTruck
29524,SmallTruck65928,N1_LRP030a,0,SmallTruck
29525,MediumTruck65929,N105_LRP030c,0,MediumTruck
29526,LargeBus65932,N2_LRP134c,0,LargeBus
29527,MediumTruck65937,N1_LRP445d,0,MediumTruck
29528,MediumTruck65937,N1_LRP445b,0,MediumTruck
29529,MediumTruck65942,N1_LRP134a,0,MediumTruck
29530,MediumTruck65945,N105_LRP035d,0,MediumTruck
29531,LargeBus65949,N2_LRP207b,0,LargeBus
29532,MediumTruck65953,N1_LRP449d,0,MediumTruck
29533,MediumTruck65953,N1_LRP449c,0,MediumTruck
29534,LargeBus65954,N2_LRP012c,0,LargeBus
29535,MediumTruck65961,N105_LRP039b,0,MediumTruck
29536,LargeBus65964,N2_LRP140a,9.105266772968552,LargeBus
29537,MediumTruck65969,N1_LRP452e,0,MediumTruck
29538,MediumTruck65969,N1_LRP452d,0,MediumTruck
29539,MediumTruck65974,N1_LRP142a,0,MediumTruck
29540,SmallTruck65981,N2_LRP186b,0.0491400103729398,SmallTruck
29541,MediumTruck65984,N1_LRP001a,0,MediumTruck
29542,SmallTruck65985,N1_LRP456c,0,SmallTruck
29543,LargeBus65986,N1_LRP010b,0,LargeBus
29544,LargeBus65986,N1_LRP010c,0,LargeBus
29545,LargeBus65986,N1_LRP011a,0,LargeBus
29546,SmallTruck65987,N2_LRP285c,0,SmallTruck
29547,MediumTruck65994,N2_LRP118g,0,MediumTruck
29548,MediumTruck65997,N207_LRP066b,0,MediumTruck
29549,MiniBus65999,N2_LRP226d,0,MiniBus
29550,MiniBus65999,N2_LRP226c,0,MiniBus
29551,MiniBus65280,N1_LRP197a,0,MiniBus
29552,MiniBus65280,N1_LRP197b,0,MiniBus
29553,SmallTruck65281,N1_LRP294a,0,SmallTruck
29554,SmallTruck65281,N1_LRP293c,0,SmallTruck
29555,MediumTruck65289,N102_LRP062c,0,MediumTruck
29556,MiniBus65295,N2_LRP044c,0,MiniBus
29557,MiniBus65295,N2_LRP044a,0,MiniBus
29558,MediumTruck65297,N1_LRP302c,0,MediumTruck
29559,MediumTruck65297,N1_LRP302a,0,MediumTruck
29560,LargeBus65298,N2_LRP182a,0,LargeBus
29561,LargeBus65298,N2_LRP182b,0,LargeBus
29562,LargeBus65298,N2_LRP182d,0,LargeBus
29563,MiniBus65311,N2_LRP048a,0,MiniBus
29564,MiniBus65311,N2_LRP047c,0,MiniBus
29565,MiniBus65311,N2_LRP047a,0,MiniBus
29566,MediumTruck65312,N2_LRP157a,0,MediumTruck
29567,LargeBus65313,N1_LRP293c,0,LargeBus
29568,LargeBus65313,N1_LRP293a,0,LargeBus
29569,MediumTruck65314,N2_LRP165c,0,MediumTruck
29570,MediumTruck65314,N2_LRP165d,0,MediumTruck
29571,SmallTruck65316,N2_LRP095a,0,SmallTruck
29572,SmallTruck65323,N1_LRP026b,0,SmallTruck
29573,MediumTruck65326,N2_LRP125a,0,MediumTruck
29574,MediumTruck65326,N2_LRP124c,0,MediumTruck
29575,LargeBus65328,N2_LRP162e,0,LargeBus
29576,LargeBus65328,N2_LRP163a,0,LargeBus
29577,LargeBus65328,N2_LRP163b,0,LargeBus
29578,SmallTruck65329,N1_LRP304b,0,SmallTruck
29579,SmallTruck65331,N2_LRP135b,0,SmallTruck
29580,MediumTruck65335,N1_LRP023a,0,MediumTruck
29581,MediumTruck65336,N2_LRP159b,0,MediumTruck
29582,MediumTruck65336,N2_LRP159c,0,MediumTruck
29583,MediumTruck65337,N2_LRP138a,0,MediumTruck
29584,MediumTruck65341,N2_LRP042a,0,MediumTruck
29585,MediumTruck65342,N2_LRP130c,0,MediumTruck
29586,MediumTruck65342,N2_LRP130b,0,MediumTruck
29587,SmallTruck65346,N2_LRP152c,0,SmallTruck
29588,SmallTruck65346,N2_LRP152d,0,SmallTruck
29589,SmallTruck65346,N2_LRP153a,0,SmallTruck
29590,MediumTruck65351,N1_LRP027a,0,MediumTruck
29591,MediumTruck65353,N2_LRP135b,0,MediumTruck
29592,LargeBus65363,N2_LRP128a,0,LargeBus
29593,LargeBus65363,N2_LRP127c,0,LargeBus
29594,LargeBus65366,N2_LRP041b,0,LargeBus
29595,LargeBus65376,N1_LRP172a,0,LargeBus
29596,LargeBus65376,N1_LRP172b,0,LargeBus
29597,MediumTruck65377,N1_LRP319b,0,MediumTruck
29598,MediumTruck65377,N1_LRP319a,0,MediumTruck
29599,MediumTruck65380,N2_LRP081a,0,MediumTruck
29600,MediumTruck65382,N2_LRP021a,0,MediumTruck
29601,MiniBus65393,N1_LRP313b,0,MiniBus
29602,LargeBus65394,N2_LRP152a,0,LargeBus
29603,LargeBus65394,N2_LRP152b,0,LargeBus
29604,LargeBus65394,N2_LRP152c,0,LargeBus
29605,MediumTruck65404,N105_LRP003a,0,MediumTruck
29606,MiniBus65405,N2_LRP040b,0,MiniBus
29607,MiniBus65405,N2_LRP040a,0,MiniBus
29608,LargeBus65407,N2_LRP073c,0,LargeBus
29609,LargeBus65407,N2_LRP073b,0,LargeBus
29610,MediumTruck65409,N1_LRP322a,0,MediumTruck
29611,LargeBus65411,N2_LRP141b,0,LargeBus
29612,LargeBus65411,N2_LRP141a,0,LargeBus
29613,MediumTruck65421,N2_LRP056a,0,MediumTruck
29614,MediumTruck65421,N2_LRP055b,0,MediumTruck
29615,MediumTruck65425,N1_LRP325c,0,MediumTruck
29616,MediumTruck65425,N1_LRP325a,0,MediumTruck
29617,MediumTruck65426,N104_LRP010a,0,MediumTruck
29618,SmallTruck65427,N2_LRP153b,0,SmallTruck
29619,SmallTruck65427,N2_LRP153a,0,SmallTruck
29620,MediumTruck65429,N1_LRP020a,0,MediumTruck
29621,LargeBus65431,N1_LRP245b,0,LargeBus
29622,LargeBus65431,N1_LRP246a,0,LargeBus
29623,MediumTruck65440,N1_LRP142a,0,MediumTruck
29624,SmallTruck65443,N2_LRP157b,0,SmallTruck
29625,SmallTruck65443,N2_LRP157a,0,SmallTruck
29626,SmallTruck65449,N102_LRP022a,0,SmallTruck
29627,MiniBus65470,N2_LRP147d,0,MiniBus
29628,MediumTruck65473,N1_LRP341a,0,MediumTruck
29629,MediumTruck65473,N1_LRP340a,0,MediumTruck
29630,MediumTruck65474,N2_LRP127c,0,MediumTruck
29631,MediumTruck65474,N2_LRP128a,0,MediumTruck
29632,SmallTruck65475,N2_LRP163d,0,SmallTruck
29633,SmallTruck65475,N2_LRP163c,0,SmallTruck
29634,SmallTruck65475,N2_LRP163b,0,SmallTruck
29635,SmallTruck65475,N2_LRP163a,0,SmallTruck
29636,MediumTruck65493,N1_LRP035a,0,MediumTruck
29637,MiniBus65500,N2_LRP012c,0,MiniBus
29638,MiniBus65502,N2_LRP159d,0,MiniBus
29639,MiniBus65502,N2_LRP159c,0,MiniBus
29640,MiniBus65502,N2_LRP159b,0,MiniBus
29641,HeavyTruck65506,N2_LRP122b,0,HeavyTruck
29642,LargeBus65507,N2_LRP161c,0,LargeBus
29643,LargeBus65507,N2_LRP161b,0,LargeBus
29644,LargeBus65509,N1_LRP027a,0,LargeBus
29645,LargeBus65509,N1_LRP026b,0,LargeBus
29646,SmallTruck65510,N1_LRP023a,0,SmallTruck
29647,SmallTruck65511,N1_LRP068a,0,SmallTruck
29648,MediumTruck65521,N1_LRP349a,0,MediumTruck
29649,MediumTruck65521,N1_LRP348b,0,MediumTruck
29650,SmallTruck65522,N2_LRP118a,0,SmallTruck
29651,MediumTruck65523,N2_LRP172d,0,MediumTruck
29652,MediumTruck65523,N2_LRP172c,0,MediumTruck
29653,SmallTruck65532,N2_LRP035b,0,SmallTruck
29654,MediumTruck65535,N2_LRP120a,0,MediumTruck
29655,MediumTruck65535,N2_LRP119c,0,MediumTruck
29656,MediumTruck65536,N2_LRP106a,0,MediumTruck
29657,SmallTruck65539,N2_LRP176e,0,SmallTruck
29658,SmallTruck65539,N2_LRP176d,0,SmallTruck
29659,SmallTruck65539,N2_LRP176c,0,SmallTruck
29660,SmallTruck65539,N2_LRP176b,0,SmallTruck
29661,MediumTruck65551,N2_LRP121a,0,MediumTruck
29662,SmallTruck65553,N1_LRP357f,0,SmallTruck
29663,SmallTruck65553,N1_LRP357d,0,SmallTruck
29664,MediumTruck65554,N1_LRP122a,0,MediumTruck
29665,MediumTruck65555,N2_LRP181c,0,MediumTruck
29666,LargeBus65556,N2_LRP047a,0,LargeBus
29667,LargeBus65556,N2_LRP047c,0,LargeBus
29668,SmallTruck65563,N2_LRP043d,0,SmallTruck
29669,MediumTruck65571,N2_LRP184c,0,MediumTruck
29670,SmallTruck65573,N1_LRP109a,0,SmallTruck
29671,MediumTruck65578,N2_LRP012f,0,MediumTruck
29672,LargeBus65581,N2_LRP081b,0,LargeBus
29673,LargeBus65581,N2_LRP081a,0,LargeBus
29674,MediumTruck65584,N1_LRP105a,0,MediumTruck
29675,MediumTruck65587,N2_LRP186d,0,MediumTruck
29676,SmallTruck65592,N2_LRP098b,1.61275586252113,SmallTruck
29677,MediumTruck65593,N2_LRP079a,0,MediumTruck
29678,MiniBus65600,N1_LRP111a,0,MiniBus
29679,MediumTruck65601,N1_LRP370e,0,MediumTruck
29680,MiniBus65603,N2_LRP183c,0,MiniBus
29681,MediumTruck65605,N1_LRP064c,0,MediumTruck
29682,SmallTruck65611,N2_LRP057b,0,SmallTruck
29683,SmallTruck65611,N2_LRP057a,0,SmallTruck
29684,MediumTruck65616,N2_LRP086a,0,MediumTruck
29685,LargeBus65617,N1_LRP370c,0,LargeBus
29686,LargeBus65617,N1_LRP370a,0,LargeBus
29687,LargeBus65617,N1_LRP369c,0,LargeBus
29688,MediumTruck65627,N2_LRP171d,0,MediumTruck
29689,MediumTruck65627,N2_LRP171e,0,MediumTruck
29690,MediumTruck65627,N2_LRP171f,0.22586832568865836,MediumTruck
29691,SmallTruck65631,N2_LRP147a,0,SmallTruck
29692,LargeBus65632,N2_LRP090a,0,LargeBus
29693,MediumTruck65633,N1_LRP377d,0,MediumTruck
29694,MediumTruck65633,N1_LRP377c,0,MediumTruck
29695,MediumTruck65633,N1_LRP377a,0,MediumTruck
29696,SmallTruck65634,N102_LRP019a,0,SmallTruck
29697,SmallTruck65634,N102_LRP019b,0,SmallTruck
29698,MediumTruck65635,N2_LRP199d,0,MediumTruck
29699,MediumTruck65642,N2_LRP199d,0,MediumTruck
29700,LargeBus65649,N1_LRP372c,0,LargeBus
29701,MediumTruck65665,N1_LRP384a,0,MediumTruck
29702,LargeBus65676,N2_LRP229c,0,LargeBus
29703,LargeBus65681,N1_LRP383b,0,LargeBus
29704,MediumTruck65682,N2_LRP079a,0,MediumTruck
29705,LargeBus65683,N208_LRP029c,0,LargeBus
29706,MediumTruck65685,N102_LRP002c,0,MediumTruck
29707,MediumTruck65685,N102_LRP002b,0,MediumTruck
29708,MediumTruck65685,N102_LRP002a,0,MediumTruck
29709,MediumTruck65692,N2_LRP072a,0,MediumTruck
29710,SmallTruck65697,N1_LRP391a,0,SmallTruck
29711,MiniBus65698,N2_LRP079d,0,MiniBus
29712,MediumTruck65699,N2_LRP214b,0.0239987450933447,MediumTruck
29713,MiniBus65702,N1_LRP064c,0,MiniBus
29714,SmallTruck65709,N2_LRP127b,0,SmallTruck
29715,MediumTruck65713,N1_LRP398d,0.7158939948665712,MediumTruck
29716,MediumTruck65720,N2_LRP070c,0,MediumTruck
29717,MiniBus65721,N2_LRP052a,0,MiniBus
29718,SmallTruck65727,N2_LRP164b,0,SmallTruck
29719,SmallTruck65727,N2_LRP164a,0,SmallTruck
29720,MediumTruck65729,N1_LRP400a,0,MediumTruck
29721,MediumTruck65730,N2_LRP067c,0,MediumTruck
29722,HeavyTruck65731,N2_LRP221b,0,HeavyTruck
29723,MediumTruck65736,N2_LRP066a,0,MediumTruck
29724,LargeBus65745,N1_LRP398d,1.7158939948665712,LargeBus
29725,SmallTruck65754,N2_LRP059a,0,SmallTruck
29726,SmallTruck65754,N2_LRP058c,0,SmallTruck
29727,SmallTruck65759,N2_LRP170e,0,SmallTruck
29728,SmallTruck65759,N2_LRP170c,0,SmallTruck
29729,LargeBus65762,N2_LRP064a,0,LargeBus
29730,LargeBus65762,N2_LRP064b,0,LargeBus
29731,MediumTruck65765,N102_LRP022a,0,MediumTruck
29732,MediumTruck65773,N2_LRP141b,0,MediumTruck
29733,MediumTruck65777,N1_LRP410c,0.014319567942261082,MediumTruck
29734,MediumTruck65778,N2_LRP054b,0,MediumTruck
29735,MediumTruck65779,N2_LRP231d,0,MediumTruck
29736,MediumTruck65779,N2_LRP231c,0,MediumTruck
29737,SmallTruck65786,N2_LRP168a,0,SmallTruck
29738,SmallTruck65786,N2_LRP168c,0,SmallTruck
29739,MiniBus65788,N207_LRP061d,0,MiniBus
29740,MiniBus65790,N2_LRP225c,0.14235017856971072,MiniBus
29741,MediumTruck65791,N2_LRP283b,0,MediumTruck
29742,LargeBus65793,N1_LRP412d,0,LargeBus
29743,LargeBus65793,N1_LRP412b,0,LargeBus
29744,LargeBus65794,N2_LRP055b,0,LargeBus
29745,MediumTruck65795,N2_LRP236a,0,MediumTruck
29746,MediumTruck65795,N2_LRP235a,0,MediumTruck
29747,SmallTruck65796,N1_LRP030a,0,SmallTruck
29748,SmallTruck65805,N2_LRP147d,0,SmallTruck
29749,SmallTruck65805,N2_LRP147b,0,SmallTruck
29750,SmallTruck65807,N2_LRP182b,0,SmallTruck
29751,SmallTruck65807,N2_LRP182a,0,SmallTruck
29752,LargeBus65811,N2_LRP235a,0,LargeBus
29753,MediumTruck65823,N2_LRP274e,0,MediumTruck
29754,LargeBus65824,N2_LRP039c,0,LargeBus
29755,LargeBus65825,N1_LRP417b,0,LargeBus
29756,LargeBus65825,N1_LRP416e,0,LargeBus
29757,LargeBus65825,N1_LRP416d,0,LargeBus
29758,SmallTruck65827,N2_LRP243b,0,SmallTruck
29759,MediumTruck65829,N102_LRP038d,0,MediumTruck
29760,MediumTruck65837,N2_LRP154c,0,MediumTruck
29761,HeavyTruck65843,N2_LRP248a,0,HeavyTruck
29762,MediumTruck65846,N1_LRP109a,0,MediumTruck
29763,MediumTruck65847,N104_LRP010a,0,MediumTruck
29764,MediumTruck65848,N105_LRP040c,0,MediumTruck
29765,MiniBus65855,N2_LRP187b,0,MiniBus
29766,MediumTruck65857,N1_LRP426c,0,MediumTruck
29767,MediumTruck65857,N1_LRP426b,0,MediumTruck
29768,MediumTruck65857,N1_LRP426a,0,MediumTruck
29769,MediumTruck65857,N1_LRP425e,0,MediumTruck
29770,SmallTruck65862,N1_LRP112a,0,SmallTruck
29771,LargeBus65873,N1_LRP426e,0,LargeBus
29772,LargeBus65873,N1_LRP426d,0,LargeBus
29773,LargeBus65873,N1_LRP426c,0,LargeBus
29774,LargeBus65873,N1_LRP426b,0,LargeBus
29775,LargeBus65873,N1_LRP426a,0,LargeBus
29776,HeavyTruck65876,N1_LRP051a,0,HeavyTruck
29777,MediumTruck65881,N105_LRP017c,0,MediumTruck
29778,MediumTruck65883,N204_LRP003b,0,MediumTruck
29779,MiniBus65889,N1_LRP431b,0,MiniBus
29780,MiniBus65889,N1_LRP431a,0,MiniBus
29781,MiniBus65889,N1_LRP430c,0,MiniBus
29782,MiniBus65892,N102_LRP029d,0,MiniBus
29783,HeavyTruck65893,N102_LRP055c,0,HeavyTruck
29784,MiniBus65894,N1_LRP118d,0,MiniBus
29785,MediumTruck65897,N105_LRP021d,0,MediumTruck
29786,SmallTruck65900,N2_LRP123c,0,SmallTruck
29787,MediumTruck65902,N208_LRP027f,0,MediumTruck
29788,MediumTruck65903,N208_LRP031b,0,MediumTruck
29789,SmallTruck65905,N1_LRP436a,0,SmallTruck
29790,MiniBus65906,N2_LRP025b,0,MiniBus
29791,MiniBus65907,N2_LRP262a,0,MiniBus
29792,MiniBus65907,N2_LRP261b,0,MiniBus
29793,LargeBus65910,N1_LRP122a,0,LargeBus
29794,SmallTruck65912,N105_LRP023c,0,SmallTruck
29795,LargeBus65921,N1_LRP438c,0,LargeBus
29796,LargeBus65921,N1_LRP438b,0,LargeBus
29797,SmallTruck65924,N102_LRP019a,0,SmallTruck
29798,SmallTruck65924,N102_LRP019b,0,SmallTruck
29799,LargeBus65927,N104_LRP028a,0,LargeBus
29800,LargeBus65932,N2_LRP134b,0,LargeBus
29801,LargeBus65932,N2_LRP133a,0,LargeBus
29802,MediumTruck65937,N1_LRP444e,0,MediumTruck
29803,MediumTruck65937,N1_LRP444d,0,MediumTruck
29804,MediumTruck65937,N1_LRP444c,0,MediumTruck
29805,MediumTruck65937,N1_LRP444b,0,MediumTruck
29806,MediumTruck65937,N1_LRP444a,0,MediumTruck
29807,MediumTruck65940,N102_LRP015a,0,MediumTruck
29808,MediumTruck65953,N1_LRP448a,0,MediumTruck
29809,LargeBus65954,N2_LRP012f,0,LargeBus
29810,SmallTruck65958,N1_LRP137a,0,SmallTruck
29811,MediumTruck65960,N1_LRP023a,0,MediumTruck
29812,MiniBus65966,N208_LRP011b,0,MiniBus
29813,MediumTruck65969,N1_LRP452c,0,MediumTruck
29814,MediumTruck65969,N1_LRP452a,0,MediumTruck
29815,MediumTruck65969,N1_LRP451e,0,MediumTruck
29816,MediumTruck65976,N1_LRP004b,0,MediumTruck
29817,MediumTruck65977,N105_LRP042b,0,MediumTruck
29818,SmallTruck65985,N1_LRP456a,0,SmallTruck
29819,SmallTruck65987,N2_LRP285a,0,SmallTruck
29820,SmallTruck65987,N2_LRP284c,0,SmallTruck
29821,MediumTruck65994,N2_LRP119c,0,MediumTruck
29822,MediumTruck65994,N2_LRP120a,0,MediumTruck
29823,MiniBus65999,N2_LRP225c,1.1423501785697108,MiniBus
29824,MiniBus65280,N1_LRP198a,0,MiniBus
29825,SmallTruck65281,N1_LRP293a,0,SmallTruck
29826,MediumTruck65282,N2_LRP172c,0,MediumTruck
29827,MediumTruck65282,N2_LRP172d,0,MediumTruck
29828,MiniBus65295,N2_LRP043d,0,MiniBus
29829,LargeBus65296,N1_LRP193a,0,LargeBus
29830,MediumTruck65297,N1_LRP301b,0,MediumTruck
29831,MediumTruck65297,N1_LRP301a,0,MediumTruck
29832,LargeBus65298,N2_LRP183a,0,LargeBus
29833,LargeBus65298,N2_LRP183c,0,LargeBus
29834,SmallTruck65301,N2_LRP024b,0,SmallTruck
29835,MiniBus65311,N2_LRP046c,0,MiniBus
29836,MediumTruck65312,N2_LRP157b,0,MediumTruck
29837,LargeBus65313,N1_LRP292b,0,LargeBus
29838,LargeBus65313,N1_LRP292a,0,LargeBus
29839,SmallTruck65316,N2_LRP096a,0,SmallTruck
29840,SmallTruck65316,N2_LRP096c,0,SmallTruck
29841,MediumTruck65321,N2_LRP140c,3.3358190908576635,MediumTruck
29842,SmallTruck65323,N1_LRP027a,0,SmallTruck
29843,MediumTruck65326,N2_LRP123e,0,MediumTruck
29844,MediumTruck65326,N2_LRP123d,0,MediumTruck
29845,LargeBus65328,N2_LRP163c,0,LargeBus
29846,LargeBus65328,N2_LRP163d,0,LargeBus
29847,SmallTruck65329,N1_LRP303a,0,SmallTruck
29848,SmallTruck65331,N2_LRP135a,0,SmallTruck
29849,MediumTruck65336,N2_LRP159d,0,MediumTruck
29850,MediumTruck65336,N2_LRP160a,0,MediumTruck
29851,MediumTruck65337,N2_LRP138b,0,MediumTruck
29852,MediumTruck65337,N2_LRP139a,0,MediumTruck
29853,MediumTruck65341,N2_LRP041b,0,MediumTruck
29854,MediumTruck65342,N2_LRP130a,0,MediumTruck
29855,MediumTruck65342,N2_LRP129c,0,MediumTruck
29856,SmallTruck65346,N2_LRP153b,0,SmallTruck
29857,SmallTruck65347,N2_LRP140a,9.105266772968552,SmallTruck
29858,MediumTruck65351,N1_LRP026b,0,MediumTruck
29859,MediumTruck65351,N1_LRP026a,0,MediumTruck
29860,MiniBus65361,N1_LRP302e,0,MiniBus
29861,MiniBus65361,N1_LRP302c,0,MiniBus
29862,MiniBus65361,N1_LRP302a,0,MiniBus
29863,LargeBus65363,N2_LRP127b,0,LargeBus
29864,LargeBus65363,N2_LRP126d,0,LargeBus
29865,LargeBus65363,N2_LRP126c,0,LargeBus
29866,LargeBus65363,N2_LRP126b,0,LargeBus
29867,LargeBus65366,N2_LRP042a,0,LargeBus
29868,MediumTruck65367,N1_LRP030a,0,MediumTruck
29869,LargeBus65376,N1_LRP173a,0.06246137594646779,LargeBus
29870,MediumTruck65377,N1_LRP318b,0,MediumTruck
29871,MediumTruck65380,N2_LRP081b,0,MediumTruck
29872,MediumTruck65382,N2_LRP021b,0,MediumTruck
29873,MediumTruck65387,N1_LRP012a,0,MediumTruck
29874,MediumTruck65387,N1_LRP012b,0,MediumTruck
29875,MiniBus65390,N2_LRP132c,0,MiniBus
29876,MiniBus65390,N2_LRP132b,0,MiniBus
29877,MiniBus65390,N2_LRP132a,0,MiniBus
29878,LargeBus65394,N2_LRP152d,0,LargeBus
29879,LargeBus65394,N2_LRP153a,0,LargeBus
29880,LargeBus65394,N2_LRP153b,0,LargeBus
29881,MiniBus65405,N2_LRP039c,0,MiniBus
29882,LargeBus65408,N1_LRP166a,0,LargeBus
29883,MediumTruck65409,N1_LRP321d,0,MediumTruck
29884,MediumTruck65409,N1_LRP321b,0,MediumTruck
29885,LargeBus65411,N2_LRP140c,4.3358190908576635,LargeBus
29886,MediumTruck65421,N2_LRP054b,0,MediumTruck
29887,SmallTruck65427,N2_LRP152d,0,SmallTruck
29888,SmallTruck65427,N2_LRP152c,0,SmallTruck
29889,SmallTruck65427,N2_LRP152b,0,SmallTruck
29890,SmallTruck65427,N2_LRP152a,0,SmallTruck
29891,LargeBus65431,N1_LRP246b,0,LargeBus
29892,SmallTruck65443,N2_LRP156a,0,SmallTruck
29893,MediumTruck65446,N105_LRP005c,0,MediumTruck
29894,MediumTruck65446,N105_LRP006a,0,MediumTruck
29895,HeavyTruck65460,N2_LRP066a,0,HeavyTruck
29896,MediumTruck65465,N2_LRP108a,0,MediumTruck
29897,MiniBus65470,N2_LRP147b,0,MiniBus
29898,MiniBus65470,N2_LRP147a,0,MiniBus
29899,MediumTruck65474,N2_LRP128b,0,MediumTruck
29900,SmallTruck65475,N2_LRP162e,0,SmallTruck
29901,SmallTruck65475,N2_LRP162d,0,SmallTruck
29902,SmallTruck65475,N2_LRP162c,0,SmallTruck
29903,SmallTruck65485,N2_LRP067c,0,SmallTruck
29904,SmallTruck65490,N2_LRP125a,0,SmallTruck
29905,SmallTruck65490,N2_LRP125b,0,SmallTruck
29906,SmallTruck65490,N2_LRP125c,0,SmallTruck
29907,HeavyTruck65491,N2_LRP165d,0,HeavyTruck
29908,HeavyTruck65491,N2_LRP165c,0,HeavyTruck
29909,HeavyTruck65491,N2_LRP164d,0,HeavyTruck
29910,LargeBus65495,N1_LRP051a,0,LargeBus
29911,MediumTruck65497,N2_LRP102a,0,MediumTruck
29912,MiniBus65502,N2_LRP158a,0,MiniBus
29913,LargeBus65505,N1_LRP341a,0,LargeBus
29914,LargeBus65505,N1_LRP340a,0,LargeBus
29915,HeavyTruck65506,N2_LRP123c,0,HeavyTruck
29916,HeavyTruck65506,N2_LRP123d,0,HeavyTruck
29917,LargeBus65507,N2_LRP161a,0,LargeBus
29918,LargeBus65509,N1_LRP026a,0,LargeBus
29919,SmallTruck65517,N2_LRP079a,0,SmallTruck
29920,MediumTruck65521,N1_LRP348a,0,MediumTruck
29921,SmallTruck65522,N2_LRP118b,0,SmallTruck
29922,SmallTruck65522,N2_LRP118e,0,SmallTruck
29923,MediumTruck65523,N2_LRP171f,1.2258683256886584,MediumTruck
29924,LargeBus65525,N1_LRP134a,0,LargeBus
29925,MediumTruck65533,N2_LRP081b,0,MediumTruck
29926,MediumTruck65533,N2_LRP081a,0,MediumTruck
29927,MediumTruck65535,N2_LRP118g,0,MediumTruck
29928,MediumTruck65536,N2_LRP106b,0,MediumTruck
29929,SmallTruck65539,N2_LRP175f,0,SmallTruck
29930,SmallTruck65539,N2_LRP175e,0,SmallTruck
29931,SmallTruck65539,N2_LRP175d,0,SmallTruck
29932,SmallTruck65539,N2_LRP175c,0,SmallTruck
29933,MediumTruck65545,N2_LRP091b,0,MediumTruck
29934,MediumTruck65545,N2_LRP092a,0,MediumTruck
29935,MediumTruck65545,N2_LRP092b,0,MediumTruck
29936,MediumTruck65551,N2_LRP120a,0,MediumTruck
29937,MediumTruck65551,N2_LRP119c,0,MediumTruck
29938,SmallTruck65553,N1_LRP357c,0,SmallTruck
29939,SmallTruck65553,N1_LRP357a,0,SmallTruck
29940,MediumTruck65554,N1_LRP123a,0,MediumTruck
29941,MediumTruck65555,N2_LRP180c,0,MediumTruck
29942,LargeBus65556,N2_LRP048a,0,LargeBus
29943,SmallTruck65563,N2_LRP043a,5.176796768257621,SmallTruck
29944,MediumTruck65569,N1_LRP364d,0,MediumTruck
29945,LargeBus65570,N2_LRP117a,0.09524501794097436,LargeBus
29946,MediumTruck65571,N2_LRP183d,1.2148430373906547,MediumTruck
29947,LargeBus65574,N1_LRP027a,0,LargeBus
29948,MediumTruck65578,N2_LRP012c,0,MediumTruck
29949,SmallTruck65579,N2_LRP186b,0.4455077432467062,SmallTruck
29950,LargeBus65581,N2_LRP079d,0,LargeBus
29951,LargeBus65581,N2_LRP079b,1.0211912471815807,LargeBus
29952,MediumTruck65587,N2_LRP186c,0,MediumTruck
29953,MediumTruck65593,N2_LRP079b,2.021191247181581,MediumTruck
29954,MiniBus65600,N1_LRP112a,0,MiniBus
29955,MediumTruck65601,N1_LRP370c,0,MediumTruck
29956,MediumTruck65601,N1_LRP370a,0,MediumTruck
29957,MediumTruck65601,N1_LRP369c,0,MediumTruck
29958,MediumTruck65602,N2_LRP095a,0,MediumTruck
29959,MediumTruck65602,N2_LRP096a,0,MediumTruck
29960,MiniBus65603,N2_LRP183a,0,MiniBus
29961,MiniBus65603,N2_LRP182d,0,MiniBus
29962,SmallTruck65611,N2_LRP056a,0,SmallTruck
29963,MediumTruck65616,N2_LRP087a,0,MediumTruck
29964,LargeBus65617,N1_LRP369b,0,LargeBus
29965,LargeBus65617,N1_LRP369a,0,LargeBus
29966,SmallTruck65631,N2_LRP146a,0,SmallTruck
29967,LargeBus65632,N2_LRP091b,0,LargeBus
29968,MediumTruck65633,N1_LRP376a,0,MediumTruck
29969,MediumTruck65642,N2_LRP200c,0,MediumTruck
29970,MiniBus65647,N2_LRP141b,0,MiniBus
29971,MiniBus65647,N2_LRP141a,0,MiniBus
29972,LargeBus65649,N1_LRP372a,0,LargeBus
29973,LargeBus65649,N1_LRP371c,0,LargeBus
29974,LargeBus65649,N1_LRP371a,0,LargeBus
29975,MediumTruck65652,N2_LRP018a,0,MediumTruck
29976,MediumTruck65658,N2_LRP035b,0,MediumTruck
29977,MediumTruck65665,N1_LRP383b,0,MediumTruck
29978,MediumTruck65666,N1_LRP094a,0,MediumTruck
29979,SmallTruck65667,N2_LRP206b,0,SmallTruck
29980,MiniBus65674,N2_LRP035b,0,MiniBus
29981,LargeBus65676,N2_LRP230c,0,LargeBus
29982,LargeBus65681,N1_LRP383a,0,LargeBus
29983,MediumTruck65682,N2_LRP079b,3.021191247181581,MediumTruck
29984,LargeBus65683,N208_LRP028d,0,LargeBus
29985,MediumTruck65696,N1_LRP077a,0,MediumTruck
29986,SmallTruck65697,N1_LRP390a,0,SmallTruck
29987,MiniBus65698,N2_LRP081a,0,MiniBus
29988,MiniBus65698,N2_LRP081b,0,MiniBus
29989,LargeBus65707,N2_LRP162c,0,LargeBus
29990,LargeBus65707,N2_LRP162d,0,LargeBus
29991,MediumTruck65708,N2_LRP076b,0,MediumTruck
29992,SmallTruck65709,N2_LRP126d,0,SmallTruck
29993,SmallTruck65709,N2_LRP126c,0,SmallTruck
29994,SmallTruck65709,N2_LRP126b,0,SmallTruck
29995,HeavyTruck65717,N102_LRP009a,0,HeavyTruck
29996,MiniBus65721,N2_LRP053a,0,MiniBus
29997,MiniBus65721,N2_LRP054a,0,MiniBus
29998,SmallTruck65725,N2_LRP130c,0,SmallTruck
29999,SmallTruck65725,N2_LRP130b,0,SmallTruck
30000,SmallTruck65727,N2_LRP163d,0,SmallTruck
30001,SmallTruck65727,N2_LRP163c,0,SmallTruck
30002,SmallTruck65727,N2_LRP163b,0,SmallTruck
30003,SmallTruck65727,N2_LRP163a,0,SmallTruck
30004,MediumTruck65729,N1_LRP398d,2.7158939948665712,MediumTruck
30005,MediumTruck65736,N2_LRP067c,0,MediumTruck
30006,MiniBus65738,N2_LRP045b,0,MiniBus
30007,SmallTruck65759,N2_LRP170b,0,SmallTruck
30008,SmallTruck65759,N2_LRP170a,0,SmallTruck
30009,SmallTruck65759,N2_LRP169f,0,SmallTruck
30010,SmallTruck65759,N2_LRP169e,0,SmallTruck
30011,SmallTruck65759,N2_LRP169d,0,SmallTruck
30012,SmallTruck65759,N2_LRP169c,0,SmallTruck
30013,MediumTruck65772,N207_LRP061d,0,MediumTruck
30014,MediumTruck65773,N2_LRP141a,0,MediumTruck
30015,MediumTruck65773,N2_LRP140c,5.3358190908576635,MediumTruck
30016,MiniBus65774,N2_LRP221b,0,MiniBus
30017,MediumTruck65777,N1_LRP410b,0,MediumTruck
30018,MediumTruck65778,N2_LRP055b,0,MediumTruck
30019,MediumTruck65778,N2_LRP056a,0,MediumTruck
30020,MediumTruck65779,N2_LRP230e,0,MediumTruck
30021,LargeBus65780,N102_LRP062b,0,LargeBus
30022,MediumTruck65783,N1_LRP137a,0,MediumTruck
30023,SmallTruck65786,N2_LRP169b,0,SmallTruck
30024,SmallTruck65786,N2_LRP169c,0,SmallTruck
30025,SmallTruck65786,N2_LRP169d,0,SmallTruck
30026,MediumTruck65791,N2_LRP284b,0,MediumTruck
30027,MediumTruck65791,N2_LRP284c,0,MediumTruck
30028,LargeBus65793,N1_LRP412a,0,LargeBus
30029,LargeBus65793,N1_LRP411b,0,LargeBus
30030,LargeBus65793,N1_LRP411a,0,LargeBus
30031,LargeBus65794,N2_LRP056a,0,LargeBus
30032,MediumTruck65797,N102_LRP029d,0,MediumTruck
30033,SmallTruck65805,N2_LRP147a,0,SmallTruck
30034,SmallTruck65807,N2_LRP181c,0,SmallTruck
30035,MediumTruck65810,N2_LRP043d,0,MediumTruck
30036,MediumTruck65810,N2_LRP044a,0,MediumTruck
30037,MediumTruck65813,N102_LRP034b,0,MediumTruck
30038,LargeBus65824,N2_LRP040a,0,LargeBus
30039,LargeBus65824,N2_LRP040b,0,LargeBus
30040,LargeBus65825,N1_LRP415c,3.50252995766653,LargeBus
30041,SmallTruck65827,N2_LRP243a,0,SmallTruck
30042,MediumTruck65829,N102_LRP038b,0,MediumTruck
30043,MediumTruck65829,N102_LRP037d,0,MediumTruck
30044,MediumTruck65837,N2_LRP153b,0,MediumTruck
30045,MediumTruck65837,N2_LRP153a,0,MediumTruck
30046,HeavyTruck65841,N1_LRP423d,0,HeavyTruck
30047,HeavyTruck65841,N1_LRP423c,0,HeavyTruck
30048,HeavyTruck65841,N1_LRP423b,1.7855259344214331,HeavyTruck
30049,MediumTruck65848,N105_LRP041c,0,MediumTruck
30050,MiniBus65855,N2_LRP186d,0,MiniBus
30051,MediumTruck65857,N1_LRP425c,0.2314737504259174,MediumTruck
30052,MediumTruck65865,N2_LRP012c,0,MediumTruck
30053,LargeBus65873,N1_LRP425e,0,LargeBus
30054,LargeBus65873,N1_LRP425c,0.8587574127655729,LargeBus
30055,MediumTruck65887,N2_LRP200c,0,MediumTruck
30056,MiniBus65889,N1_LRP430b,0,MiniBus
30057,MiniBus65889,N1_LRP430a,0,MiniBus
30058,MiniBus65889,N1_LRP429f,0,MiniBus
30059,MediumTruck65897,N105_LRP020c,0,MediumTruck
30060,SmallTruck65900,N2_LRP122b,0,SmallTruck
30061,MediumTruck65902,N208_LRP028d,0,MediumTruck
30062,SmallTruck65905,N1_LRP435c,0,SmallTruck
30063,MiniBus65907,N2_LRP261a,0,MiniBus
30064,MediumTruck65909,N102_LRP058a,0,MediumTruck
30065,SmallTruck65913,N105_LRP024c,0,SmallTruck
30066,MiniBus65918,N208_LRP027b,0,MiniBus
30067,MiniBus65918,N208_LRP027d,0,MiniBus
30068,MiniBus65919,N208_LRP031d,0,MiniBus
30069,SmallTruck65920,N1_LRP020a,0,SmallTruck
30070,LargeBus65921,N1_LRP438a,0,LargeBus
30071,MediumTruck65925,N102_LRP062c,0,MediumTruck
30072,MediumTruck65925,N102_LRP062b,0,MediumTruck
30073,MediumTruck65937,N1_LRP443d,0,MediumTruck
30074,MediumTruck65937,N1_LRP443c,0,MediumTruck
30075,SmallTruck65938,N2_LRP016a,0,SmallTruck
30076,LargeBus65947,N204_LRP020b,0,LargeBus
30077,MediumTruck65953,N1_LRP447c,0,MediumTruck
30078,MediumTruck65955,N2_LRP276a,0,MediumTruck
30079,SmallTruck65967,N208_LRP046b,0,SmallTruck
30080,MediumTruck65969,N1_LRP451b,0,MediumTruck
30081,MediumTruck65969,N1_LRP450e,0.008864790436823495,MediumTruck
30082,MiniBus65983,N2_LRP221b,0,MiniBus
30083,SmallTruck65985,N1_LRP455a,0,SmallTruck
30084,LargeBus65986,N1_LRP012a,0,LargeBus
30085,LargeBus65986,N1_LRP012b,0,LargeBus
30086,SmallTruck65987,N2_LRP284b,0,SmallTruck
30087,MediumTruck65994,N2_LRP121a,0,MediumTruck
30088,MiniBus65280,N1_LRP199a,0,MiniBus
30089,MiniBus65280,N1_LRP199b,0,MiniBus
30090,SmallTruck65281,N1_LRP292b,0,SmallTruck
30091,SmallTruck65281,N1_LRP292a,0,SmallTruck
30092,MediumTruck65285,N2_LRP029b,0,MediumTruck
30093,MiniBus65295,N2_LRP043a,6.176796768257621,MiniBus
30094,MediumTruck65297,N1_LRP300b,0,MediumTruck
30095,MediumTruck65297,N1_LRP300a,0,MediumTruck
30096,LargeBus65298,N2_LRP183d,2.2148430373906547,LargeBus
30097,SmallTruck65301,N2_LRP025a,0,SmallTruck
30098,SmallTruck65301,N2_LRP025b,0,SmallTruck
30099,SmallTruck65303,N1_LRP014a,0,SmallTruck
30100,MediumTruck65312,N2_LRP158a,0,MediumTruck
30101,LargeBus65313,N1_LRP291c,0,LargeBus
30102,MediumTruck65314,N2_LRP166d,0,MediumTruck
30103,MediumTruck65314,N2_LRP166e,0,MediumTruck
30104,MediumTruck65314,N2_LRP167b,0,MediumTruck
30105,SmallTruck65316,N2_LRP097a,0,SmallTruck
30106,MediumTruck65326,N2_LRP123c,0,MediumTruck
30107,LargeBus65328,N2_LRP164a,0,LargeBus
30108,LargeBus65328,N2_LRP164b,0,LargeBus
30109,LargeBus65328,N2_LRP164d,0,LargeBus
30110,SmallTruck65329,N1_LRP302e,0,SmallTruck
30111,SmallTruck65331,N2_LRP134c,0,SmallTruck
30112,SmallTruck65331,N2_LRP134b,0,SmallTruck
30113,MediumTruck65336,N2_LRP161a,0,MediumTruck
30114,MediumTruck65337,N2_LRP139b,0,MediumTruck
30115,MediumTruck65337,N2_LRP140a,10.105266772968552,MediumTruck
30116,MediumTruck65341,N2_LRP040b,0,MediumTruck
30117,MediumTruck65342,N2_LRP129b,0,MediumTruck
30118,MediumTruck65342,N2_LRP129a,0,MediumTruck
30119,MediumTruck65342,N2_LRP128b,0,MediumTruck
30120,MediumTruck65345,N1_LRP307a,0,MediumTruck
30121,MediumTruck65345,N1_LRP306b,0,MediumTruck
30122,SmallTruck65346,N2_LRP154c,0,SmallTruck
30123,SmallTruck65355,N208_LRP046b,0,SmallTruck
30124,MediumTruck65356,N1_LRP023a,0,MediumTruck
30125,MediumTruck65358,N2_LRP139b,0,MediumTruck
30126,MediumTruck65358,N2_LRP139a,0,MediumTruck
30127,MiniBus65361,N1_LRP301b,0,MiniBus
30128,MiniBus65361,N1_LRP301a,0,MiniBus
30129,LargeBus65363,N2_LRP126a,0,LargeBus
30130,LargeBus65363,N2_LRP125d,0,LargeBus
30131,LargeBus65366,N2_LRP043a,7.176796768257621,LargeBus
30132,LargeBus65376,N1_LRP173b,0,LargeBus
30133,MediumTruck65377,N1_LRP318a,0,MediumTruck
30134,LargeBus65394,N2_LRP154c,0,LargeBus
30135,MiniBus65405,N2_LRP039a,0,MiniBus
30136,MiniBus65405,N2_LRP038c,0,MiniBus
30137,LargeBus65407,N2_LRP072a,0,LargeBus
30138,LargeBus65408,N1_LRP166c,0,LargeBus
30139,MediumTruck65409,N1_LRP321a,0,MediumTruck
30140,MediumTruck65421,N2_LRP054a,0,MediumTruck
30141,LargeBus65422,N2_LRP140a,11.105266772968552,LargeBus
30142,MediumTruck65425,N1_LRP323b,0,MediumTruck
30143,SmallTruck65427,N2_LRP151b,0,SmallTruck
30144,MediumTruck65440,N1_LRP143a,0,MediumTruck
30145,MediumTruck65441,N1_LRP339a,0,MediumTruck
30146,MediumTruck65457,N1_LRP339a,0,MediumTruck
30147,HeavyTruck65460,N2_LRP067c,0,HeavyTruck
30148,MiniBus65470,N2_LRP146a,0,MiniBus
30149,MediumTruck65473,N1_LRP339c,1.496951500283063,MediumTruck
30150,MediumTruck65474,N2_LRP129a,0,MediumTruck
30151,MediumTruck65474,N2_LRP129b,0,MediumTruck
30152,MediumTruck65474,N2_LRP129c,0,MediumTruck
30153,SmallTruck65475,N2_LRP162a,1.1729867887609995,SmallTruck
30154,MediumTruck65489,N1_LRP341a,0,MediumTruck
30155,MediumTruck65489,N1_LRP340a,0,MediumTruck
30156,SmallTruck65490,N2_LRP125d,0,SmallTruck
30157,SmallTruck65490,N2_LRP126a,0,SmallTruck
30158,SmallTruck65490,N2_LRP126b,0,SmallTruck
30159,HeavyTruck65491,N2_LRP164b,0,HeavyTruck
30160,HeavyTruck65491,N2_LRP164a,0,HeavyTruck
30161,MediumTruck65493,N1_LRP034a,0,MediumTruck
30162,MediumTruck65497,N2_LRP103c,0,MediumTruck
30163,MiniBus65502,N2_LRP157b,0,MiniBus
30164,LargeBus65505,N1_LRP339c,2.496951500283063,LargeBus
30165,HeavyTruck65506,N2_LRP123e,0,HeavyTruck
30166,HeavyTruck65506,N2_LRP124c,0,HeavyTruck
30167,LargeBus65507,N2_LRP160a,0,LargeBus
30168,SmallTruck65517,N2_LRP078a,0,SmallTruck
30169,MediumTruck65521,N1_LRP347b,0,MediumTruck
30170,MediumTruck65521,N1_LRP347a,0,MediumTruck
30171,SmallTruck65522,N2_LRP118g,0,SmallTruck
30172,MediumTruck65533,N2_LRP079d,0,MediumTruck
30173,MediumTruck65533,N2_LRP079b,4.021191247181581,MediumTruck
30174,MediumTruck65535,N2_LRP118e,0,MediumTruck
30175,MediumTruck65535,N2_LRP118b,0,MediumTruck
30176,MediumTruck65535,N2_LRP118a,0,MediumTruck
30177,MediumTruck65538,N2_LRP117a,1.0952450179409743,MediumTruck
30178,MediumTruck65545,N2_LRP093a,0,MediumTruck
30179,MediumTruck65551,N2_LRP118g,0,MediumTruck
30180,SmallTruck65552,N2_LRP102a,0,SmallTruck
30181,MediumTruck65555,N2_LRP180a,0,MediumTruck
30182,LargeBus65556,N2_LRP048b,0,LargeBus
30183,MediumTruck65568,N1_LRP111a,0,MediumTruck
30184,MediumTruck65569,N1_LRP364c,0,MediumTruck
30185,MediumTruck65569,N1_LRP364a,0,MediumTruck
30186,LargeBus65570,N2_LRP117b,0,LargeBus
30187,LargeBus65574,N1_LRP026b,0,LargeBus
30188,LargeBus65574,N1_LRP026a,0,LargeBus
30189,SmallTruck65579,N2_LRP186c,0,SmallTruck
30190,MediumTruck65584,N1_LRP107a,0,MediumTruck
30191,MiniBus65585,N1_LRP353b,0,MiniBus
30192,MiniBus65585,N1_LRP353a,0,MiniBus
30193,MiniBus65585,N1_LRP352a,0,MiniBus
30194,MediumTruck65587,N2_LRP186b,0.17852858125485388,MediumTruck
30195,MiniBus65599,N2_LRP135b,0,MiniBus
30196,MiniBus65599,N2_LRP135a,0,MiniBus
30197,MediumTruck65601,N1_LRP369b,0,MediumTruck
30198,MediumTruck65601,N1_LRP369a,0,MediumTruck
30199,MediumTruck65602,N2_LRP096c,0,MediumTruck
30200,MiniBus65603,N2_LRP182b,0,MiniBus
30201,MiniBus65603,N2_LRP182a,0,MiniBus
30202,SmallTruck65611,N2_LRP055b,0,SmallTruck
30203,LargeBus65617,N1_LRP368a,0.014615808101023175,LargeBus
30204,MediumTruck65624,N2_LRP095a,0,MediumTruck
30205,MediumTruck65624,N2_LRP096a,0,MediumTruck
30206,MediumTruck65627,N2_LRP172c,0,MediumTruck
30207,MediumTruck65627,N2_LRP172d,0,MediumTruck
30208,LargeBus65632,N2_LRP092a,0,LargeBus
30209,LargeBus65632,N2_LRP092b,0,LargeBus
30210,MediumTruck65633,N1_LRP375c,0,MediumTruck
30211,MiniBus65647,N2_LRP140c,6.3358190908576635,MiniBus
30212,LargeBus65649,N1_LRP370e,0,LargeBus
30213,MediumTruck65656,N2_LRP084a,0,MediumTruck
30214,MediumTruck65665,N1_LRP383a,0,MediumTruck
30215,MediumTruck65665,N1_LRP382b,0,MediumTruck
30216,LargeBus65676,N2_LRP230e,0,LargeBus
30217,LargeBus65681,N1_LRP382b,0,LargeBus
30218,LargeBus65681,N1_LRP382a,0,LargeBus
30219,LargeBus65681,N1_LRP381c,0,LargeBus
30220,LargeBus65683,N208_LRP027f,0,LargeBus
30221,LargeBus65683,N208_LRP027d,0,LargeBus
30222,SmallTruck65684,N102_LRP082a,0,SmallTruck
30223,MediumTruck65685,N102_LRPSc,0,MediumTruck
30224,MediumTruck65692,N2_LRP070c,0,MediumTruck
30225,SmallTruck65697,N1_LRP389d,0,SmallTruck
30226,LargeBus65707,N2_LRP162e,0,LargeBus
30227,LargeBus65707,N2_LRP163a,0,LargeBus
30228,LargeBus65707,N2_LRP163b,0,LargeBus
30229,MediumTruck65708,N2_LRP076a,0,MediumTruck
30230,SmallTruck65709,N2_LRP126a,0,SmallTruck
30231,SmallTruck65709,N2_LRP125d,0,SmallTruck
30232,SmallTruck65709,N2_LRP125c,0,SmallTruck
30233,SmallTruck65709,N2_LRP125b,0,SmallTruck
30234,MediumTruck65713,N1_LRP398a,0,MediumTruck
30235,MediumTruck65719,N1_LRP120b,0,MediumTruck
30236,MediumTruck65720,N2_LRP072a,0,MediumTruck
30237,MiniBus65721,N2_LRP054b,0,MiniBus
30238,SmallTruck65725,N2_LRP130a,0,SmallTruck
30239,SmallTruck65725,N2_LRP129c,0,SmallTruck
30240,SmallTruck65727,N2_LRP162e,0,SmallTruck
30241,SmallTruck65727,N2_LRP162d,0,SmallTruck
30242,SmallTruck65727,N2_LRP162c,0,SmallTruck
30243,HeavyTruck65731,N2_LRP219a,0,HeavyTruck
30244,MiniBus65738,N2_LRP044c,0,MiniBus
30245,MiniBus65738,N2_LRP044a,0,MiniBus
30246,LargeBus65747,N2_LRP216b,0,LargeBus
30247,MediumTruck65748,N102_LRP065a,0,MediumTruck
30248,MediumTruck65749,N102_LRP017a,0,MediumTruck
30249,SmallTruck65754,N2_LRP057b,0,SmallTruck
30250,SmallTruck65754,N2_LRP057a,0,SmallTruck
30251,SmallTruck65756,N207_LRP066b,0,SmallTruck
30252,MiniBus65757,N208_LRP024d,0,MiniBus
30253,SmallTruck65759,N2_LRP169b,0,SmallTruck
30254,LargeBus65762,N2_LRP066a,0,LargeBus
30255,MediumTruck65777,N1_LRP410a,0,MediumTruck
30256,MediumTruck65778,N2_LRP057a,0,MediumTruck
30257,MediumTruck65779,N2_LRP230c,0,MediumTruck
30258,LargeBus65780,N102_LRP062c,0,LargeBus
30259,SmallTruck65786,N2_LRP169e,0,SmallTruck
30260,SmallTruck65786,N2_LRP169f,0,SmallTruck
30261,SmallTruck65786,N2_LRP170a,0,SmallTruck
30262,SmallTruck65786,N2_LRP170b,0,SmallTruck
30263,SmallTruck65786,N2_LRP170c,0,SmallTruck
30264,MiniBus65790,N2_LRP224b,0,MiniBus
30265,MediumTruck65791,N2_LRP285a,0,MediumTruck
30266,MediumTruck65791,N2_LRP285c,0,MediumTruck
30267,LargeBus65793,N1_LRP410c,0.01753397322429699,LargeBus
30268,LargeBus65794,N2_LRP057a,0,LargeBus
30269,LargeBus65794,N2_LRP057b,0,LargeBus
30270,SmallTruck65805,N2_LRP146a,0,SmallTruck
30271,SmallTruck65807,N2_LRP180c,0,SmallTruck
30272,SmallTruck65809,N1_LRP417b,0,SmallTruck
30273,SmallTruck65809,N1_LRP416e,0,SmallTruck
30274,SmallTruck65809,N1_LRP416d,0,SmallTruck
30275,MediumTruck65810,N2_LRP044c,0,MediumTruck
30276,MediumTruck65812,N1_LRP131b,0,MediumTruck
30277,MediumTruck65813,N102_LRP033c,0,MediumTruck
30278,MediumTruck65823,N2_LRP276a,0,MediumTruck
30279,LargeBus65824,N2_LRP041b,0,LargeBus
30280,LargeBus65826,N2_LRP043d,0,LargeBus
30281,LargeBus65826,N2_LRP044a,0,LargeBus
30282,SmallTruck65827,N2_LRP242a,0,SmallTruck
30283,HeavyTruck65828,N102_LRP045a,0,HeavyTruck
30284,MediumTruck65829,N102_LRP037c,0,MediumTruck
30285,MediumTruck65837,N2_LRP152d,0,MediumTruck
30286,MediumTruck65837,N2_LRP152c,0,MediumTruck
30287,MediumTruck65837,N2_LRP152b,0,MediumTruck
30288,MediumTruck65837,N2_LRP152a,0,MediumTruck
30289,HeavyTruck65843,N2_LRP246c,0,HeavyTruck
30290,MediumTruck65846,N1_LRP107a,0,MediumTruck
30291,MiniBus65852,N2_LRP184c,0,MiniBus
30292,MiniBus65855,N2_LRP186c,0,MiniBus
30293,MiniBus65855,N2_LRP186b,1.1785285812548538,MiniBus
30294,MediumTruck65857,N1_LRP425b,0,MediumTruck
30295,MediumTruck65860,N102_LRP036b,0,MediumTruck
30296,MediumTruck65860,N102_LRP036d,0,MediumTruck
30297,SmallTruck65861,N102_LRP045a,0,SmallTruck
30298,SmallTruck65862,N1_LRP111a,0,SmallTruck
30299,MediumTruck65865,N2_LRP012f,0,MediumTruck
30300,SmallTruck65869,N2_LRP161c,0,SmallTruck
30301,SmallTruck65869,N2_LRP161b,0,SmallTruck
30302,MediumTruck65872,N1_LRP033a,0,MediumTruck
30303,MediumTruck65872,N1_LRP033b,0,MediumTruck
30304,LargeBus65873,N1_LRP425b,0,LargeBus
30305,LargeBus65873,N1_LRP425a,0,LargeBus
30306,MediumTruck65887,N2_LRP199d,0,MediumTruck
30307,MiniBus65889,N1_LRP429c,0,MiniBus
30308,MiniBus65889,N1_LRP429b,0,MiniBus
30309,MiniBus65889,N1_LRP429a,0,MiniBus
30310,MiniBus65889,N1_LRP428d,0,MiniBus
30311,MiniBus65889,N1_LRP428c,0,MiniBus
30312,SmallTruck65891,N2_LRP258a,0,SmallTruck
30313,SmallTruck65900,N2_LRP121c,0,SmallTruck
30314,MediumTruck65902,N208_LRP029c,0,MediumTruck
30315,MediumTruck65903,N208_LRP029c,0,MediumTruck
30316,LargeBus65910,N1_LRP120b,0,LargeBus
30317,SmallTruck65912,N105_LRP024c,0,SmallTruck
30318,SmallTruck65917,N2_LRP216a,0,SmallTruck
30319,SmallTruck65917,N2_LRP216b,0,SmallTruck
30320,MiniBus65918,N208_LRP027f,0,MiniBus
30321,MiniBus65919,N208_LRP031b,0,MiniBus
30322,LargeBus65921,N1_LRP437b,0,LargeBus
30323,LargeBus65921,N1_LRP437a,0,LargeBus
30324,MediumTruck65922,N2_LRP021a,0,MediumTruck
30325,SmallTruck65928,N1_LRP033a,0,SmallTruck
30326,SmallTruck65928,N1_LRP033b,0,SmallTruck
30327,LargeBus65932,N2_LRP132c,0,LargeBus
30328,LargeBus65932,N2_LRP132b,0,LargeBus
30329,LargeBus65932,N2_LRP132a,0,LargeBus
30330,MediumTruck65941,N102_LRP065a,0,MediumTruck
30331,MediumTruck65942,N1_LRP131b,0,MediumTruck
30332,MediumTruck65945,N105_LRP032c,0,MediumTruck
30333,MediumTruck65945,N105_LRP032b,0,MediumTruck
30334,MediumTruck65953,N1_LRP447b,0,MediumTruck
30335,MediumTruck65953,N1_LRP447a,0,MediumTruck
30336,MediumTruck65953,N1_LRP446d,0,MediumTruck
30337,MediumTruck65953,N1_LRP446b,0,MediumTruck
30338,LargeBus65956,N1_LRP068a,0,LargeBus
30339,SmallTruck65958,N1_LRP136a,0,SmallTruck
30340,MediumTruck65969,N1_LRP450c,0,MediumTruck
30341,MediumTruck65977,N105_LRP041c,0,MediumTruck
30342,MediumTruck65980,N207_LRP008c,0,MediumTruck
30343,SmallTruck65981,N2_LRP184c,0,SmallTruck
30344,LargeBus65986,N1_LRP014a,0,LargeBus
30345,SmallTruck65987,N2_LRP283b,0,SmallTruck
30346,MediumTruck65994,N2_LRP121c,0,MediumTruck
30347,MediumTruck65996,N2_LRP151a,0,MediumTruck
30348,SmallTruck65998,N208_LRP004c,0,SmallTruck
30349,MediumTruck66006,N104_LRPSa,0,MediumTruck
30350,MediumTruck66008,N1_LRP011a,0,MediumTruck
30351,MiniBus65280,N1_LRP199c,0,MiniBus
30352,SmallTruck65281,N1_LRP291c,0,SmallTruck
30353,MediumTruck65289,N102_LRP065a,0,MediumTruck
30354,LargeBus65296,N1_LRP194a,0,LargeBus
30355,LargeBus65296,N1_LRP195a,0,LargeBus
30356,MediumTruck65297,N1_LRP299c,0,MediumTruck
30357,MediumTruck65297,N1_LRP299a,0,MediumTruck
30358,SmallTruck65303,N1_LRP012b,0,SmallTruck
30359,SmallTruck65303,N1_LRP012a,0,SmallTruck
30360,MiniBus65311,N2_LRP045b,0,MiniBus
30361,MediumTruck65312,N2_LRP159b,0,MediumTruck
30362,MediumTruck65312,N2_LRP159c,0,MediumTruck
30363,LargeBus65313,N1_LRP291a,0,LargeBus
30364,MediumTruck65314,N2_LRP167c,0,MediumTruck
30365,SmallTruck65316,N2_LRP098b,0.2755502024993489,SmallTruck
30366,MediumTruck65326,N2_LRP122b,0,MediumTruck
30367,LargeBus65328,N2_LRP165c,0,LargeBus
30368,LargeBus65328,N2_LRP165d,0,LargeBus
30369,SmallTruck65329,N1_LRP302c,0,SmallTruck
30370,SmallTruck65329,N1_LRP302a,0,SmallTruck
30371,SmallTruck65331,N2_LRP133a,0,SmallTruck
30372,MediumTruck65334,N2_LRP035b,0,MediumTruck
30373,MediumTruck65336,N2_LRP161b,0,MediumTruck
30374,MediumTruck65336,N2_LRP161c,0,MediumTruck
30375,MediumTruck65336,N2_LRP162a,2.1729867887609995,MediumTruck
30376,MediumTruck65341,N2_LRP040a,0,MediumTruck
30377,MediumTruck65341,N2_LRP039c,0,MediumTruck
30378,MediumTruck65342,N2_LRP128a,0,MediumTruck
30379,MediumTruck65342,N2_LRP127c,0,MediumTruck
30380,MediumTruck65345,N1_LRP306a,0,MediumTruck
30381,SmallTruck65346,N2_LRP155a,0,SmallTruck
30382,MediumTruck65353,N2_LRP138a,0,MediumTruck
30383,MediumTruck65358,N2_LRP138b,0,MediumTruck
30384,MiniBus65361,N1_LRP300b,0,MiniBus
30385,MiniBus65361,N1_LRP300a,0,MiniBus
30386,LargeBus65363,N2_LRP125c,0,LargeBus
30387,LargeBus65363,N2_LRP125b,0,LargeBus
30388,LargeBus65363,N2_LRP125a,0,LargeBus
30389,SmallTruck65372,N1_LRP023a,0,SmallTruck
30390,LargeBus65376,N1_LRP174a,1.4668501063918649,LargeBus
30391,MediumTruck65377,N1_LRP317a,2.9334056881688633,MediumTruck
30392,MediumTruck65384,N2_LRP146a,0,MediumTruck
30393,MediumTruck65387,N1_LRP014a,0,MediumTruck
30394,MiniBus65390,N2_LRP130c,0,MiniBus
30395,MiniBus65390,N2_LRP130b,0,MiniBus
30396,MiniBus65393,N1_LRP311b,0,MiniBus
30397,MiniBus65393,N1_LRP311a,0,MiniBus
30398,LargeBus65394,N2_LRP155a,0,LargeBus
30399,LargeBus65408,N1_LRP167a,0,LargeBus
30400,MediumTruck65409,N1_LRP320a,0,MediumTruck
30401,MediumTruck65410,N2_LRP140c,7.3358190908576635,MediumTruck
30402,MediumTruck65421,N2_LRP053a,0,MediumTruck
30403,SmallTruck65427,N2_LRP151a,0,SmallTruck
30404,MediumTruck65436,N105_LRP006a,0,MediumTruck
30405,MiniBus65442,N2_LRP141a,0,MiniBus
30406,MiniBus65442,N2_LRP141b,0,MiniBus
30407,SmallTruck65443,N2_LRP155a,0,SmallTruck
30408,MediumTruck65462,N105_LRP003a,0,MediumTruck
30409,MediumTruck65474,N2_LRP130a,0,MediumTruck
30410,MediumTruck65474,N2_LRP130b,0,MediumTruck
30411,MediumTruck65474,N2_LRP130c,0,MediumTruck
30412,SmallTruck65485,N2_LRP066a,0,SmallTruck
30413,SmallTruck65490,N2_LRP126c,0,SmallTruck
30414,SmallTruck65490,N2_LRP126d,0,SmallTruck
30415,SmallTruck65490,N2_LRP127b,0,SmallTruck
30416,HeavyTruck65491,N2_LRP163d,0,HeavyTruck
30417,HeavyTruck65491,N2_LRP163c,0,HeavyTruck
30418,HeavyTruck65491,N2_LRP163b,0,HeavyTruck
30419,HeavyTruck65491,N2_LRP163a,0,HeavyTruck
30420,MediumTruck65493,N1_LRP033b,0,MediumTruck
30421,MediumTruck65493,N1_LRP033a,0,MediumTruck
30422,MediumTruck65497,N2_LRP104a,0,MediumTruck
30423,MiniBus65502,N2_LRP157a,0,MiniBus
30424,MiniBus65502,N2_LRP156a,0,MiniBus
30425,LargeBus65507,N2_LRP159d,0,LargeBus
30426,LargeBus65507,N2_LRP159c,0,LargeBus
30427,LargeBus65507,N2_LRP159b,0,LargeBus
30428,SmallTruck65522,N2_LRP119c,0,SmallTruck
30429,SmallTruck65522,N2_LRP120a,0,SmallTruck
30430,MediumTruck65523,N2_LRP171e,0,MediumTruck
30431,LargeBus65525,N1_LRP136a,0,LargeBus
30432,MediumTruck65536,N2_LRP108a,0,MediumTruck
30433,MediumTruck65537,N1_LRP353b,0,MediumTruck
30434,MediumTruck65537,N1_LRP353a,0,MediumTruck
30435,MediumTruck65537,N1_LRP352a,0,MediumTruck
30436,MediumTruck65551,N2_LRP118e,0,MediumTruck
30437,MediumTruck65551,N2_LRP118b,0,MediumTruck
30438,MediumTruck65551,N2_LRP118a,0,MediumTruck
30439,SmallTruck65552,N2_LRP103c,0,SmallTruck
30440,MediumTruck65555,N2_LRP179a,0,MediumTruck
30441,MediumTruck65555,N2_LRP178b,0,MediumTruck
30442,LargeBus65556,N2_LRP050a,0,LargeBus
30443,MediumTruck65568,N1_LRP112a,0,MediumTruck
30444,MediumTruck65569,N1_LRP363b,0,MediumTruck
30445,LargeBus65570,N2_LRP118a,0,LargeBus
30446,MediumTruck65571,N2_LRP183c,0,MediumTruck
30447,SmallTruck65573,N1_LRP111a,0,SmallTruck
30448,SmallTruck65579,N2_LRP186d,0,SmallTruck
30449,MediumTruck65586,N2_LRP102a,0,MediumTruck
30450,MiniBus65599,N2_LRP134c,0,MiniBus
30451,MediumTruck65601,N1_LRP368a,0.05950316407506636,MediumTruck
30452,MediumTruck65602,N2_LRP097a,0,MediumTruck
30453,MiniBus65603,N2_LRP181c,0,MiniBus
30454,SmallTruck65611,N2_LRP054b,0,SmallTruck
30455,SmallTruck65611,N2_LRP054a,0,SmallTruck
30456,MediumTruck65623,N1_LRP094a,0,MediumTruck
30457,MediumTruck65624,N2_LRP096c,0,MediumTruck
30458,LargeBus65632,N2_LRP093a,0,LargeBus
30459,MediumTruck65633,N1_LRP374e,0,MediumTruck
30460,LargeBus65649,N1_LRP370c,0,LargeBus
30461,LargeBus65649,N1_LRP370a,0,LargeBus
30462,LargeBus65649,N1_LRP369c,0,LargeBus
30463,LargeBus65650,N2_LRP095a,0,LargeBus
30464,LargeBus65650,N2_LRP096a,0,LargeBus
30465,MediumTruck65665,N1_LRP382a,0,MediumTruck
30466,MediumTruck65665,N1_LRP381c,0,MediumTruck
30467,MediumTruck65665,N1_LRP381b,0,MediumTruck
30468,LargeBus65676,N2_LRP231c,0,LargeBus
30469,LargeBus65676,N2_LRP231d,0,LargeBus
30470,MediumTruck65680,N1_LRP083a,0,MediumTruck
30471,MediumTruck65680,N1_LRP083b,0,MediumTruck
30472,LargeBus65681,N1_LRP381b,0,LargeBus
30473,LargeBus65683,N208_LRP027b,0,LargeBus
30474,MediumTruck65692,N2_LRP070a,0,MediumTruck
30475,MediumTruck65692,N2_LRP069e,0,MediumTruck
30476,MediumTruck65692,N2_LRP069c,0,MediumTruck
30477,SmallTruck65697,N1_LRP389b,0.06592436567419406,SmallTruck
30478,LargeBus65707,N2_LRP163c,0,LargeBus
30479,LargeBus65707,N2_LRP163d,0,LargeBus
30480,SmallTruck65709,N2_LRP125a,0,SmallTruck
30481,SmallTruck65709,N2_LRP124c,0,SmallTruck
30482,LargeBus65715,N2_LRP207b,0,LargeBus
30483,MiniBus65721,N2_LRP055b,0,MiniBus
30484,SmallTruck65725,N2_LRP129b,0,SmallTruck
30485,SmallTruck65725,N2_LRP129a,0,SmallTruck
30486,SmallTruck65725,N2_LRP128b,0,SmallTruck
30487,SmallTruck65727,N2_LRP162a,3.1729867887609995,SmallTruck
30488,MediumTruck65730,N2_LRP069c,0,MediumTruck
30489,MediumTruck65730,N2_LRP069e,0,MediumTruck
30490,MediumTruck65730,N2_LRP070a,0,MediumTruck
30491,MiniBus65738,N2_LRP043d,0,MiniBus
30492,LargeBus65745,N1_LRP398a,0,LargeBus
30493,LargeBus65747,N2_LRP216a,0,LargeBus
30494,SmallTruck65759,N2_LRP168c,0,SmallTruck
30495,SmallTruck65759,N2_LRP168a,0,SmallTruck
30496,LargeBus65762,N2_LRP067c,0,LargeBus
30497,MediumTruck65764,N1_LRP020a,0,MediumTruck
30498,MiniBus65774,N2_LRP219a,0,MiniBus
30499,MediumTruck65778,N2_LRP057b,0,MediumTruck
30500,MediumTruck65779,N2_LRP229c,0,MediumTruck
30501,MediumTruck65783,N1_LRP136a,0,MediumTruck
30502,SmallTruck65786,N2_LRP170e,0,SmallTruck
30503,SmallTruck65786,N2_LRP170f,0.0475995362371624,SmallTruck
30504,LargeBus65793,N1_LRP410b,0,LargeBus
30505,LargeBus65793,N1_LRP410a,0,LargeBus
30506,MediumTruck65797,N102_LRP028c,0,MediumTruck
30507,SmallTruck65807,N2_LRP180a,0,SmallTruck
30508,SmallTruck65809,N1_LRP415c,4.262930116485581,SmallTruck
30509,MediumTruck65810,N2_LRP045b,0,MediumTruck
30510,LargeBus65824,N2_LRP042a,0,LargeBus
30511,LargeBus65826,N2_LRP044c,0,LargeBus
30512,SmallTruck65827,N2_LRP241c,0,SmallTruck
30513,MediumTruck65829,N102_LRP036d,0,MediumTruck
30514,MediumTruck65829,N102_LRP036b,0,MediumTruck
30515,MediumTruck65837,N2_LRP151b,0,MediumTruck
30516,SmallTruck65838,N208_LRP046b,0,SmallTruck
30517,MediumTruck65848,N105_LRP042b,0,MediumTruck
30518,MediumTruck65857,N1_LRP425a,0,MediumTruck
30519,MediumTruck65857,N1_LRP424e,0,MediumTruck
30520,MediumTruck65859,N2_LRP249a,0,MediumTruck
30521,MediumTruck65860,N102_LRP037c,0,MediumTruck
30522,MediumTruck65860,N102_LRP037d,0,MediumTruck
30523,SmallTruck65869,N2_LRP161a,0,SmallTruck
30524,MediumTruck65872,N1_LRP034a,0,MediumTruck
30525,LargeBus65873,N1_LRP424e,0,LargeBus
30526,LargeBus65873,N1_LRP424c,0,LargeBus
30527,LargeBus65873,N1_LRP424b,0,LargeBus
30528,LargeBus65873,N1_LRP424a,0.653456221088551,LargeBus
30529,MediumTruck65886,N208_LRP034c,0,MediumTruck
30530,MediumTruck65886,N208_LRP034d,0,MediumTruck
30531,MiniBus65889,N1_LRP428b,0,MiniBus
30532,MiniBus65889,N1_LRP428a,0,MiniBus
30533,MiniBus65889,N1_LRP427e,0,MiniBus
30534,SmallTruck65900,N2_LRP121a,0,SmallTruck
30535,MediumTruck65903,N208_LRP028d,0,MediumTruck
30536,SmallTruck65913,N105_LRP023c,0,SmallTruck
30537,MiniBus65918,N208_LRP028d,0,MiniBus
30538,LargeBus65921,N1_LRP436a,0,LargeBus
30539,LargeBus65921,N1_LRP435c,0,LargeBus
30540,MediumTruck65922,N2_LRP021b,0,MediumTruck
30541,MediumTruck65929,N105_LRP027c,0,MediumTruck
30542,MediumTruck65937,N1_LRP441a,0,MediumTruck
30543,MediumTruck65940,N102_LRP017a,0,MediumTruck
30544,MediumTruck65944,N105_LRP017c,0,MediumTruck
30545,MiniBus65946,N2_LRP098b,1.2755502024993488,MiniBus
30546,MediumTruck65955,N2_LRP274e,0,MediumTruck
30547,MediumTruck65969,N1_LRP450a,0,MediumTruck
30548,MediumTruck65972,N102_LRP009a,0,MediumTruck
30549,MediumTruck65977,N105_LRP040c,0,MediumTruck
30550,SmallTruck65981,N2_LRP183d,2.2148430373906547,SmallTruck
30551,MiniBus65983,N2_LRP219a,0,MiniBus
30552,MediumTruck65984,N1_LRP004b,0,MediumTruck
30553,MediumTruck65988,N1_LRP077a,0,MediumTruck
30554,MediumTruck65991,N104_LRP044d,0,MediumTruck
30555,MediumTruck65994,N2_LRP122b,0,MediumTruck
30556,MediumTruck65996,N2_LRP151b,0,MediumTruck
30557,MediumTruck65996,N2_LRP152a,0,MediumTruck
30558,MediumTruck65996,N2_LRP152b,0,MediumTruck
30559,MiniBus65999,N2_LRP224b,0,MiniBus
30560,LargeBus66005,N102_LRP082a,0,LargeBus
30561,MediumTruck66008,N1_LRP010c,0,MediumTruck
30562,MediumTruck66008,N1_LRP010b,0,MediumTruck
30563,SmallTruck66010,N2_LRP118a,0,SmallTruck
30564,SmallTruck66010,N2_LRP118b,0,SmallTruck
30565,SmallTruck66010,N2_LRP118e,0,SmallTruck
30566,MediumTruck66012,N2_LRP146a,0,MediumTruck
30567,MiniBus65280,N1_LRP201a,0,MiniBus
30568,SmallTruck65281,N1_LRP291a,0,SmallTruck
30569,MediumTruck65297,N1_LRP298a,0,MediumTruck
30570,LargeBus65299,N2_LRP098b,2.275550202499349,LargeBus
30571,MiniBus65311,N2_LRP044c,0,MiniBus
30572,MiniBus65311,N2_LRP044a,0,MiniBus
30573,MediumTruck65312,N2_LRP159d,0,MediumTruck
30574,MediumTruck65312,N2_LRP160a,0,MediumTruck
30575,LargeBus65313,N1_LRP289a,0,LargeBus
30576,MediumTruck65314,N2_LRP168a,0,MediumTruck
30577,MediumTruck65314,N2_LRP168c,0,MediumTruck
30578,SmallTruck65323,N1_LRP030a,0,SmallTruck
30579,MediumTruck65326,N2_LRP121c,0,MediumTruck
30580,LargeBus65328,N2_LRP166d,0,LargeBus
30581,LargeBus65328,N2_LRP166e,0,LargeBus
30582,SmallTruck65329,N1_LRP301b,0,SmallTruck
30583,SmallTruck65329,N1_LRP301a,0,SmallTruck
30584,SmallTruck65331,N2_LRP132c,0,SmallTruck
30585,MediumTruck65335,N1_LRP020a,0,MediumTruck
30586,MediumTruck65341,N2_LRP039a,0,MediumTruck
30587,MediumTruck65342,N2_LRP127b,0,MediumTruck
30588,MediumTruck65345,N1_LRP305c,0,MediumTruck
30589,SmallTruck65346,N2_LRP156a,0,SmallTruck
30590,MediumTruck65353,N2_LRP138b,0,MediumTruck
30591,MediumTruck65353,N2_LRP139a,0,MediumTruck
30592,MediumTruck65358,N2_LRP138a,0,MediumTruck
30593,MediumTruck65360,N1_LRP166a,0,MediumTruck
30594,MiniBus65361,N1_LRP299c,0,MiniBus
30595,MiniBus65361,N1_LRP299a,0,MiniBus
30596,LargeBus65363,N2_LRP124c,0,LargeBus
30597,LargeBus65363,N2_LRP123e,0,LargeBus
30598,SmallTruck65373,N2_LRP042a,0,SmallTruck
30599,MediumTruck65384,N2_LRP147a,0,MediumTruck
30600,MediumTruck65384,N2_LRP147b,0,MediumTruck
30601,MiniBus65390,N2_LRP130a,0,MiniBus
30602,MiniBus65390,N2_LRP129c,0,MiniBus
30603,MiniBus65390,N2_LRP129b,0,MiniBus
30604,MiniBus65393,N1_LRP310b,0,MiniBus
30605,MiniBus65393,N1_LRP310a,0,MiniBus
30606,LargeBus65407,N2_LRP070c,0,LargeBus
30607,LargeBus65407,N2_LRP070a,0,LargeBus
30608,LargeBus65408,N1_LRP169a,0,LargeBus
30609,MediumTruck65409,N1_LRP319b,0,MediumTruck
30610,MediumTruck65409,N1_LRP319a,0,MediumTruck
30611,MediumTruck65421,N2_LRP052a,0,MediumTruck
30612,MediumTruck65425,N1_LRP322a,0,MediumTruck
30613,SmallTruck65430,N1_LRP280a,0,SmallTruck
30614,LargeBus65431,N1_LRP250a,0,LargeBus
30615,MediumTruck65436,N105_LRP005c,0,MediumTruck
30616,MediumTruck65440,N1_LRP145a,0,MediumTruck
30617,SmallTruck65443,N2_LRP154c,0,SmallTruck
30618,SmallTruck65475,N2_LRP161c,0,SmallTruck
30619,SmallTruck65475,N2_LRP161b,0,SmallTruck
30620,MediumTruck65489,N1_LRP339c,1.7551067483855944,MediumTruck
30621,SmallTruck65490,N2_LRP127c,0,SmallTruck
30622,SmallTruck65490,N2_LRP128a,0,SmallTruck
30623,HeavyTruck65491,N2_LRP162e,0,HeavyTruck
30624,HeavyTruck65491,N2_LRP162d,0,HeavyTruck
30625,HeavyTruck65491,N2_LRP162c,0,HeavyTruck
30626,HeavyTruck65506,N2_LRP125a,0,HeavyTruck
30627,HeavyTruck65506,N2_LRP125b,0,HeavyTruck
30628,HeavyTruck65506,N2_LRP125c,0,HeavyTruck
30629,LargeBus65507,N2_LRP158a,0,LargeBus
30630,SmallTruck65510,N1_LRP020a,0,SmallTruck
30631,MediumTruck65513,N102_LRP009a,0,MediumTruck
30632,SmallTruck65517,N2_LRP076b,0,SmallTruck
30633,SmallTruck65522,N2_LRP121a,0,SmallTruck
30634,MediumTruck65523,N2_LRP171d,0,MediumTruck
30635,MediumTruck65523,N2_LRP170j,0,MediumTruck
30636,MediumTruck65523,N2_LRP170i,0,MediumTruck
30637,MediumTruck65523,N2_LRP170h,0,MediumTruck
30638,MediumTruck65523,N2_LRP170g,0,MediumTruck
30639,MediumTruck65523,N2_LRP170f,1.0475995362371624,MediumTruck
30640,MediumTruck65535,N2_LRP117b,0,MediumTruck
30641,MediumTruck65535,N2_LRP117a,0.15192478235586698,MediumTruck
30642,MediumTruck65538,N2_LRP117b,0,MediumTruck
30643,SmallTruck65552,N2_LRP104a,0,SmallTruck
30644,MediumTruck65555,N2_LRP178a,0,MediumTruck
30645,LargeBus65570,N2_LRP118b,0,LargeBus
30646,LargeBus65570,N2_LRP118e,0,LargeBus
30647,LargeBus65570,N2_LRP118g,0,LargeBus
30648,MediumTruck65571,N2_LRP183a,0,MediumTruck
30649,MediumTruck65571,N2_LRP182d,0,MediumTruck
30650,SmallTruck65573,N1_LRP112a,0,SmallTruck
30651,SmallTruck65579,N2_LRP187b,0,SmallTruck
30652,LargeBus65581,N2_LRP079a,0,LargeBus
30653,MediumTruck65584,N1_LRP109a,0,MediumTruck
30654,MiniBus65585,N1_LRP351a,0,MiniBus
30655,MediumTruck65586,N2_LRP103c,0,MediumTruck
30656,MediumTruck65593,N2_LRP079d,0,MediumTruck
30657,MiniBus65599,N2_LRP134b,0,MiniBus
30658,MiniBus65599,N2_LRP133a,0,MiniBus
30659,MediumTruck65602,N2_LRP098b,3.275550202499349,MediumTruck
30660,MiniBus65603,N2_LRP180c,0,MiniBus
30661,MiniBus65603,N2_LRP180a,0,MiniBus
30662,SmallTruck65611,N2_LRP053a,0,SmallTruck
30663,MediumTruck65612,N208_LRP046b,0,MediumTruck
30664,MediumTruck65616,N2_LRP090a,0,MediumTruck
30665,LargeBus65617,N1_LRP367a,0,LargeBus
30666,MediumTruck65624,N2_LRP097a,0,MediumTruck
30667,MediumTruck65630,N2_LRP188a,0,MediumTruck
30668,MediumTruck65633,N1_LRP374c,0,MediumTruck
30669,MediumTruck65633,N1_LRP374a,0,MediumTruck
30670,MediumTruck65633,N1_LRP373b,0,MediumTruck
30671,SmallTruck65634,N102_LRP022a,0,SmallTruck
30672,LargeBus65637,N1_LRP105a,0,LargeBus
30673,MiniBus65639,N1_LRP088a,0,MiniBus
30674,LargeBus65649,N1_LRP369b,0,LargeBus
30675,LargeBus65649,N1_LRP369a,0,LargeBus
30676,LargeBus65650,N2_LRP096c,0,LargeBus
30677,LargeBus65650,N2_LRP097a,0,LargeBus
30678,LargeBus65651,N2_LRP188a,0,LargeBus
30679,MediumTruck65652,N2_LRP021a,0,MediumTruck
30680,MediumTruck65656,N2_LRP086a,0,MediumTruck
30681,MediumTruck65664,N1_LRP088a,0,MediumTruck
30682,LargeBus65677,N2_LRP108a,0,LargeBus
30683,LargeBus65681,N1_LRP380c,0,LargeBus
30684,LargeBus65681,N1_LRP380a,0,LargeBus
30685,MediumTruck65686,N1_LRP064c,0,MediumTruck
30686,SmallTruck65697,N1_LRP389a,0,SmallTruck
30687,MediumTruck65699,N2_LRP211c,0,MediumTruck
30688,LargeBus65707,N2_LRP164a,0,LargeBus
30689,LargeBus65707,N2_LRP164b,0,LargeBus
30690,LargeBus65707,N2_LRP164d,0,LargeBus
30691,MediumTruck65708,N2_LRP074a,0,MediumTruck
30692,MediumTruck65708,N2_LRP073g,0,MediumTruck
30693,SmallTruck65709,N2_LRP123e,0,SmallTruck
30694,SmallTruck65709,N2_LRP123d,0,SmallTruck
30695,LargeBus65714,N102_LRP009a,0,LargeBus
30696,LargeBus65715,N2_LRP206b,0,LargeBus
30697,MediumTruck65719,N1_LRP119a,0,MediumTruck
30698,MediumTruck65719,N1_LRP118d,0,MediumTruck
30699,MediumTruck65720,N2_LRP073b,0,MediumTruck
30700,MediumTruck65720,N2_LRP073c,0,MediumTruck
30701,MiniBus65721,N2_LRP056a,0,MiniBus
30702,SmallTruck65725,N2_LRP128a,0,SmallTruck
30703,SmallTruck65725,N2_LRP127c,0,SmallTruck
30704,MediumTruck65729,N1_LRP398a,0,MediumTruck
30705,MediumTruck65730,N2_LRP070c,0,MediumTruck
30706,MediumTruck65736,N2_LRP069c,0,MediumTruck
30707,MediumTruck65736,N2_LRP069e,0,MediumTruck
30708,MediumTruck65736,N2_LRP070a,0,MediumTruck
30709,MiniBus65738,N2_LRP043a,6.176796768257621,MiniBus
30710,LargeBus65747,N2_LRP214b,0.194385653743204,LargeBus
30711,MediumTruck65749,N102_LRP015a,0,MediumTruck
30712,MediumTruck65751,N1_LRP166a,0,MediumTruck
30713,SmallTruck65754,N2_LRP056a,0,SmallTruck
30714,SmallTruck65754,N2_LRP055b,0,SmallTruck
30715,SmallTruck65755,N2_LRP141a,0,SmallTruck
30716,SmallTruck65755,N2_LRP141b,0,SmallTruck
30717,SmallTruck65759,N2_LRP167c,0,SmallTruck
30718,SmallTruck65759,N2_LRP167b,0,SmallTruck
30719,MediumTruck65761,N1_LRP403a,0,MediumTruck
30720,MediumTruck65765,N102_LRP019b,0,MediumTruck
30721,MediumTruck65765,N102_LRP019a,0,MediumTruck
30722,MediumTruck65777,N1_LRP408a,0,MediumTruck
30723,MediumTruck65779,N2_LRP229a,0.271083864174883,MediumTruck
30724,LargeBus65782,N1_LRP083b,0,LargeBus
30725,LargeBus65782,N1_LRP083a,0,LargeBus
30726,SmallTruck65786,N2_LRP170g,0,SmallTruck
30727,SmallTruck65786,N2_LRP170h,0,SmallTruck
30728,SmallTruck65786,N2_LRP170i,0,SmallTruck
30729,SmallTruck65786,N2_LRP170j,0,SmallTruck
30730,SmallTruck65789,N2_LRP141b,0,SmallTruck
30731,LargeBus65794,N2_LRP058c,0,LargeBus
30732,LargeBus65794,N2_LRP059a,0,LargeBus
30733,SmallTruck65796,N1_LRP027a,0,SmallTruck
30734,SmallTruck65796,N1_LRP026b,0,SmallTruck
30735,MediumTruck65806,N208_LRP055a,0,MediumTruck
30736,SmallTruck65807,N2_LRP179a,0,SmallTruck
30737,SmallTruck65807,N2_LRP178b,0,SmallTruck
30738,MediumTruck65808,N1_LRP051a,0,MediumTruck
30739,LargeBus65811,N2_LRP231d,0,LargeBus
30740,LargeBus65811,N2_LRP231c,0,LargeBus
30741,MediumTruck65812,N1_LRP134a,0,MediumTruck
30742,LargeBus65824,N2_LRP043a,7.176796768257621,LargeBus
30743,LargeBus65826,N2_LRP045b,0,LargeBus
30744,MediumTruck65837,N2_LRP151a,0,MediumTruck
30745,HeavyTruck65841,N1_LRP422b,0,HeavyTruck
30746,HeavyTruck65841,N1_LRP421f,0,HeavyTruck
30747,MediumTruck65846,N1_LRP105a,0,MediumTruck
30748,MiniBus65852,N2_LRP186b,0.9812851094559363,MiniBus
30749,MiniBus65854,N208_LRP046b,0,MiniBus
30750,MediumTruck65857,N1_LRP424c,0,MediumTruck
30751,MediumTruck65857,N1_LRP424b,0,MediumTruck
30752,MediumTruck65857,N1_LRP424a,1.6534562210885508,MediumTruck
30753,MediumTruck65860,N102_LRP038b,0,MediumTruck
30754,MediumTruck65860,N102_LRP038d,0,MediumTruck
30755,SmallTruck65864,N105_LRP039b,0,SmallTruck
30756,SmallTruck65869,N2_LRP160a,0,SmallTruck
30757,LargeBus65875,N2_LRP249a,0,LargeBus
30758,MiniBus65889,N1_LRP427d,0,MiniBus
30759,MiniBus65889,N1_LRP427b,0,MiniBus
30760,MiniBus65892,N102_LRP033c,0,MiniBus
30761,SmallTruck65900,N2_LRP120a,0,SmallTruck
30762,SmallTruck65900,N2_LRP119c,0,SmallTruck
30763,MediumTruck65902,N208_LRP031b,0,MediumTruck
30764,MediumTruck65902,N208_LRP031d,0,MediumTruck
30765,MediumTruck65903,N208_LRP027f,0,MediumTruck
30766,MediumTruck65903,N208_LRP027d,0,MediumTruck
30767,MediumTruck65904,N1_LRP026a,0,MediumTruck
30768,MediumTruck65904,N1_LRP026b,0,MediumTruck
30769,SmallTruck65905,N1_LRP433c,0,SmallTruck
30770,SmallTruck65905,N1_LRP433b,0.5279380018180682,SmallTruck
30771,MiniBus65906,N2_LRP029b,0,MiniBus
30772,MiniBus65907,N2_LRP258a,0,MiniBus
30773,LargeBus65910,N1_LRP119a,0,LargeBus
30774,SmallTruck65913,N105_LRP022c,0,SmallTruck
30775,MiniBus65918,N208_LRP029c,0,MiniBus
30776,MiniBus65919,N208_LRP029c,0,MiniBus
30777,SmallTruck65920,N1_LRP023a,0,SmallTruck
30778,SmallTruck65924,N102_LRP022a,0,SmallTruck
30779,SmallTruck65928,N1_LRP034a,0,SmallTruck
30780,LargeBus65932,N2_LRP130c,0,LargeBus
30781,LargeBus65932,N2_LRP130b,0,LargeBus
30782,SmallTruck65938,N2_LRP018a,0,SmallTruck
30783,MediumTruck65945,N105_LRP030c,0,MediumTruck
30784,MediumTruck65948,N2_LRP139b,0,MediumTruck
30785,MediumTruck65948,N2_LRP139a,0,MediumTruck
30786,LargeBus65949,N2_LRP211b,0,LargeBus
30787,LargeBus65949,N2_LRP211c,0,LargeBus
30788,MediumTruck65953,N1_LRP445d,0,MediumTruck
30789,MediumTruck65953,N1_LRP445b,0,MediumTruck
30790,LargeBus65954,N2_LRP016a,0,LargeBus
30791,SmallTruck65958,N1_LRP134a,0,SmallTruck
30792,MediumTruck65960,N1_LRP026a,0,MediumTruck
30793,MediumTruck65961,N105_LRP035d,0,MediumTruck
30794,MediumTruck65969,N1_LRP449d,0,MediumTruck
30795,MediumTruck65969,N1_LRP449c,0,MediumTruck
30796,MediumTruck65976,N1_LRP001a,0,MediumTruck
30797,MediumTruck65977,N105_LRP039b,0,MediumTruck
30798,SmallTruck65985,N1_LRP452e,0,SmallTruck
30799,SmallTruck65985,N1_LRP452d,0,SmallTruck
30800,MediumTruck65994,N2_LRP123c,0,MediumTruck
30801,MediumTruck65996,N2_LRP152c,0,MediumTruck
30802,MediumTruck65996,N2_LRP152d,0,MediumTruck
30803,MediumTruck65996,N2_LRP153a,0,MediumTruck
30804,MiniBus66000,N1_LRP001a,0,MiniBus
30805,MediumTruck66001,N1_LRP456c,0,MediumTruck
30806,MiniBus66002,N1_LRP010b,0,MiniBus
30807,MiniBus66002,N1_LRP010c,0,MiniBus
30808,MiniBus66002,N1_LRP011a,0,MiniBus
30809,MediumTruck66003,N2_LRP285c,0,MediumTruck
30810,SmallTruck66010,N2_LRP118g,0,SmallTruck
30811,MiniBus65280,N1_LRP201b,0,MiniBus
30812,MiniBus65280,N1_LRP202a,0,MiniBus
30813,SmallTruck65281,N1_LRP289a,0,SmallTruck
30814,MediumTruck65282,N2_LRP175c,0,MediumTruck
30815,MediumTruck65282,N2_LRP175d,0,MediumTruck
30816,MediumTruck65282,N2_LRP175e,0,MediumTruck
30817,MediumTruck65282,N2_LRP175f,0,MediumTruck
30818,LargeBus65296,N1_LRP196a,0,LargeBus
30819,MiniBus65311,N2_LRP043d,0,MiniBus
30820,MediumTruck65312,N2_LRP161a,0,MediumTruck
30821,LargeBus65313,N1_LRP288a,0,LargeBus
30822,MediumTruck65314,N2_LRP169b,0,MediumTruck
30823,MediumTruck65314,N2_LRP169c,0,MediumTruck
30824,MediumTruck65314,N2_LRP169d,0,MediumTruck
30825,MediumTruck65325,N2_LRP029b,0,MediumTruck
30826,MediumTruck65326,N2_LRP121a,0,MediumTruck
30827,LargeBus65328,N2_LRP167b,0,LargeBus
30828,LargeBus65328,N2_LRP167c,0,LargeBus
30829,SmallTruck65329,N1_LRP300b,0,SmallTruck
30830,SmallTruck65329,N1_LRP300a,0,SmallTruck
30831,SmallTruck65331,N2_LRP132b,0,SmallTruck
30832,SmallTruck65331,N2_LRP132a,0,SmallTruck
30833,MediumTruck65341,N2_LRP038c,0,MediumTruck
30834,MediumTruck65342,N2_LRP126d,0,MediumTruck
30835,MediumTruck65342,N2_LRP126c,0,MediumTruck
30836,MediumTruck65342,N2_LRP126b,0,MediumTruck
30837,MediumTruck65345,N1_LRP304b,0,MediumTruck
30838,SmallTruck65346,N2_LRP157a,0,SmallTruck
30839,MediumTruck65351,N1_LRP023a,0,MediumTruck
30840,MediumTruck65353,N2_LRP139b,0,MediumTruck
30841,MediumTruck65353,N2_LRP140a,10.105266772968552,MediumTruck
30842,MediumTruck65360,N1_LRP166c,0,MediumTruck
30843,MiniBus65361,N1_LRP298a,0,MiniBus
30844,LargeBus65363,N2_LRP123d,0,LargeBus
30845,LargeBus65363,N2_LRP123c,0,LargeBus
30846,MediumTruck65367,N1_LRP027a,0,MediumTruck
30847,SmallTruck65373,N2_LRP041b,0,SmallTruck
30848,LargeBus65376,N1_LRP174b,0,LargeBus
30849,LargeBus65376,N1_LRP174c,0,LargeBus
30850,MediumTruck65380,N2_LRP084a,0,MediumTruck
30851,MediumTruck65382,N2_LRP024b,0,MediumTruck
30852,MediumTruck65384,N2_LRP147d,0,MediumTruck
30853,MediumTruck65384,N2_LRP148b,0,MediumTruck
30854,MiniBus65390,N2_LRP129a,0,MiniBus
30855,MiniBus65390,N2_LRP128b,0,MiniBus
30856,MediumTruck65392,N1_LRP159a,0,MediumTruck
30857,MiniBus65393,N1_LRP309b,0,MiniBus
30858,LargeBus65394,N2_LRP156a,0,LargeBus
30859,LargeBus65394,N2_LRP157a,0,LargeBus
30860,MediumTruck65404,N1_LRP012a,0,MediumTruck
30861,MediumTruck65404,N1_LRP012b,0,MediumTruck
30862,MiniBus65405,N2_LRP035b,0,MiniBus
30863,LargeBus65407,N2_LRP069e,0,LargeBus
30864,LargeBus65407,N2_LRP069c,0,LargeBus
30865,MediumTruck65409,N1_LRP318b,0,MediumTruck
30866,MediumTruck65425,N1_LRP321d,0,MediumTruck
30867,MediumTruck65425,N1_LRP321b,0,MediumTruck
30868,LargeBus65431,N1_LRP251a,0,LargeBus
30869,SmallTruck65443,N2_LRP153b,0,SmallTruck
30870,SmallTruck65443,N2_LRP153a,0,SmallTruck
30871,MediumTruck65456,N1_LRP142a,0,MediumTruck
30872,HeavyTruck65460,N2_LRP069c,0,HeavyTruck
30873,HeavyTruck65460,N2_LRP069e,0,HeavyTruck
30874,HeavyTruck65460,N2_LRP070a,0,HeavyTruck
30875,MediumTruck65473,N1_LRP339a,0,MediumTruck
30876,SmallTruck65475,N2_LRP161a,0,SmallTruck
30877,SmallTruck65485,N2_LRP064b,0,SmallTruck
30878,SmallTruck65485,N2_LRP064a,0,SmallTruck
30879,SmallTruck65490,N2_LRP128b,0,SmallTruck
30880,HeavyTruck65491,N2_LRP162a,3.1729867887609995,HeavyTruck
30881,MediumTruck65497,N2_LRP106a,0,MediumTruck
30882,MiniBus65502,N2_LRP155a,0,MiniBus
30883,HeavyTruck65506,N2_LRP125d,0,HeavyTruck
30884,HeavyTruck65506,N2_LRP126a,0,HeavyTruck
30885,HeavyTruck65506,N2_LRP126b,0,HeavyTruck
30886,LargeBus65507,N2_LRP157b,0,LargeBus
30887,LargeBus65509,N1_LRP023a,0,LargeBus
30888,SmallTruck65511,N1_LRP064c,0,SmallTruck
30889,SmallTruck65517,N2_LRP076a,0,SmallTruck
30890,SmallTruck65522,N2_LRP121c,0,SmallTruck
30891,LargeBus65525,N1_LRP137a,0,LargeBus
30892,MediumTruck65537,N1_LRP351a,0,MediumTruck
30893,MediumTruck65538,N2_LRP118a,0,MediumTruck
30894,SmallTruck65539,N2_LRP172d,0,SmallTruck
30895,SmallTruck65539,N2_LRP172c,0,SmallTruck
30896,MediumTruck65551,N2_LRP117b,0,MediumTruck
30897,MediumTruck65551,N2_LRP117a,0.140849834096868,MediumTruck
30898,MediumTruck65555,N2_LRP177a,0,MediumTruck
30899,LargeBus65570,N2_LRP119c,0,LargeBus
30900,LargeBus65570,N2_LRP120a,0,LargeBus
30901,MediumTruck65571,N2_LRP182b,0,MediumTruck
30902,MediumTruck65571,N2_LRP182a,0,MediumTruck
30903,SmallTruck65579,N2_LRP188a,0,SmallTruck
30904,LargeBus65581,N2_LRP078a,0,LargeBus
30905,MiniBus65585,N1_LRP350a,0,MiniBus
30906,MediumTruck65586,N2_LRP104a,0,MediumTruck
30907,MediumTruck65587,N2_LRP184c,0,MediumTruck
30908,MediumTruck65593,N2_LRP081a,0,MediumTruck
30909,MediumTruck65601,N1_LRP367a,0,MediumTruck
30910,MiniBus65603,N2_LRP179a,0,MiniBus
30911,SmallTruck65611,N2_LRP052a,0,SmallTruck
30912,LargeBus65618,N2_LRP102a,0,LargeBus
30913,MediumTruck65624,N2_LRP098b,3.275550202499349,MediumTruck
30914,MediumTruck65630,N2_LRP187b,0,MediumTruck
30915,MediumTruck65633,N1_LRP373a,0,MediumTruck
30916,LargeBus65636,N2_LRP035b,0,LargeBus
30917,MediumTruck65638,N1_LRP051a,0,MediumTruck
30918,LargeBus65649,N1_LRP368a,0.06454679883270248,LargeBus
30919,LargeBus65650,N2_LRP098b,4.275550202499349,LargeBus
30920,LargeBus65651,N2_LRP187b,0,LargeBus
30921,MediumTruck65652,N2_LRP021b,0,MediumTruck
30922,MediumTruck65656,N2_LRP087a,0,MediumTruck
30923,MediumTruck65661,N208_LRP004c,0,MediumTruck
30924,MediumTruck65665,N1_LRP380c,0,MediumTruck
30925,MediumTruck65665,N1_LRP380a,0,MediumTruck
30926,MediumTruck65666,N1_LRP098a,0,MediumTruck
30927,MediumTruck65682,N2_LRP079d,0,MediumTruck
30928,LargeBus65683,N208_LRP024d,0,LargeBus
30929,MediumTruck65692,N2_LRP067c,0,MediumTruck
30930,SmallTruck65697,N1_LRP388a,0,SmallTruck
30931,MiniBus65698,N2_LRP084a,0,MiniBus
30932,MediumTruck65699,N2_LRP211b,0,MediumTruck
30933,SmallTruck65701,N102_LRP002c,0,SmallTruck
30934,SmallTruck65701,N102_LRP002b,0,SmallTruck
30935,SmallTruck65701,N102_LRP002a,0,SmallTruck
30936,LargeBus65707,N2_LRP165c,0,LargeBus
30937,LargeBus65707,N2_LRP165d,0,LargeBus
30938,MediumTruck65708,N2_LRP073c,0,MediumTruck
30939,MediumTruck65708,N2_LRP073b,0,MediumTruck
30940,SmallTruck65709,N2_LRP123c,0,SmallTruck
30941,MiniBus65710,N2_LRP200c,0,MiniBus
30942,MediumTruck65720,N2_LRP073g,0,MediumTruck
30943,MiniBus65721,N2_LRP057a,0,MiniBus
30944,MiniBus65721,N2_LRP057b,0,MiniBus
30945,SmallTruck65725,N2_LRP127b,0,SmallTruck
30946,MediumTruck65736,N2_LRP070c,0,MediumTruck
30947,MediumTruck65751,N1_LRP166c,0,MediumTruck
30948,SmallTruck65754,N2_LRP054b,0,SmallTruck
30949,SmallTruck65759,N2_LRP166e,0,SmallTruck
30950,SmallTruck65759,N2_LRP166d,0,SmallTruck
30951,MediumTruck65760,N1_LRP064c,0,MediumTruck
30952,MediumTruck65761,N1_LRP402b,0,MediumTruck
30953,MediumTruck65778,N2_LRP058c,0,MediumTruck
30954,MediumTruck65778,N2_LRP059a,0,MediumTruck
30955,MediumTruck65779,N2_LRP228b,0,MediumTruck
30956,LargeBus65780,N102_LRP065a,0,LargeBus
30957,MediumTruck65781,N102_LRP022a,0,MediumTruck
30958,MediumTruck65783,N1_LRP134a,0,MediumTruck
30959,SmallTruck65786,N2_LRP171d,0,SmallTruck
30960,SmallTruck65786,N2_LRP171e,0,SmallTruck
30961,SmallTruck65786,N2_LRP171f,0.04382745891360755,SmallTruck
30962,MiniBus65788,N207_LRP066b,0,MiniBus
30963,SmallTruck65789,N2_LRP141a,0,SmallTruck
30964,SmallTruck65789,N2_LRP140c,6.3358190908576635,SmallTruck
30965,SmallTruck65792,N2_LRP043d,0,SmallTruck
30966,SmallTruck65792,N2_LRP044a,0,SmallTruck
30967,MediumTruck65795,N2_LRP231d,0,MediumTruck
30968,MediumTruck65795,N2_LRP231c,0,MediumTruck
30969,SmallTruck65796,N1_LRP026a,0,SmallTruck
30970,SmallTruck65807,N2_LRP178a,0,SmallTruck
30971,MediumTruck65810,N2_LRP046c,0,MediumTruck
30972,MediumTruck65810,N2_LRP047a,0,MediumTruck
30973,MediumTruck65810,N2_LRP047c,0,MediumTruck
30974,LargeBus65811,N2_LRP230e,0,LargeBus
30975,SmallTruck65820,N2_LRP098b,5.275550202499349,SmallTruck
30976,LargeBus65826,N2_LRP046c,0,LargeBus
30977,SmallTruck65827,N2_LRP240a,0,SmallTruck
30978,HeavyTruck65841,N1_LRP421d,0,HeavyTruck
30979,HeavyTruck65843,N2_LRP243b,0,HeavyTruck
30980,MediumTruck65845,N102_LRP038d,0,MediumTruck
30981,MiniBus65852,N2_LRP186c,0,MiniBus
30982,MediumTruck65859,N2_LRP248a,0,MediumTruck
30983,SmallTruck65862,N1_LRP109a,0,SmallTruck
30984,MediumTruck65863,N104_LRP010a,0,MediumTruck
30985,SmallTruck65864,N105_LRP040c,0,SmallTruck
30986,SmallTruck65869,N2_LRP159d,0,SmallTruck
30987,SmallTruck65869,N2_LRP159c,0,SmallTruck
30988,SmallTruck65869,N2_LRP159b,0,SmallTruck
30989,MediumTruck65872,N1_LRP035a,0,MediumTruck
30990,LargeBus65873,N1_LRP423d,0,LargeBus
30991,LargeBus65873,N1_LRP423c,0,LargeBus
30992,LargeBus65873,N1_LRP423b,0.17717890159593502,LargeBus
30993,LargeBus65875,N2_LRP248a,0,LargeBus
30994,MediumTruck65878,N1_LRP112a,0,MediumTruck
30995,LargeBus65879,N104_LRP010a,0,LargeBus
30996,MiniBus65889,N1_LRP426e,0,MiniBus
30997,MiniBus65889,N1_LRP426d,0,MiniBus
30998,MiniBus65889,N1_LRP426c,0,MiniBus
30999,MiniBus65889,N1_LRP426b,0,MiniBus
31000,MiniBus65889,N1_LRP426a,0,MiniBus
31001,MiniBus65892,N102_LRP034b,0,MiniBus
31002,MediumTruck65897,N105_LRP017c,0,MediumTruck
31003,SmallTruck65899,N204_LRP003b,0,SmallTruck
31004,SmallTruck65900,N2_LRP118g,0,SmallTruck
31005,MediumTruck65903,N208_LRP027b,0,MediumTruck
31006,MediumTruck65904,N1_LRP027a,0,MediumTruck
31007,SmallTruck65905,N1_LRP432b,0,SmallTruck
31008,MediumTruck65909,N102_LRP055c,0,MediumTruck
31009,LargeBus65910,N1_LRP118d,0,LargeBus
31010,SmallTruck65912,N105_LRP027c,0,SmallTruck
31011,SmallTruck65913,N105_LRP021d,0,SmallTruck
31012,MiniBus65918,N208_LRP031b,0,MiniBus
31013,MiniBus65919,N208_LRP028d,0,MiniBus
31014,MiniBus65919,N208_LRP027f,0,MiniBus
31015,MediumTruck65923,N2_LRP264a,0,MediumTruck
31016,LargeBus65932,N2_LRP130a,0,LargeBus
31017,LargeBus65932,N2_LRP129c,0,LargeBus
31018,LargeBus65932,N2_LRP129b,0,LargeBus
31019,MediumTruck65937,N1_LRP440a,0,MediumTruck
31020,MediumTruck65940,N102_LRP019a,0,MediumTruck
31021,MediumTruck65940,N102_LRP019b,0,MediumTruck
31022,MediumTruck65948,N2_LRP138b,0,MediumTruck
31023,MediumTruck65953,N1_LRP444e,0,MediumTruck
31024,MediumTruck65953,N1_LRP444d,0,MediumTruck
31025,MediumTruck65953,N1_LRP444c,0,MediumTruck
31026,MediumTruck65953,N1_LRP444b,0,MediumTruck
31027,MediumTruck65953,N1_LRP444a,0,MediumTruck
31028,MediumTruck65960,N1_LRP026b,0,MediumTruck
31029,SmallTruck65968,N1_LRP010b,0,SmallTruck
31030,SmallTruck65968,N1_LRP010c,0,SmallTruck
31031,SmallTruck65968,N1_LRP011a,0,SmallTruck
31032,MediumTruck65969,N1_LRP448a,0,MediumTruck
31033,MediumTruck65974,N1_LRP137a,0,MediumTruck
31034,MiniBus65982,N208_LRP011b,0,MiniBus
31035,SmallTruck65985,N1_LRP452c,0,SmallTruck
31036,SmallTruck65985,N1_LRP452a,0,SmallTruck
31037,SmallTruck65985,N1_LRP451e,0,SmallTruck
31038,MediumTruck65993,N105_LRP042b,0,MediumTruck
31039,MediumTruck65994,N2_LRP123d,0,MediumTruck
31040,MediumTruck65994,N2_LRP123e,0,MediumTruck
31041,MediumTruck65996,N2_LRP153b,0,MediumTruck
31042,MediumTruck65997,N207_LRP061d,0,MediumTruck
31043,MediumTruck66001,N1_LRP456a,0,MediumTruck
31044,MediumTruck66003,N2_LRP285a,0,MediumTruck
31045,MediumTruck66003,N2_LRP284c,0,MediumTruck
31046,MediumTruck66006,N1_LRP145a,0,MediumTruck
31047,SmallTruck66010,N2_LRP119c,0,SmallTruck
31048,SmallTruck66010,N2_LRP120a,0,SmallTruck
31049,SmallTruck66015,N208_LRP055a,0,SmallTruck
31050,MiniBus65280,N1_LRP203a,0,MiniBus
31051,SmallTruck65281,N1_LRP288a,0,SmallTruck
31052,MediumTruck65282,N2_LRP176b,0,MediumTruck
31053,MediumTruck65282,N2_LRP176c,0,MediumTruck
31054,MediumTruck65282,N2_LRP176d,0,MediumTruck
31055,MediumTruck65282,N2_LRP176e,0,MediumTruck
31056,LargeBus65296,N1_LRP197a,0,LargeBus
31057,LargeBus65296,N1_LRP197b,0,LargeBus
31058,MediumTruck65297,N1_LRP296b,0,MediumTruck
31059,LargeBus65298,N2_LRP184c,0,LargeBus
31060,MiniBus65311,N2_LRP043a,7.176796768257621,MiniBus
31061,MediumTruck65312,N2_LRP161b,0,MediumTruck
31062,MediumTruck65312,N2_LRP161c,0,MediumTruck
31063,MediumTruck65312,N2_LRP162a,4.1729867887609995,MediumTruck
31064,MediumTruck65314,N2_LRP169e,0,MediumTruck
31065,MediumTruck65314,N2_LRP169f,0,MediumTruck
31066,MediumTruck65314,N2_LRP170a,0,MediumTruck
31067,MediumTruck65314,N2_LRP170b,0,MediumTruck
31068,MediumTruck65314,N2_LRP170c,0,MediumTruck
31069,MediumTruck65321,N2_LRP141a,0,MediumTruck
31070,MediumTruck65321,N2_LRP141b,0,MediumTruck
31071,MediumTruck65326,N2_LRP120a,0,MediumTruck
31072,MediumTruck65326,N2_LRP119c,0,MediumTruck
31073,LargeBus65328,N2_LRP168a,0,LargeBus
31074,LargeBus65328,N2_LRP168c,0,LargeBus
31075,SmallTruck65329,N1_LRP299c,0,SmallTruck
31076,SmallTruck65329,N1_LRP299a,0,SmallTruck
31077,MediumTruck65336,N2_LRP162c,0,MediumTruck
31078,MediumTruck65336,N2_LRP162d,0,MediumTruck
31079,MediumTruck65342,N2_LRP126a,0,MediumTruck
31080,MediumTruck65342,N2_LRP125d,0,MediumTruck
31081,MediumTruck65342,N2_LRP125c,0,MediumTruck
31082,MediumTruck65342,N2_LRP125b,0,MediumTruck
31083,MediumTruck65345,N1_LRP303a,0,MediumTruck
31084,SmallTruck65346,N2_LRP157b,0,SmallTruck
31085,MediumTruck65356,N1_LRP026a,0,MediumTruck
31086,MediumTruck65358,N2_LRP135b,0,MediumTruck
31087,MediumTruck65360,N1_LRP167a,0,MediumTruck
31088,LargeBus65363,N2_LRP122b,0,LargeBus
31089,MediumTruck65367,N1_LRP026b,0,MediumTruck
31090,MediumTruck65367,N1_LRP026a,0,MediumTruck
31091,SmallTruck65373,N2_LRP040b,0,SmallTruck
31092,LargeBus65376,N1_LRP175a,0,LargeBus
31093,MediumTruck65377,N1_LRP316a,0,MediumTruck
31094,MediumTruck65382,N2_LRP025a,0,MediumTruck
31095,MediumTruck65382,N2_LRP025b,0,MediumTruck
31096,MiniBus65390,N2_LRP128a,0,MiniBus
31097,MiniBus65390,N2_LRP127c,0,MiniBus
31098,MiniBus65393,N1_LRP309a,0,MiniBus
31099,MiniBus65393,N1_LRP308b,0,MiniBus
31100,MiniBus65393,N1_LRP308a,0.009571547905194613,MiniBus
31101,LargeBus65394,N2_LRP157b,0,LargeBus
31102,MediumTruck65409,N1_LRP318a,0,MediumTruck
31103,MediumTruck65425,N1_LRP321a,0,MediumTruck
31104,SmallTruck65427,N2_LRP148b,0,SmallTruck
31105,SmallTruck65430,N1_LRP282a,0,SmallTruck
31106,SmallTruck65430,N1_LRP282c,0,SmallTruck
31107,LargeBus65431,N1_LRP252a,0,LargeBus
31108,MediumTruck65436,N105_LRP003a,0,MediumTruck
31109,MediumTruck65441,N1_LRP336a,0,MediumTruck
31110,SmallTruck65443,N2_LRP152d,0,SmallTruck
31111,SmallTruck65443,N2_LRP152c,0,SmallTruck
31112,SmallTruck65443,N2_LRP152b,0,SmallTruck
31113,SmallTruck65443,N2_LRP152a,0,SmallTruck
31114,MediumTruck65457,N1_LRP336a,0,MediumTruck
31115,HeavyTruck65460,N2_LRP070c,0,HeavyTruck
31116,MediumTruck65462,N105_LRP005c,0,MediumTruck
31117,MediumTruck65462,N105_LRP006a,0,MediumTruck
31118,MediumTruck65474,N2_LRP132a,0,MediumTruck
31119,MediumTruck65474,N2_LRP132b,0,MediumTruck
31120,MediumTruck65474,N2_LRP132c,0,MediumTruck
31121,SmallTruck65475,N2_LRP160a,0,SmallTruck
31122,MediumTruck65489,N1_LRP339a,0,MediumTruck
31123,SmallTruck65490,N2_LRP129a,0,SmallTruck
31124,SmallTruck65490,N2_LRP129b,0,SmallTruck
31125,SmallTruck65490,N2_LRP129c,0,SmallTruck
31126,MediumTruck65493,N1_LRP030a,0,MediumTruck
31127,MediumTruck65497,N2_LRP106b,0,MediumTruck
31128,MiniBus65502,N2_LRP154c,0,MiniBus
31129,LargeBus65505,N1_LRP339a,0,LargeBus
31130,HeavyTruck65506,N2_LRP126c,0,HeavyTruck
31131,HeavyTruck65506,N2_LRP126d,0,HeavyTruck
31132,HeavyTruck65506,N2_LRP127b,0,HeavyTruck
31133,LargeBus65507,N2_LRP157a,0,LargeBus
31134,LargeBus65507,N2_LRP156a,0,LargeBus
31135,SmallTruck65522,N2_LRP122b,0,SmallTruck
31136,MediumTruck65523,N2_LRP170e,0,MediumTruck
31137,MediumTruck65523,N2_LRP170c,0,MediumTruck
31138,MediumTruck65537,N1_LRP350a,0,MediumTruck
31139,MediumTruck65538,N2_LRP118b,0,MediumTruck
31140,MediumTruck65538,N2_LRP118e,0,MediumTruck
31141,SmallTruck65539,N2_LRP171f,0.09702578003225656,SmallTruck
31142,LargeBus65542,N1_LRP014a,0,LargeBus
31143,MediumTruck65545,N2_LRP095a,0,MediumTruck
31144,MediumTruck65545,N2_LRP096a,0,MediumTruck
31145,SmallTruck65552,N2_LRP106a,0,SmallTruck
31146,SmallTruck65553,N1_LRP353b,0,SmallTruck
31147,SmallTruck65553,N1_LRP353a,0,SmallTruck
31148,SmallTruck65553,N1_LRP352a,0,SmallTruck
31149,MediumTruck65554,N1_LRP127a,0,MediumTruck
31150,MediumTruck65555,N2_LRP176e,0,MediumTruck
31151,MediumTruck65555,N2_LRP176d,0,MediumTruck
31152,MediumTruck65555,N2_LRP176c,0,MediumTruck
31153,MediumTruck65555,N2_LRP176b,0,MediumTruck
31154,LargeBus65556,N2_LRP052a,0,LargeBus
31155,MediumTruck65569,N1_LRP360c,0,MediumTruck
31156,MediumTruck65569,N1_LRP360a,0,MediumTruck
31157,MediumTruck65571,N2_LRP181c,0,MediumTruck
31158,LargeBus65574,N1_LRP023a,0,LargeBus
31159,LargeBus65575,N1_LRP068a,0,LargeBus
31160,SmallTruck65577,N1_LRP077a,0,SmallTruck
31161,LargeBus65581,N2_LRP076b,0,LargeBus
31162,MiniBus65585,N1_LRP349a,0,MiniBus
31163,MediumTruck65587,N2_LRP183d,1.2148430373906547,MediumTruck
31164,MediumTruck65593,N2_LRP081b,0,MediumTruck
31165,MiniBus65599,N2_LRP132c,0,MiniBus
31166,MiniBus65599,N2_LRP132b,0,MiniBus
31167,MiniBus65599,N2_LRP132a,0,MiniBus
31168,MiniBus65603,N2_LRP178b,0,MiniBus
31169,MiniBus65603,N2_LRP178a,0,MiniBus
31170,MediumTruck65616,N2_LRP091b,0,MediumTruck
31171,LargeBus65618,N2_LRP103c,0,LargeBus
31172,MediumTruck65627,N2_LRP175c,0,MediumTruck
31173,MediumTruck65627,N2_LRP175d,0,MediumTruck
31174,MediumTruck65627,N2_LRP175e,0,MediumTruck
31175,MediumTruck65627,N2_LRP175f,0,MediumTruck
31176,MediumTruck65630,N2_LRP186d,0,MediumTruck
31177,SmallTruck65631,N2_LRP141b,0,SmallTruck
31178,LargeBus65632,N2_LRP095a,0,LargeBus
31179,MediumTruck65633,N1_LRP372c,0,MediumTruck
31180,MediumTruck65633,N1_LRP372a,0,MediumTruck
31181,LargeBus65637,N1_LRP107a,0,LargeBus
31182,MediumTruck65648,N1_LRP094a,0,MediumTruck
31183,LargeBus65651,N2_LRP186d,0,LargeBus
31184,LargeBus65677,N2_LRP106b,0,LargeBus
31185,LargeBus65677,N2_LRP106a,0,LargeBus
31186,MediumTruck65682,N2_LRP081a,0,MediumTruck
31187,SmallTruck65697,N1_LRP387f,0,SmallTruck
31188,SmallTruck65697,N1_LRP387e,0,SmallTruck
31189,LargeBus65707,N2_LRP166d,0,LargeBus
31190,LargeBus65707,N2_LRP166e,0,LargeBus
31191,SmallTruck65709,N2_LRP122b,0,SmallTruck
31192,MiniBus65710,N2_LRP199d,0,MiniBus
31193,SmallTruck65712,N1_LRP077a,0,SmallTruck
31194,MediumTruck65720,N2_LRP074a,0,MediumTruck
31195,SmallTruck65725,N2_LRP126d,0,SmallTruck
31196,SmallTruck65725,N2_LRP126c,0,SmallTruck
31197,SmallTruck65725,N2_LRP126b,0,SmallTruck
31198,MediumTruck65730,N2_LRP072a,0,MediumTruck
31199,HeavyTruck65731,N2_LRP216b,0,HeavyTruck
31200,HeavyTruck65733,N102_LRP009a,0,HeavyTruck
31201,MediumTruck65751,N1_LRP167a,0,MediumTruck
31202,SmallTruck65754,N2_LRP054a,0,SmallTruck
31203,LargeBus65762,N2_LRP069c,0,LargeBus
31204,LargeBus65762,N2_LRP069e,0,LargeBus
31205,LargeBus65762,N2_LRP070a,0,LargeBus
31206,LargeBus65762,N2_LRP070c,0,LargeBus
31207,MiniBus65774,N2_LRP216b,0,MiniBus
31208,MiniBus65787,N2_LRP140c,7.3358190908576635,MiniBus
31209,MiniBus65790,N2_LRP221b,0,MiniBus
31210,SmallTruck65792,N2_LRP044c,0,SmallTruck
31211,LargeBus65793,N1_LRP408a,0,LargeBus
31212,LargeBus65794,N2_LRP060c,0,LargeBus
31213,LargeBus65794,N2_LRP061a,0,LargeBus
31214,MediumTruck65795,N2_LRP230e,0,MediumTruck
31215,SmallTruck65807,N2_LRP177a,0,SmallTruck
31216,MediumTruck65810,N2_LRP048a,0,MediumTruck
31217,LargeBus65811,N2_LRP230c,0,LargeBus
31218,MediumTruck65813,N102_LRP029d,0,MediumTruck
31219,LargeBus65825,N1_LRP414a,0,LargeBus
31220,LargeBus65826,N2_LRP047a,0,LargeBus
31221,LargeBus65826,N2_LRP047c,0,LargeBus
31222,SmallTruck65827,N2_LRP239a,0,SmallTruck
31223,SmallTruck65827,N2_LRP238c,0,SmallTruck
31224,MediumTruck65829,N102_LRP034b,0,MediumTruck
31225,MiniBus65839,N208_LRP004c,0,MiniBus
31226,HeavyTruck65841,N1_LRP420e,0,HeavyTruck
31227,HeavyTruck65841,N1_LRP420d,0,HeavyTruck
31228,LargeBus65842,N2_LRP043d,0,LargeBus
31229,LargeBus65842,N2_LRP044a,0,LargeBus
31230,HeavyTruck65843,N2_LRP243a,0,HeavyTruck
31231,MediumTruck65845,N102_LRP038b,0,MediumTruck
31232,MediumTruck65845,N102_LRP037d,0,MediumTruck
31233,SmallTruck65851,N2_LRP108a,0,SmallTruck
31234,MiniBus65852,N2_LRP186d,0,MiniBus
31235,MiniBus65855,N2_LRP184c,0,MiniBus
31236,SmallTruck65864,N105_LRP041c,0,SmallTruck
31237,MediumTruck65865,N2_LRP016a,0,MediumTruck
31238,LargeBus65867,N2_LRP108a,0,LargeBus
31239,SmallTruck65869,N2_LRP158a,0,SmallTruck
31240,MediumTruck65872,N1_LRP036c,0,MediumTruck
31241,MediumTruck65880,N2_LRP035b,0,MediumTruck
31242,MediumTruck65881,N2_LRP012c,0,MediumTruck
31243,MiniBus65889,N1_LRP425e,0,MiniBus
31244,MiniBus65889,N1_LRP425c,0.2631858879803562,MiniBus
31245,MiniBus65890,N2_LRP035b,0,MiniBus
31246,MiniBus65894,N1_LRP112a,0,MiniBus
31247,MediumTruck65895,N104_LRP017b,0,MediumTruck
31248,SmallTruck65900,N2_LRP118e,0,SmallTruck
31249,SmallTruck65900,N2_LRP118b,0,SmallTruck
31250,SmallTruck65900,N2_LRP118a,0,SmallTruck
31251,SmallTruck65905,N1_LRP432a,0,SmallTruck
31252,SmallTruck65913,N105_LRP020c,0,SmallTruck
31253,SmallTruck65917,N2_LRP219a,0,SmallTruck
31254,MiniBus65919,N208_LRP027d,0,MiniBus
31255,MiniBus65919,N208_LRP027b,0,MiniBus
31256,LargeBus65921,N1_LRP433c,0,LargeBus
31257,LargeBus65921,N1_LRP433b,0.42515494075893434,LargeBus
31258,MediumTruck65922,N2_LRP024b,0,MediumTruck
31259,MediumTruck65925,N102_LRP058a,0,MediumTruck
31260,SmallTruck65928,N1_LRP035a,0,SmallTruck
31261,MediumTruck65929,N105_LRP024c,0,MediumTruck
31262,LargeBus65932,N2_LRP129a,0,LargeBus
31263,LargeBus65932,N2_LRP128b,0,LargeBus
31264,MediumTruck65934,N208_LRP024d,0,MediumTruck
31265,SmallTruck65935,N208_LRP034d,0,SmallTruck
31266,SmallTruck65935,N208_LRP034c,0,SmallTruck
31267,MediumTruck65936,N1_LRP020a,0,MediumTruck
31268,MediumTruck65937,N1_LRP439a,0,MediumTruck
31269,MediumTruck65941,N102_LRP062c,0,MediumTruck
31270,MediumTruck65941,N102_LRP062b,0,MediumTruck
31271,MiniBus65946,N2_LRP097a,0,MiniBus
31272,MediumTruck65948,N2_LRP138a,0,MediumTruck
31273,MediumTruck65953,N1_LRP443d,0,MediumTruck
31274,MediumTruck65953,N1_LRP443c,0,MediumTruck
31275,MediumTruck65960,N1_LRP027a,0,MediumTruck
31276,MediumTruck65969,N1_LRP447c,0,MediumTruck
31277,SmallTruck65970,N2_LRP012c,0,SmallTruck
31278,MediumTruck65971,N2_LRP276a,0,MediumTruck
31279,SmallTruck65981,N2_LRP183c,0,SmallTruck
31280,MiniBus65983,N2_LRP216b,0,MiniBus
31281,SmallTruck65985,N1_LRP451b,0,SmallTruck
31282,SmallTruck65985,N1_LRP450e,0.2590760398808397,SmallTruck
31283,MediumTruck65994,N2_LRP124c,0,MediumTruck
31284,MediumTruck65996,N2_LRP154c,0,MediumTruck
31285,MediumTruck66001,N1_LRP455a,0,MediumTruck
31286,MediumTruck66003,N2_LRP284b,0,MediumTruck
31287,SmallTruck66010,N2_LRP121a,0,SmallTruck
31288,MediumTruck66013,N2_LRP188a,0,MediumTruck
31289,MediumTruck66013,N2_LRP187b,0,MediumTruck
31290,MiniBus65280,N1_LRP203b,0,MiniBus
31291,MiniBus65280,N1_LRP204a,0,MiniBus
31292,MediumTruck65282,N2_LRP177a,0,MediumTruck
31293,LargeBus65296,N1_LRP198a,0,LargeBus
31294,MediumTruck65297,N1_LRP296a,0,MediumTruck
31295,SmallTruck65301,N2_LRP029b,0,SmallTruck
31296,LargeBus65313,N1_LRP287a,0,LargeBus
31297,MediumTruck65314,N2_LRP170e,0,MediumTruck
31298,MediumTruck65314,N2_LRP170f,0.12096247108571725,MediumTruck
31299,SmallTruck65323,N1_LRP033a,0,SmallTruck
31300,MediumTruck65326,N2_LRP118g,0,MediumTruck
31301,LargeBus65328,N2_LRP169b,0,LargeBus
31302,LargeBus65328,N2_LRP169c,0,LargeBus
31303,SmallTruck65329,N1_LRP298a,0,SmallTruck
31304,SmallTruck65331,N2_LRP130c,0,SmallTruck
31305,SmallTruck65331,N2_LRP130b,0,SmallTruck
31306,MediumTruck65334,N2_LRP038c,0,MediumTruck
31307,MediumTruck65334,N2_LRP039a,0,MediumTruck
31308,MediumTruck65336,N2_LRP162e,0,MediumTruck
31309,MediumTruck65336,N2_LRP163a,0,MediumTruck
31310,MediumTruck65336,N2_LRP163b,0,MediumTruck
31311,MediumTruck65342,N2_LRP125a,0,MediumTruck
31312,MediumTruck65342,N2_LRP124c,0,MediumTruck
31313,MediumTruck65345,N1_LRP302e,0,MediumTruck
31314,SmallTruck65346,N2_LRP158a,0,SmallTruck
31315,MediumTruck65356,N1_LRP026b,0,MediumTruck
31316,MediumTruck65358,N2_LRP135a,0,MediumTruck
31317,MiniBus65361,N1_LRP296b,0,MiniBus
31318,LargeBus65363,N2_LRP121c,0,LargeBus
31319,SmallTruck65372,N1_LRP026a,0,SmallTruck
31320,SmallTruck65373,N2_LRP040a,0,SmallTruck
31321,SmallTruck65373,N2_LRP039c,0,SmallTruck
31322,LargeBus65376,N1_LRP175b,0,LargeBus
31323,LargeBus65376,N1_LRP176a,0,LargeBus
31324,MediumTruck65380,N2_LRP086a,0,MediumTruck
31325,MiniBus65390,N2_LRP127b,0,MiniBus
31326,MiniBus65390,N2_LRP126d,0,MiniBus
31327,MiniBus65390,N2_LRP126c,0,MiniBus
31328,MiniBus65390,N2_LRP126b,0,MiniBus
31329,LargeBus65394,N2_LRP158a,0,LargeBus
31330,MediumTruck65404,N1_LRP014a,0,MediumTruck
31331,LargeBus65407,N2_LRP067c,0,LargeBus
31332,LargeBus65408,N1_LRP171a,0.09591972745099207,LargeBus
31333,MediumTruck65409,N1_LRP317a,9.217231558188406,MediumTruck
31334,LargeBus65411,N2_LRP140a,9.105266772968552,LargeBus
31335,MediumTruck65421,N2_LRP050a,0,MediumTruck
31336,MediumTruck65425,N1_LRP320a,0,MediumTruck
31337,SmallTruck65427,N2_LRP147d,0,SmallTruck
31338,SmallTruck65427,N2_LRP147b,0,SmallTruck
31339,SmallTruck65430,N1_LRP283c,0,SmallTruck
31340,LargeBus65431,N1_LRP252c,0,LargeBus
31341,MediumTruck65440,N1_LRP148a,0,MediumTruck
31342,MediumTruck65441,N1_LRP335a,0,MediumTruck
31343,SmallTruck65443,N2_LRP151b,0,SmallTruck
31344,MediumTruck65456,N1_LRP143a,0,MediumTruck
31345,MediumTruck65457,N1_LRP335a,0,MediumTruck
31346,MiniBus65470,N2_LRP141b,0,MiniBus
31347,MiniBus65470,N2_LRP141a,0,MiniBus
31348,MediumTruck65474,N2_LRP133a,0,MediumTruck
31349,SmallTruck65475,N2_LRP159d,0,SmallTruck
31350,SmallTruck65475,N2_LRP159c,0,SmallTruck
31351,SmallTruck65475,N2_LRP159b,0,SmallTruck
31352,SmallTruck65490,N2_LRP130a,0,SmallTruck
31353,SmallTruck65490,N2_LRP130b,0,SmallTruck
31354,SmallTruck65490,N2_LRP130c,0,SmallTruck
31355,MiniBus65500,N105_LRP006a,0,MiniBus
31356,MiniBus65502,N2_LRP153b,0,MiniBus
31357,MiniBus65502,N2_LRP153a,0,MiniBus
31358,HeavyTruck65506,N2_LRP127c,0,HeavyTruck
31359,HeavyTruck65506,N2_LRP128a,0,HeavyTruck
31360,SmallTruck65517,N2_LRP074a,0,SmallTruck
31361,SmallTruck65517,N2_LRP073g,0,SmallTruck
31362,SmallTruck65522,N2_LRP123c,0,SmallTruck
31363,SmallTruck65522,N2_LRP123d,0,SmallTruck
31364,MediumTruck65523,N2_LRP170b,0,MediumTruck
31365,MediumTruck65523,N2_LRP170a,0,MediumTruck
31366,MediumTruck65523,N2_LRP169f,0,MediumTruck
31367,MediumTruck65523,N2_LRP169e,0,MediumTruck
31368,MediumTruck65523,N2_LRP169d,0,MediumTruck
31369,MediumTruck65523,N2_LRP169c,0,MediumTruck
31370,MediumTruck65533,N2_LRP079a,0,MediumTruck
31371,MediumTruck65538,N2_LRP118g,0,MediumTruck
31372,SmallTruck65539,N2_LRP171e,0,SmallTruck
31373,MediumTruck65545,N2_LRP096c,0,MediumTruck
31374,SmallTruck65552,N2_LRP106b,0,SmallTruck
31375,MediumTruck65555,N2_LRP175f,0,MediumTruck
31376,MediumTruck65555,N2_LRP175e,0,MediumTruck
31377,MediumTruck65555,N2_LRP175d,0,MediumTruck
31378,MediumTruck65555,N2_LRP175c,0,MediumTruck
31379,LargeBus65556,N2_LRP053a,0,LargeBus
31380,LargeBus65556,N2_LRP054a,0,LargeBus
31381,LargeBus65570,N2_LRP121a,0,LargeBus
31382,MediumTruck65571,N2_LRP180c,0,MediumTruck
31383,LargeBus65581,N2_LRP076a,0,LargeBus
31384,MediumTruck65584,N1_LRP111a,0,MediumTruck
31385,MiniBus65585,N1_LRP348b,0,MiniBus
31386,MediumTruck65586,N2_LRP106a,0,MediumTruck
31387,MediumTruck65616,N2_LRP092a,0,MediumTruck
31388,MediumTruck65616,N2_LRP092b,0,MediumTruck
31389,LargeBus65617,N1_LRP364d,0,LargeBus
31390,LargeBus65618,N2_LRP104a,0,LargeBus
31391,MediumTruck65627,N2_LRP176b,0,MediumTruck
31392,MediumTruck65627,N2_LRP176c,0,MediumTruck
31393,MediumTruck65627,N2_LRP176d,0,MediumTruck
31394,MediumTruck65627,N2_LRP176e,0,MediumTruck
31395,MediumTruck65630,N2_LRP186c,0,MediumTruck
31396,SmallTruck65631,N2_LRP141a,0,SmallTruck
31397,SmallTruck65631,N2_LRP140c,8.335819090857663,SmallTruck
31398,LargeBus65632,N2_LRP096a,0,LargeBus
31399,LargeBus65632,N2_LRP096c,0,LargeBus
31400,MediumTruck65633,N1_LRP371c,0,MediumTruck
31401,MediumTruck65633,N1_LRP371a,0,MediumTruck
31402,LargeBus65649,N1_LRP367a,0,LargeBus
31403,LargeBus65651,N2_LRP186c,0,LargeBus
31404,LargeBus65651,N2_LRP186b,0.05773242588981717,LargeBus
31405,SmallTruck65654,N102_LRP028c,0,SmallTruck
31406,LargeBus65676,N2_LRP235a,0,LargeBus
31407,LargeBus65681,N1_LRP377f,0,LargeBus
31408,LargeBus65681,N1_LRP377d,0,LargeBus
31409,MediumTruck65682,N2_LRP081b,0,MediumTruck
31410,MediumTruck65692,N2_LRP066a,0,MediumTruck
31411,SmallTruck65697,N1_LRP387b,0,SmallTruck
31412,SmallTruck65697,N1_LRP387a,0,SmallTruck
31413,SmallTruck65697,N1_LRP386f,0,SmallTruck
31414,SmallTruck65697,N1_LRP386e,0,SmallTruck
31415,MiniBus65698,N2_LRP086a,0,MiniBus
31416,HeavyTruck65700,N102_LRP082a,0,HeavyTruck
31417,SmallTruck65701,N102_LRPSc,0,SmallTruck
31418,LargeBus65707,N2_LRP167b,0,LargeBus
31419,LargeBus65707,N2_LRP167c,0,LargeBus
31420,MediumTruck65708,N2_LRP072a,0,MediumTruck
31421,SmallTruck65709,N2_LRP121c,0,SmallTruck
31422,MediumTruck65720,N2_LRP076a,0,MediumTruck
31423,MiniBus65721,N2_LRP058c,0,MiniBus
31424,MiniBus65721,N2_LRP059a,0,MiniBus
31425,SmallTruck65725,N2_LRP126a,0,SmallTruck
31426,SmallTruck65725,N2_LRP125d,0,SmallTruck
31427,SmallTruck65725,N2_LRP125c,0,SmallTruck
31428,SmallTruck65725,N2_LRP125b,0,SmallTruck
31429,SmallTruck65727,N2_LRP161c,0,SmallTruck
31430,SmallTruck65727,N2_LRP161b,0,SmallTruck
31431,HeavyTruck65731,N2_LRP216a,0,HeavyTruck
31432,MediumTruck65736,N2_LRP072a,0,MediumTruck
31433,SmallTruck65754,N2_LRP053a,0,SmallTruck
31434,SmallTruck65759,N2_LRP165d,0,SmallTruck
31435,SmallTruck65759,N2_LRP165c,0,SmallTruck
31436,SmallTruck65759,N2_LRP164d,0,SmallTruck
31437,MediumTruck65765,N102_LRP017a,0,MediumTruck
31438,MediumTruck65772,N207_LRP066b,0,MediumTruck
31439,MiniBus65774,N2_LRP216a,0,MiniBus
31440,MediumTruck65778,N2_LRP060c,0,MediumTruck
31441,MediumTruck65778,N2_LRP061a,0,MediumTruck
31442,MediumTruck65779,N2_LRP226d,0,MediumTruck
31443,MediumTruck65779,N2_LRP226c,0,MediumTruck
31444,SmallTruck65786,N2_LRP172c,0,SmallTruck
31445,SmallTruck65786,N2_LRP172d,0,SmallTruck
31446,SmallTruck65792,N2_LRP045b,0,SmallTruck
31447,MediumTruck65795,N2_LRP230c,0,MediumTruck
31448,SmallTruck65805,N2_LRP141b,0,SmallTruck
31449,MediumTruck65806,N2_LRP228b,0,MediumTruck
31450,SmallTruck65807,N2_LRP176e,0,SmallTruck
31451,SmallTruck65807,N2_LRP176d,0,SmallTruck
31452,SmallTruck65807,N2_LRP176c,0,SmallTruck
31453,SmallTruck65807,N2_LRP176b,0,SmallTruck
31454,MediumTruck65810,N2_LRP048b,0,MediumTruck
31455,LargeBus65811,N2_LRP229c,0,LargeBus
31456,LargeBus65811,N2_LRP229a,0.9982021522762781,LargeBus
31457,MediumTruck65812,N1_LRP136a,0,MediumTruck
31458,LargeBus65826,N2_LRP048a,0,LargeBus
31459,MediumTruck65829,N102_LRP033c,0,MediumTruck
31460,SmallTruck65831,N104_LRPSa,0,SmallTruck
31461,MediumTruck65837,N2_LRP148b,0,MediumTruck
31462,HeavyTruck65841,N1_LRP420c,0,HeavyTruck
31463,HeavyTruck65841,N1_LRP420a,0,HeavyTruck
31464,LargeBus65842,N2_LRP044c,0,LargeBus
31465,HeavyTruck65843,N2_LRP242a,0,HeavyTruck
31466,MediumTruck65845,N102_LRP037c,0,MediumTruck
31467,MiniBus65852,N2_LRP187b,0,MiniBus
31468,MiniBus65855,N2_LRP183d,1.2148430373906547,MiniBus
31469,MediumTruck65857,N1_LRP423d,0,MediumTruck
31470,MediumTruck65857,N1_LRP423c,0,MediumTruck
31471,MediumTruck65857,N1_LRP423b,0.9625731095255671,MediumTruck
31472,MediumTruck65859,N2_LRP246c,0,MediumTruck
31473,SmallTruck65862,N1_LRP107a,0,SmallTruck
31474,LargeBus65873,N1_LRP422b,0,LargeBus
31475,LargeBus65873,N1_LRP421f,0,LargeBus
31476,LargeBus65875,N2_LRP246c,0,LargeBus
31477,MediumTruck65877,N102_LRP045a,0,MediumTruck
31478,MediumTruck65878,N1_LRP111a,0,MediumTruck
31479,MediumTruck65881,N2_LRP012f,0,MediumTruck
31480,MiniBus65889,N1_LRP425b,0,MiniBus
31481,MiniBus65889,N1_LRP425a,0,MiniBus
31482,SmallTruck65905,N1_LRP431d,0.13331582495903782,SmallTruck
31483,MediumTruck65908,N102_LRP028c,0,MediumTruck
31484,MiniBus65918,N208_LRP031d,0,MiniBus
31485,LargeBus65921,N1_LRP432b,0,LargeBus
31486,MediumTruck65922,N2_LRP025a,0,MediumTruck
31487,MediumTruck65922,N2_LRP025b,0,MediumTruck
31488,SmallTruck65928,N1_LRP036c,0,SmallTruck
31489,LargeBus65932,N2_LRP128a,0,LargeBus
31490,LargeBus65932,N2_LRP127c,0,LargeBus
31491,SmallTruck65938,N2_LRP021a,0,SmallTruck
31492,MiniBus65939,N2_LRP264a,0,MiniBus
31493,MediumTruck65942,N1_LRP127a,0,MediumTruck
31494,SmallTruck65943,N104_LRP028a,0,SmallTruck
31495,MediumTruck65944,N105_LRP020c,0,MediumTruck
31496,MiniBus65946,N2_LRP096c,0,MiniBus
31497,MiniBus65946,N2_LRP096a,0,MiniBus
31498,LargeBus65949,N2_LRP214b,0.07822885378287316,LargeBus
31499,LargeBus65954,N2_LRP018a,0,LargeBus
31500,LargeBus65956,N1_LRP064c,0,LargeBus
31501,SmallTruck65957,N102_LRP065a,0,SmallTruck
31502,SmallTruck65958,N1_LRP131b,0,SmallTruck
31503,MediumTruck65961,N105_LRP032c,0,MediumTruck
31504,MediumTruck65961,N105_LRP032b,0,MediumTruck
31505,SmallTruck65968,N1_LRP012a,0,SmallTruck
31506,SmallTruck65968,N1_LRP012b,0,SmallTruck
31507,MediumTruck65969,N1_LRP447b,0,MediumTruck
31508,MediumTruck65969,N1_LRP447a,0,MediumTruck
31509,MediumTruck65969,N1_LRP446d,0,MediumTruck
31510,MediumTruck65969,N1_LRP446b,0,MediumTruck
31511,SmallTruck65970,N2_LRP012f,0,SmallTruck
31512,MediumTruck65974,N1_LRP136a,0,MediumTruck
31513,SmallTruck65981,N2_LRP183a,0,SmallTruck
31514,SmallTruck65981,N2_LRP182d,0,SmallTruck
31515,MiniBus65983,N2_LRP216a,0,MiniBus
31516,SmallTruck65985,N1_LRP450c,0,SmallTruck
31517,MediumTruck65993,N105_LRP041c,0,MediumTruck
31518,MediumTruck65994,N2_LRP125a,0,MediumTruck
31519,MediumTruck65994,N2_LRP125b,0,MediumTruck
31520,MediumTruck65994,N2_LRP125c,0,MediumTruck
31521,MediumTruck65994,N2_LRP125d,0,MediumTruck
31522,MediumTruck65996,N2_LRP155a,0,MediumTruck
31523,MiniBus65999,N2_LRP221b,0,MiniBus
31524,MiniBus66000,N1_LRP004b,0,MiniBus
31525,MediumTruck66003,N2_LRP283b,0,MediumTruck
31526,MediumTruck66006,N1_LRP143a,0,MediumTruck
31527,SmallTruck66010,N2_LRP121c,0,SmallTruck
31528,MiniBus66014,N208_LRP004c,0,MiniBus
31529,MediumTruck66020,N1_LRP083a,0,MediumTruck
31530,MediumTruck66022,N104_LRPSa,0,MediumTruck
31531,MediumTruck66026,N2_LRP117b,0,MediumTruck
31532,MediumTruck66026,N2_LRP117a,0.11415594349765443,MediumTruck
31533,MiniBus65280,N1_LRP205a,0,MiniBus
31534,SmallTruck65281,N1_LRP287a,0,SmallTruck
31535,MediumTruck65282,N2_LRP178a,0,MediumTruck
31536,LargeBus65296,N1_LRP199a,0,LargeBus
31537,LargeBus65296,N1_LRP199b,0,LargeBus
31538,MediumTruck65297,N1_LRP295a,0,MediumTruck
31539,LargeBus65298,N2_LRP186b,0.6484020386734661,LargeBus
31540,LargeBus65299,N2_LRP097a,0,LargeBus
31541,SmallTruck65303,N105_LRP003a,0,SmallTruck
31542,LargeBus65313,N1_LRP286b,0,LargeBus
31543,MediumTruck65314,N2_LRP170g,0,MediumTruck
31544,MediumTruck65314,N2_LRP170h,0,MediumTruck
31545,MediumTruck65314,N2_LRP170i,0,MediumTruck
31546,MediumTruck65314,N2_LRP170j,0,MediumTruck
31547,SmallTruck65323,N1_LRP033b,0,SmallTruck
31548,SmallTruck65323,N1_LRP034a,0,SmallTruck
31549,MediumTruck65326,N2_LRP118e,0,MediumTruck
31550,MediumTruck65326,N2_LRP118b,0,MediumTruck
31551,MediumTruck65326,N2_LRP118a,0,MediumTruck
31552,LargeBus65328,N2_LRP169d,0,LargeBus
31553,LargeBus65328,N2_LRP169e,0,LargeBus
31554,LargeBus65328,N2_LRP169f,0,LargeBus
31555,LargeBus65328,N2_LRP170a,0,LargeBus
31556,LargeBus65328,N2_LRP170b,0,LargeBus
31557,LargeBus65328,N2_LRP170c,0,LargeBus
31558,SmallTruck65331,N2_LRP130a,0,SmallTruck
31559,SmallTruck65331,N2_LRP129c,0,SmallTruck
31560,MediumTruck65334,N2_LRP039c,0,MediumTruck
31561,MediumTruck65336,N2_LRP163c,0,MediumTruck
31562,MediumTruck65336,N2_LRP163d,0,MediumTruck
31563,MediumTruck65341,N2_LRP035b,0,MediumTruck
31564,MediumTruck65342,N2_LRP123e,0,MediumTruck
31565,MediumTruck65342,N2_LRP123d,0,MediumTruck
31566,MediumTruck65345,N1_LRP302c,0,MediumTruck
31567,MediumTruck65345,N1_LRP302a,0,MediumTruck
31568,SmallTruck65346,N2_LRP159b,0,SmallTruck
31569,SmallTruck65346,N2_LRP159c,0,SmallTruck
31570,MediumTruck65356,N1_LRP027a,0,MediumTruck
31571,MediumTruck65358,N2_LRP134c,0,MediumTruck
31572,MediumTruck65358,N2_LRP134b,0,MediumTruck
31573,MediumTruck65360,N1_LRP169a,0,MediumTruck
31574,MiniBus65361,N1_LRP296a,0,MiniBus
31575,LargeBus65363,N2_LRP121a,0,LargeBus
31576,SmallTruck65372,N1_LRP026b,0,SmallTruck
31577,SmallTruck65373,N2_LRP039a,0,SmallTruck
31578,MediumTruck65377,N1_LRP315a,0,MediumTruck
31579,MediumTruck65380,N2_LRP087a,0,MediumTruck
31580,MiniBus65390,N2_LRP126a,0,MiniBus
31581,MiniBus65390,N2_LRP125d,0,MiniBus
31582,MiniBus65393,N1_LRP307a,0,MiniBus
31583,LargeBus65394,N2_LRP159b,0,LargeBus
31584,LargeBus65394,N2_LRP159c,0,LargeBus
31585,LargeBus65395,N2_LRP139b,0,LargeBus
31586,LargeBus65395,N2_LRP139a,0,LargeBus
31587,LargeBus65407,N2_LRP066a,0,LargeBus
31588,LargeBus65408,N1_LRP171b,0,LargeBus
31589,MediumTruck65425,N1_LRP319b,0,MediumTruck
31590,MediumTruck65425,N1_LRP319a,0,MediumTruck
31591,MediumTruck65426,N104_LRP017b,0,MediumTruck
31592,SmallTruck65427,N2_LRP147a,0,SmallTruck
31593,MediumTruck65429,N1_LRP014a,0,MediumTruck
31594,SmallTruck65430,N1_LRP283d,0,SmallTruck
31595,MediumTruck65440,N1_LRP149a,0,MediumTruck
31596,MiniBus65442,N2_LRP146a,0,MiniBus
31597,SmallTruck65443,N2_LRP151a,0,SmallTruck
31598,SmallTruck65449,N102_LRP028c,0,SmallTruck
31599,HeavyTruck65460,N2_LRP072a,0,HeavyTruck
31600,MiniBus65470,N2_LRP140c,9.335819090857663,MiniBus
31601,MediumTruck65474,N2_LRP134b,0,MediumTruck
31602,MediumTruck65474,N2_LRP134c,0,MediumTruck
31603,SmallTruck65475,N2_LRP158a,0,SmallTruck
31604,MediumTruck65497,N2_LRP108a,0,MediumTruck
31605,MiniBus65500,N105_LRP005c,0,MiniBus
31606,MiniBus65502,N2_LRP152d,0,MiniBus
31607,MiniBus65502,N2_LRP152c,0,MiniBus
31608,MiniBus65502,N2_LRP152b,0,MiniBus
31609,MiniBus65502,N2_LRP152a,0,MiniBus
31610,HeavyTruck65506,N2_LRP128b,0,HeavyTruck
31611,LargeBus65507,N2_LRP155a,0,LargeBus
31612,LargeBus65509,N1_LRP020a,0,LargeBus
31613,SmallTruck65517,N2_LRP073c,0,SmallTruck
31614,SmallTruck65517,N2_LRP073b,0,SmallTruck
31615,MediumTruck65521,N1_LRP342c,0,MediumTruck
31616,MediumTruck65521,N1_LRP342a,5.119387187928839,MediumTruck
31617,SmallTruck65522,N2_LRP123e,0,SmallTruck
31618,SmallTruck65522,N2_LRP124c,0,SmallTruck
31619,MediumTruck65523,N2_LRP169b,0,MediumTruck
31620,SmallTruck65532,N2_LRP029b,0,SmallTruck
31621,MediumTruck65537,N1_LRP349a,0,MediumTruck
31622,MediumTruck65537,N1_LRP348b,0,MediumTruck
31623,MediumTruck65538,N2_LRP119c,0,MediumTruck
31624,MediumTruck65538,N2_LRP120a,0,MediumTruck
31625,SmallTruck65539,N2_LRP171d,0,SmallTruck
31626,SmallTruck65539,N2_LRP170j,0,SmallTruck
31627,SmallTruck65539,N2_LRP170i,0,SmallTruck
31628,SmallTruck65539,N2_LRP170h,0,SmallTruck
31629,SmallTruck65539,N2_LRP170g,0,SmallTruck
31630,SmallTruck65539,N2_LRP170f,0.10854903235376615,SmallTruck
31631,LargeBus65542,N1_LRP012b,0,LargeBus
31632,LargeBus65542,N1_LRP012a,0,LargeBus
31633,MediumTruck65545,N2_LRP097a,0,MediumTruck
31634,SmallTruck65553,N1_LRP351a,0,SmallTruck
31635,LargeBus65556,N2_LRP054b,0,LargeBus
31636,SmallTruck65563,N2_LRP042a,0,SmallTruck
31637,MediumTruck65569,N1_LRP359b,0,MediumTruck
31638,MediumTruck65569,N1_LRP359a,0,MediumTruck
31639,LargeBus65570,N2_LRP121c,0,LargeBus
31640,LargeBus65570,N2_LRP122b,0,LargeBus
31641,MediumTruck65571,N2_LRP180a,0,MediumTruck
31642,MediumTruck65584,N1_LRP112a,0,MediumTruck
31643,MiniBus65585,N1_LRP348a,0,MiniBus
31644,MiniBus65585,N1_LRP347b,0,MiniBus
31645,MediumTruck65586,N2_LRP106b,0,MediumTruck
31646,MediumTruck65587,N2_LRP183c,0,MediumTruck
31647,MediumTruck65590,N1_LRP036c,0,MediumTruck
31648,SmallTruck65592,N2_LRP102a,0,SmallTruck
31649,MiniBus65599,N2_LRP130c,0,MiniBus
31650,MiniBus65599,N2_LRP130b,0,MiniBus
31651,MiniBus65600,N1_LRP118d,0,MiniBus
31652,MediumTruck65601,N1_LRP364d,0,MediumTruck
31653,MiniBus65603,N2_LRP177a,0,MiniBus
31654,MiniBus65603,N2_LRP176e,0,MiniBus
31655,MiniBus65603,N2_LRP176d,0,MiniBus
31656,MiniBus65603,N2_LRP176c,0,MiniBus
31657,MiniBus65603,N2_LRP176b,0,MiniBus
31658,SmallTruck65611,N2_LRP050a,0,SmallTruck
31659,MediumTruck65616,N2_LRP093a,0,MediumTruck
31660,LargeBus65617,N1_LRP364c,0,LargeBus
31661,LargeBus65617,N1_LRP364a,0,LargeBus
31662,LargeBus65617,N1_LRP363b,0,LargeBus
31663,SmallTruck65619,N2_LRP188a,0,SmallTruck
31664,MediumTruck65627,N2_LRP177a,0,MediumTruck
31665,MediumTruck65630,N2_LRP186b,1.6484020386734661,MediumTruck
31666,LargeBus65632,N2_LRP097a,0,LargeBus
31667,MediumTruck65633,N1_LRP370e,0,MediumTruck
31668,LargeBus65637,N1_LRP109a,0,LargeBus
31669,MediumTruck65642,N2_LRP206b,0,MediumTruck
31670,SmallTruck65654,N102_LRP029d,0,SmallTruck
31671,MediumTruck65656,N2_LRP090a,0,MediumTruck
31672,MediumTruck65665,N1_LRP377f,0,MediumTruck
31673,SmallTruck65667,N2_LRP200c,0,SmallTruck
31674,MiniBus65674,N2_LRP029b,0,MiniBus
31675,LargeBus65676,N2_LRP236a,0,LargeBus
31676,LargeBus65677,N2_LRP104a,0,LargeBus
31677,LargeBus65681,N1_LRP377c,0,LargeBus
31678,LargeBus65681,N1_LRP377a,0,LargeBus
31679,MediumTruck65696,N1_LRP083a,0,MediumTruck
31680,MediumTruck65696,N1_LRP083b,0,MediumTruck
31681,SmallTruck65697,N1_LRP386c,0,SmallTruck
31682,SmallTruck65697,N1_LRP386a,0,SmallTruck
31683,SmallTruck65697,N1_LRP385g,0,SmallTruck
31684,MiniBus65698,N2_LRP087a,0,MiniBus
31685,LargeBus65707,N2_LRP168a,0,LargeBus
31686,LargeBus65707,N2_LRP168c,0,LargeBus
31687,SmallTruck65709,N2_LRP121a,0,SmallTruck
31688,MediumTruck65720,N2_LRP076b,0,MediumTruck
31689,SmallTruck65725,N2_LRP125a,0,SmallTruck
31690,SmallTruck65725,N2_LRP124c,0,SmallTruck
31691,SmallTruck65727,N2_LRP161a,0,SmallTruck
31692,MediumTruck65730,N2_LRP073b,0,MediumTruck
31693,MediumTruck65730,N2_LRP073c,0,MediumTruck
31694,LargeBus65747,N2_LRP211c,0,LargeBus
31695,LargeBus65747,N2_LRP211b,0,LargeBus
31696,MediumTruck65751,N1_LRP169a,0,MediumTruck
31697,SmallTruck65754,N2_LRP052a,0,SmallTruck
31698,SmallTruck65759,N2_LRP164b,0,SmallTruck
31699,SmallTruck65759,N2_LRP164a,0,SmallTruck
31700,MediumTruck65761,N1_LRP400a,0,MediumTruck
31701,LargeBus65762,N2_LRP072a,0,LargeBus
31702,MediumTruck65773,N2_LRP140a,9.105266772968552,MediumTruck
31703,MiniBus65774,N2_LRP214b,0.2168556061110202,MiniBus
31704,MediumTruck65783,N1_LRP131b,0,MediumTruck
31705,MiniBus65790,N2_LRP219a,0,MiniBus
31706,MediumTruck65795,N2_LRP229c,0,MediumTruck
31707,MediumTruck65804,N2_LRP199d,0,MediumTruck
31708,SmallTruck65805,N2_LRP141a,0,SmallTruck
31709,SmallTruck65805,N2_LRP140c,10.335819090857663,SmallTruck
31710,SmallTruck65807,N2_LRP175f,0,SmallTruck
31711,SmallTruck65807,N2_LRP175e,0,SmallTruck
31712,SmallTruck65807,N2_LRP175d,0,SmallTruck
31713,SmallTruck65807,N2_LRP175c,0,SmallTruck
31714,LargeBus65811,N2_LRP228b,0,LargeBus
31715,MediumTruck65812,N1_LRP137a,0,MediumTruck
31716,MediumTruck65813,N102_LRP028c,0,MediumTruck
31717,LargeBus65825,N1_LRP412d,0,LargeBus
31718,LargeBus65825,N1_LRP412b,0,LargeBus
31719,LargeBus65826,N2_LRP048b,0,LargeBus
31720,SmallTruck65830,N1_LRP098a,0,SmallTruck
31721,MediumTruck65837,N2_LRP147d,0,MediumTruck
31722,MediumTruck65837,N2_LRP147b,0,MediumTruck
31723,LargeBus65840,N1_LRP051a,0,LargeBus
31724,HeavyTruck65841,N1_LRP418b,0,HeavyTruck
31725,LargeBus65842,N2_LRP045b,0,LargeBus
31726,HeavyTruck65843,N2_LRP241c,0,HeavyTruck
31727,MediumTruck65844,N1_LRP036c,0,MediumTruck
31728,MediumTruck65845,N102_LRP036d,0,MediumTruck
31729,MediumTruck65845,N102_LRP036b,0,MediumTruck
31730,SmallTruck65851,N2_LRP106b,0,SmallTruck
31731,SmallTruck65851,N2_LRP106a,0,SmallTruck
31732,MiniBus65852,N2_LRP188a,0,MiniBus
31733,SmallTruck65864,N105_LRP042b,0,SmallTruck
31734,LargeBus65867,N2_LRP106b,0,LargeBus
31735,LargeBus65867,N2_LRP106a,0,LargeBus
31736,SmallTruck65869,N2_LRP157b,0,SmallTruck
31737,SmallTruck65869,N2_LRP157a,0,SmallTruck
31738,MiniBus65871,N208_LRP011b,0,MiniBus
31739,LargeBus65873,N1_LRP421d,0,LargeBus
31740,MiniBus65889,N1_LRP424e,0,MiniBus
31741,MiniBus65889,N1_LRP424c,0,MiniBus
31742,MiniBus65889,N1_LRP424b,0,MiniBus
31743,MiniBus65889,N1_LRP424a,0.035795354638154614,MiniBus
31744,MiniBus65892,N102_LRP036b,0,MiniBus
31745,MiniBus65892,N102_LRP036d,0,MiniBus
31746,MiniBus65894,N1_LRP111a,0,MiniBus
31747,SmallTruck65900,N2_LRP117b,0,SmallTruck
31748,SmallTruck65900,N2_LRP117a,1.1141559434976545,SmallTruck
31749,MediumTruck65902,N208_LRP034c,0,MediumTruck
31750,MediumTruck65902,N208_LRP034d,0,MediumTruck
31751,MediumTruck65903,N208_LRP024d,0,MediumTruck
31752,MediumTruck65904,N1_LRP030a,0,MediumTruck
31753,MediumTruck65908,N102_LRP029d,0,MediumTruck
31754,SmallTruck65917,N2_LRP221b,0,SmallTruck
31755,LargeBus65921,N1_LRP432a,0,LargeBus
31756,LargeBus65921,N1_LRP431d,1.372082791970706,LargeBus
31757,MediumTruck65923,N2_LRP262a,0,MediumTruck
31758,MediumTruck65923,N2_LRP261b,0,MediumTruck
31759,LargeBus65926,N104_LRP028a,0,LargeBus
31760,MediumTruck65929,N105_LRP023c,0,MediumTruck
31761,LargeBus65932,N2_LRP127b,0,LargeBus
31762,LargeBus65932,N2_LRP126d,0,LargeBus
31763,LargeBus65932,N2_LRP126c,0,LargeBus
31764,LargeBus65932,N2_LRP126b,0,LargeBus
31765,MediumTruck65937,N1_LRP438c,0,MediumTruck
31766,MediumTruck65937,N1_LRP438b,0,MediumTruck
31767,MediumTruck65937,N1_LRP438a,0,MediumTruck
31768,SmallTruck65938,N2_LRP021b,0,SmallTruck
31769,MediumTruck65944,N105_LRP021d,0,MediumTruck
31770,MediumTruck65945,N105_LRP027c,0,MediumTruck
31771,MiniBus65946,N2_LRP095a,0,MiniBus
31772,MediumTruck65948,N2_LRP135b,0,MediumTruck
31773,MiniBus65951,N208_LRP034d,0,MiniBus
31774,MiniBus65951,N208_LRP034c,0,MiniBus
31775,MediumTruck65953,N1_LRP441a,0,MediumTruck
31776,MediumTruck65962,N204_LRP020b,0,MediumTruck
31777,MediumTruck65963,N204_LRP020b,0,MediumTruck
31778,SmallTruck65968,N1_LRP014a,0,SmallTruck
31779,MediumTruck65971,N2_LRP274e,0,MediumTruck
31780,SmallTruck65981,N2_LRP182b,0,SmallTruck
31781,SmallTruck65981,N2_LRP182a,0,SmallTruck
31782,MiniBus65983,N2_LRP214b,1.2168556061110203,MiniBus
31783,SmallTruck65985,N1_LRP450a,0,SmallTruck
31784,MediumTruck65993,N105_LRP040c,0,MediumTruck
31785,MediumTruck65994,N2_LRP126a,0,MediumTruck
31786,MediumTruck65994,N2_LRP126b,0,MediumTruck
31787,MediumTruck65994,N2_LRP126c,0,MediumTruck
31788,MediumTruck65994,N2_LRP126d,0,MediumTruck
31789,MediumTruck65996,N2_LRP156a,0,MediumTruck
31790,MediumTruck66004,N1_LRP077a,0,MediumTruck
31791,MediumTruck66007,N104_LRP044d,0,MediumTruck
31792,SmallTruck66010,N2_LRP122b,0,SmallTruck
31793,MediumTruck66012,N2_LRP141b,0,MediumTruck
31794,MediumTruck66012,N2_LRP141a,0,MediumTruck
31795,MediumTruck66013,N2_LRP186d,0,MediumTruck
31796,MediumTruck66013,N2_LRP186c,0,MediumTruck
31797,MediumTruck66020,N1_LRP083b,0,MediumTruck
31798,MiniBus66021,N102_LRP082a,0,MiniBus
31799,LargeBus66028,N2_LRP146a,0,LargeBus
31800,MiniBus65280,N1_LRP206a,0,MiniBus
31801,SmallTruck65281,N1_LRP286b,0,SmallTruck
31802,MediumTruck65282,N2_LRP178b,0,MediumTruck
31803,MediumTruck65282,N2_LRP179a,0,MediumTruck
31804,MediumTruck65285,N2_LRP035b,0,MediumTruck
31805,LargeBus65296,N1_LRP199c,0,LargeBus
31806,MediumTruck65297,N1_LRP294c,0,MediumTruck
31807,LargeBus65298,N2_LRP186c,0,LargeBus
31808,LargeBus65299,N2_LRP096c,0,LargeBus
31809,LargeBus65299,N2_LRP096a,0,LargeBus
31810,MediumTruck65314,N2_LRP171d,0,MediumTruck
31811,MediumTruck65314,N2_LRP171e,0,MediumTruck
31812,MediumTruck65314,N2_LRP171f,0.07059930964464549,MediumTruck
31813,MediumTruck65325,N2_LRP025b,0,MediumTruck
31814,LargeBus65328,N2_LRP170e,0,LargeBus
31815,LargeBus65328,N2_LRP170f,0.19167270675470902,LargeBus
31816,SmallTruck65329,N1_LRP296b,0,SmallTruck
31817,SmallTruck65331,N2_LRP129b,0,SmallTruck
31818,SmallTruck65331,N2_LRP129a,0,SmallTruck
31819,SmallTruck65331,N2_LRP128b,0,SmallTruck
31820,MediumTruck65334,N2_LRP040a,0,MediumTruck
31821,MediumTruck65334,N2_LRP040b,0,MediumTruck
31822,MediumTruck65336,N2_LRP164a,0,MediumTruck
31823,MediumTruck65336,N2_LRP164b,0,MediumTruck
31824,MediumTruck65336,N2_LRP164d,0,MediumTruck
31825,MediumTruck65342,N2_LRP123c,0,MediumTruck
31826,MediumTruck65345,N1_LRP301b,0,MediumTruck
31827,MediumTruck65345,N1_LRP301a,0,MediumTruck
31828,SmallTruck65346,N2_LRP159d,0,SmallTruck
31829,SmallTruck65346,N2_LRP160a,0,SmallTruck
31830,MediumTruck65351,N1_LRP020a,0,MediumTruck
31831,MediumTruck65358,N2_LRP133a,0,MediumTruck
31832,MiniBus65361,N1_LRP295a,0,MiniBus
31833,MiniBus65361,N1_LRP294c,0,MiniBus
31834,LargeBus65363,N2_LRP120a,0,LargeBus
31835,LargeBus65363,N2_LRP119c,0,LargeBus
31836,SmallTruck65372,N1_LRP027a,0,SmallTruck
31837,SmallTruck65373,N2_LRP038c,0,SmallTruck
31838,MediumTruck65377,N1_LRP314a,0,MediumTruck
31839,MediumTruck65384,N2_LRP151a,0,MediumTruck
31840,MiniBus65390,N2_LRP125c,0,MiniBus
31841,MiniBus65390,N2_LRP125b,0,MiniBus
31842,MiniBus65390,N2_LRP125a,0,MiniBus
31843,MiniBus65393,N1_LRP306b,0,MiniBus
31844,LargeBus65394,N2_LRP159d,0,LargeBus
31845,LargeBus65394,N2_LRP160a,0,LargeBus
31846,LargeBus65395,N2_LRP138b,0,LargeBus
31847,LargeBus65395,N2_LRP138a,0,LargeBus
31848,MediumTruck65402,N1_LRP051a,0,MediumTruck
31849,LargeBus65408,N1_LRP171c,0,LargeBus
31850,SmallTruck65416,N2_LRP140c,11.335819090857663,SmallTruck
31851,MediumTruck65421,N2_LRP048b,0,MediumTruck
31852,MediumTruck65425,N1_LRP318b,0,MediumTruck
31853,SmallTruck65427,N2_LRP146a,0,SmallTruck
31854,MediumTruck65429,N1_LRP012b,0,MediumTruck
31855,MediumTruck65429,N1_LRP012a,0,MediumTruck
31856,SmallTruck65430,N1_LRP284a,0,SmallTruck
31857,MediumTruck65440,N1_LRP149c,0,MediumTruck
31858,MediumTruck65441,N1_LRP333a,0,MediumTruck
31859,MiniBus65442,N2_LRP147a,0,MiniBus
31860,MiniBus65442,N2_LRP147b,0,MiniBus
31861,MediumTruck65446,N2_LRP012c,0,MediumTruck
31862,SmallTruck65449,N102_LRP029d,0,SmallTruck
31863,MediumTruck65456,N1_LRP145a,0,MediumTruck
31864,MediumTruck65457,N1_LRP333a,0,MediumTruck
31865,MediumTruck65473,N1_LRP336a,0,MediumTruck
31866,MediumTruck65474,N2_LRP135a,0,MediumTruck
31867,SmallTruck65485,N2_LRP061a,0,SmallTruck
31868,HeavyTruck65491,N2_LRP161c,0,HeavyTruck
31869,HeavyTruck65491,N2_LRP161b,0,HeavyTruck
31870,MiniBus65502,N2_LRP151b,0,MiniBus
31871,LargeBus65505,N1_LRP336a,0,LargeBus
31872,HeavyTruck65506,N2_LRP129a,0,HeavyTruck
31873,HeavyTruck65506,N2_LRP129b,0,HeavyTruck
31874,HeavyTruck65506,N2_LRP129c,0,HeavyTruck
31875,LargeBus65507,N2_LRP154c,0,LargeBus
31876,MediumTruck65523,N2_LRP168c,0,MediumTruck
31877,MediumTruck65523,N2_LRP168a,0,MediumTruck
31878,MediumTruck65533,N2_LRP078a,0,MediumTruck
31879,MediumTruck65537,N1_LRP348a,0,MediumTruck
31880,MediumTruck65538,N2_LRP121a,0,MediumTruck
31881,SmallTruck65539,N2_LRP170e,0,SmallTruck
31882,SmallTruck65539,N2_LRP170c,0,SmallTruck
31883,MediumTruck65545,N2_LRP098b,3.275550202499349,MediumTruck
31884,SmallTruck65552,N2_LRP108a,0,SmallTruck
31885,SmallTruck65553,N1_LRP350a,0,SmallTruck
31886,LargeBus65556,N2_LRP055b,0,LargeBus
31887,SmallTruck65563,N2_LRP041b,0,SmallTruck
31888,MediumTruck65569,N1_LRP358b,0,MediumTruck
31889,MediumTruck65569,N1_LRP358a,0,MediumTruck
31890,LargeBus65570,N2_LRP123c,0,LargeBus
31891,MediumTruck65571,N2_LRP179a,0,MediumTruck
31892,MediumTruck65571,N2_LRP178b,0,MediumTruck
31893,LargeBus65574,N1_LRP020a,0,LargeBus
31894,MediumTruck65578,N105_LRP006a,0,MediumTruck
31895,LargeBus65581,N2_LRP074a,0,LargeBus
31896,MiniBus65585,N1_LRP347a,0,MiniBus
31897,MediumTruck65587,N2_LRP183a,0,MediumTruck
31898,MediumTruck65587,N2_LRP182d,0,MediumTruck
31899,MediumTruck65590,N1_LRP035a,0,MediumTruck
31900,SmallTruck65592,N2_LRP103c,0,SmallTruck
31901,MiniBus65599,N2_LRP130a,0,MiniBus
31902,MiniBus65599,N2_LRP129c,0,MiniBus
31903,MiniBus65599,N2_LRP129b,0,MiniBus
31904,MiniBus65600,N1_LRP119a,0,MiniBus
31905,MediumTruck65601,N1_LRP364c,0,MediumTruck
31906,MediumTruck65601,N1_LRP364a,0,MediumTruck
31907,MiniBus65603,N2_LRP175f,0,MiniBus
31908,MiniBus65603,N2_LRP175e,0,MiniBus
31909,MiniBus65603,N2_LRP175d,0,MiniBus
31910,MiniBus65603,N2_LRP175c,0,MiniBus
31911,LargeBus65618,N2_LRP106a,0,LargeBus
31912,SmallTruck65619,N2_LRP187b,0,SmallTruck
31913,MediumTruck65627,N2_LRP178a,0,MediumTruck
31914,LargeBus65632,N2_LRP098b,4.275550202499349,LargeBus
31915,MediumTruck65633,N1_LRP370c,0,MediumTruck
31916,MediumTruck65633,N1_LRP370a,0,MediumTruck
31917,MediumTruck65633,N1_LRP369c,0,MediumTruck
31918,LargeBus65636,N2_LRP038c,0,LargeBus
31919,LargeBus65636,N2_LRP039a,0,LargeBus
31920,MediumTruck65652,N2_LRP024b,0,MediumTruck
31921,MediumTruck65652,N2_LRP025a,0,MediumTruck
31922,MediumTruck65658,N2_LRP029b,0,MediumTruck
31923,MediumTruck65665,N1_LRP377d,0,MediumTruck
31924,MediumTruck65665,N1_LRP377c,0,MediumTruck
31925,MediumTruck65665,N1_LRP377a,0,MediumTruck
31926,SmallTruck65667,N2_LRP199d,0,SmallTruck
31927,LargeBus65676,N2_LRP236c,0,LargeBus
31928,LargeBus65677,N2_LRP103c,0,LargeBus
31929,MediumTruck65680,N1_LRP088a,0,MediumTruck
31930,LargeBus65681,N1_LRP376a,0,LargeBus
31931,LargeBus65681,N1_LRP375c,0,LargeBus
31932,MediumTruck65685,N1_LRP077a,0,MediumTruck
31933,MediumTruck65692,N2_LRP064b,0,MediumTruck
31934,MediumTruck65692,N2_LRP064a,0,MediumTruck
31935,MediumTruck65699,N2_LRP207b,0,MediumTruck
31936,LargeBus65707,N2_LRP169b,0,LargeBus
31937,LargeBus65707,N2_LRP169c,0,LargeBus
31938,MediumTruck65708,N2_LRP070c,0,MediumTruck
31939,SmallTruck65709,N2_LRP120a,0,SmallTruck
31940,SmallTruck65709,N2_LRP119c,0,SmallTruck
31941,MiniBus65721,N2_LRP060c,0,MiniBus
31942,MiniBus65721,N2_LRP061a,0,MiniBus
31943,SmallTruck65725,N2_LRP123e,0,SmallTruck
31944,SmallTruck65725,N2_LRP123d,0,SmallTruck
31945,SmallTruck65727,N2_LRP160a,0,SmallTruck
31946,MediumTruck65730,N2_LRP073g,0,MediumTruck
31947,HeavyTruck65731,N2_LRP214b,2.2168556061110203,HeavyTruck
31948,MediumTruck65736,N2_LRP073b,0,MediumTruck
31949,MediumTruck65736,N2_LRP073c,0,MediumTruck
31950,SmallTruck65759,N2_LRP163d,0,SmallTruck
31951,SmallTruck65759,N2_LRP163c,0,SmallTruck
31952,SmallTruck65759,N2_LRP163b,0,SmallTruck
31953,SmallTruck65759,N2_LRP163a,0,SmallTruck
31954,MediumTruck65761,N1_LRP398d,1.0588994257855835,MediumTruck
31955,MediumTruck65765,N102_LRP015a,0,MediumTruck
31956,MediumTruck65779,N2_LRP225c,0.025626721615022323,MediumTruck
31957,MediumTruck65781,N102_LRP019b,0,MediumTruck
31958,MediumTruck65781,N102_LRP019a,0,MediumTruck
31959,SmallTruck65792,N2_LRP046c,0,SmallTruck
31960,SmallTruck65792,N2_LRP047a,0,SmallTruck
31961,SmallTruck65792,N2_LRP047c,0,SmallTruck
31962,MediumTruck65795,N2_LRP229a,0.10405486894117413,MediumTruck
31963,SmallTruck65796,N1_LRP023a,0,SmallTruck
31964,MediumTruck65804,N2_LRP200c,0,MediumTruck
31965,MediumTruck65806,N2_LRP226d,0,MediumTruck
31966,MediumTruck65806,N2_LRP226c,0,MediumTruck
31967,SmallTruck65809,N1_LRP414a,0,SmallTruck
31968,MediumTruck65810,N2_LRP050a,0,MediumTruck
31969,SmallTruck65822,N208_LRP055a,0,SmallTruck
31970,LargeBus65825,N1_LRP412a,0,LargeBus
31971,LargeBus65825,N1_LRP411b,0,LargeBus
31972,LargeBus65825,N1_LRP411a,0,LargeBus
31973,LargeBus65826,N2_LRP050a,0,LargeBus
31974,SmallTruck65827,N2_LRP236c,0,SmallTruck
31975,SmallTruck65833,N1_LRP004b,0,SmallTruck
31976,MediumTruck65837,N2_LRP147a,0,MediumTruck
31977,LargeBus65842,N2_LRP046c,0,LargeBus
31978,MediumTruck65844,N1_LRP035a,0,MediumTruck
31979,MiniBus65855,N2_LRP183c,0,MiniBus
31980,MediumTruck65857,N1_LRP422b,0,MediumTruck
31981,MediumTruck65857,N1_LRP421f,0,MediumTruck
31982,SmallTruck65862,N1_LRP105a,0,SmallTruck
31983,MediumTruck65865,N2_LRP018a,0,MediumTruck
31984,SmallTruck65869,N2_LRP156a,0,SmallTruck
31985,LargeBus65873,N1_LRP420e,0,LargeBus
31986,LargeBus65873,N1_LRP420d,0,LargeBus
31987,LargeBus65873,N1_LRP420c,0,LargeBus
31988,LargeBus65873,N1_LRP420a,0,LargeBus
31989,MiniBus65890,N2_LRP038c,0,MiniBus
31990,MiniBus65890,N2_LRP039a,0,MiniBus
31991,MiniBus65892,N102_LRP037c,0,MiniBus
31992,MiniBus65892,N102_LRP037d,0,MiniBus
31993,SmallTruck65899,N2_LRP117b,0,SmallTruck
31994,SmallTruck65899,N2_LRP117a,2.1141559434976545,SmallTruck
31995,SmallTruck65905,N1_LRP431b,0,SmallTruck
31996,SmallTruck65905,N1_LRP431a,0,SmallTruck
31997,SmallTruck65905,N1_LRP430c,0,SmallTruck
31998,SmallTruck65912,N105_LRP030c,0,SmallTruck
31999,MiniBus65919,N208_LRP024d,0,MiniBus
32000,SmallTruck65920,N1_LRP026a,0,SmallTruck
32001,SmallTruck65920,N1_LRP026b,0,SmallTruck
32002,MediumTruck65923,N2_LRP261a,0,MediumTruck
32003,MediumTruck65929,N105_LRP022c,0,MediumTruck
32004,LargeBus65932,N2_LRP126a,0,LargeBus
32005,LargeBus65932,N2_LRP125d,0,LargeBus
32006,MediumTruck65934,N208_LRP027b,0,MediumTruck
32007,MediumTruck65934,N208_LRP027d,0,MediumTruck
32008,SmallTruck65935,N208_LRP031d,0,SmallTruck
32009,MediumTruck65936,N1_LRP023a,0,MediumTruck
32010,MediumTruck65937,N1_LRP437b,0,MediumTruck
32011,MediumTruck65937,N1_LRP437a,0,MediumTruck
32012,MediumTruck65940,N102_LRP022a,0,MediumTruck
32013,MediumTruck65944,N105_LRP022c,0,MediumTruck
32014,MediumTruck65948,N2_LRP135a,0,MediumTruck
32015,LargeBus65954,N2_LRP021a,0,LargeBus
32016,MediumTruck65960,N1_LRP030a,0,MediumTruck
32017,MediumTruck65961,N105_LRP030c,0,MediumTruck
32018,MediumTruck65969,N1_LRP445d,0,MediumTruck
32019,MediumTruck65969,N1_LRP445b,0,MediumTruck
32020,MediumTruck65974,N1_LRP134a,0,MediumTruck
32021,MediumTruck65977,N105_LRP035d,0,MediumTruck
32022,SmallTruck65981,N2_LRP181c,0,SmallTruck
32023,SmallTruck65985,N1_LRP449d,0,SmallTruck
32024,SmallTruck65985,N1_LRP449c,0,SmallTruck
32025,LargeBus65986,N1_LRP020a,0,LargeBus
32026,SmallTruck65990,N104_LRP010a,0,SmallTruck
32027,MediumTruck65993,N105_LRP039b,0,MediumTruck
32028,MediumTruck65994,N2_LRP127b,0,MediumTruck
32029,MediumTruck65996,N2_LRP157a,0,MediumTruck
32030,MiniBus65999,N2_LRP219a,0,MiniBus
32031,MediumTruck66001,N1_LRP452e,0,MediumTruck
32032,MediumTruck66001,N1_LRP452d,0,MediumTruck
32033,MediumTruck66006,N1_LRP142a,0,MediumTruck
32034,SmallTruck66010,N2_LRP123c,0,SmallTruck
32035,MediumTruck66012,N2_LRP140c,12.335819090857663,MediumTruck
32036,MediumTruck66013,N2_LRP186b,1.6484020386734661,MediumTruck
32037,LargeBus66016,N1_LRP001a,0,LargeBus
32038,SmallTruck66017,N1_LRP456c,0,SmallTruck
32039,SmallTruck66019,N2_LRP285c,0,SmallTruck
32040,MiniBus65280,N1_LRP207a,0,MiniBus
32041,MediumTruck65282,N2_LRP180a,0,MediumTruck
32042,MiniBus65295,N2_LRP042a,0,MiniBus
32043,LargeBus65296,N1_LRP201a,0,LargeBus
32044,MediumTruck65297,N1_LRP294a,0,MediumTruck
32045,MediumTruck65297,N1_LRP293c,0,MediumTruck
32046,LargeBus65298,N2_LRP186d,0,LargeBus
32047,LargeBus65299,N2_LRP095a,0,LargeBus
32048,LargeBus65313,N1_LRP284a,0,LargeBus
32049,SmallTruck65316,N2_LRP102a,0,SmallTruck
32050,MediumTruck65325,N2_LRP025a,0,MediumTruck
32051,MediumTruck65325,N2_LRP024b,0,MediumTruck
32052,LargeBus65328,N2_LRP170g,0,LargeBus
32053,LargeBus65328,N2_LRP170h,0,LargeBus
32054,LargeBus65328,N2_LRP170i,0,LargeBus
32055,LargeBus65328,N2_LRP170j,0,LargeBus
32056,SmallTruck65329,N1_LRP296a,0,SmallTruck
32057,SmallTruck65331,N2_LRP128a,0,SmallTruck
32058,SmallTruck65331,N2_LRP127c,0,SmallTruck
32059,MediumTruck65334,N2_LRP041b,0,MediumTruck
32060,MediumTruck65336,N2_LRP165c,0,MediumTruck
32061,MediumTruck65336,N2_LRP165d,0,MediumTruck
32062,MediumTruck65342,N2_LRP122b,0,MediumTruck
32063,MediumTruck65345,N1_LRP300b,0,MediumTruck
32064,MediumTruck65345,N1_LRP300a,0,MediumTruck
32065,SmallTruck65346,N2_LRP161a,0,SmallTruck
32066,MediumTruck65358,N2_LRP132c,0,MediumTruck
32067,MediumTruck65360,N1_LRP171a,1.156519666676552,MediumTruck
32068,MiniBus65361,N1_LRP294a,0,MiniBus
32069,LargeBus65363,N2_LRP118g,0,LargeBus
32070,LargeBus65363,N2_LRP118e,0,LargeBus
32071,MediumTruck65367,N1_LRP023a,0,MediumTruck
32072,MediumTruck65377,N1_LRP313b,0,MediumTruck
32073,MediumTruck65384,N2_LRP151b,0,MediumTruck
32074,MediumTruck65384,N2_LRP152a,0,MediumTruck
32075,MediumTruck65384,N2_LRP152b,0,MediumTruck
32076,MediumTruck65387,N1_LRP020a,0,MediumTruck
32077,MiniBus65390,N2_LRP124c,0,MiniBus
32078,MiniBus65390,N2_LRP123e,0,MiniBus
32079,MiniBus65393,N1_LRP306a,0,MiniBus
32080,MiniBus65393,N1_LRP305c,0,MiniBus
32081,LargeBus65394,N2_LRP161a,0,LargeBus
32082,LargeBus65407,N2_LRP064b,0,LargeBus
32083,LargeBus65408,N1_LRP172a,0,LargeBus
32084,LargeBus65408,N1_LRP172b,0,LargeBus
32085,MediumTruck65421,N2_LRP048a,0,MediumTruck
32086,MediumTruck65421,N2_LRP047c,0,MediumTruck
32087,MediumTruck65425,N1_LRP318a,0,MediumTruck
32088,MediumTruck65429,N1_LRP011a,0,MediumTruck
32089,LargeBus65431,N1_LRP255a,0,LargeBus
32090,MediumTruck65441,N1_LRP332c,0,MediumTruck
32091,MediumTruck65441,N1_LRP332b,0,MediumTruck
32092,MiniBus65442,N2_LRP147d,0,MiniBus
32093,MediumTruck65446,N2_LRP012f,0,MediumTruck
32094,MediumTruck65457,N1_LRP332c,0,MediumTruck
32095,HeavyTruck65460,N2_LRP073b,0,HeavyTruck
32096,HeavyTruck65460,N2_LRP073c,0,HeavyTruck
32097,MediumTruck65465,N2_LRP117a,3.1141559434976545,MediumTruck
32098,MediumTruck65473,N1_LRP335a,0,MediumTruck
32099,MediumTruck65474,N2_LRP135b,0,MediumTruck
32100,SmallTruck65475,N2_LRP157b,0,SmallTruck
32101,SmallTruck65475,N2_LRP157a,0,SmallTruck
32102,SmallTruck65485,N2_LRP060c,0,SmallTruck
32103,MediumTruck65489,N1_LRP336a,0,MediumTruck
32104,SmallTruck65490,N2_LRP132a,0,SmallTruck
32105,SmallTruck65490,N2_LRP132b,0,SmallTruck
32106,SmallTruck65490,N2_LRP132c,0,SmallTruck
32107,HeavyTruck65491,N2_LRP161a,0,HeavyTruck
32108,MediumTruck65493,N1_LRP027a,0,MediumTruck
32109,MediumTruck65493,N1_LRP026b,0,MediumTruck
32110,MiniBus65500,N105_LRP003a,0,MiniBus
32111,MiniBus65502,N2_LRP151a,0,MiniBus
32112,LargeBus65505,N1_LRP335a,0,LargeBus
32113,HeavyTruck65506,N2_LRP130a,0,HeavyTruck
32114,HeavyTruck65506,N2_LRP130b,0,HeavyTruck
32115,HeavyTruck65506,N2_LRP130c,0,HeavyTruck
32116,LargeBus65507,N2_LRP153b,0,LargeBus
32117,LargeBus65507,N2_LRP153a,0,LargeBus
32118,SmallTruck65517,N2_LRP072a,0,SmallTruck
32119,SmallTruck65519,N2_LRP108a,0,SmallTruck
32120,SmallTruck65522,N2_LRP125a,0,SmallTruck
32121,SmallTruck65522,N2_LRP125b,0,SmallTruck
32122,SmallTruck65522,N2_LRP125c,0,SmallTruck
32123,MediumTruck65523,N2_LRP167c,0,MediumTruck
32124,MediumTruck65523,N2_LRP167b,0,MediumTruck
32125,LargeBus65525,N1_LRP142a,0,LargeBus
32126,MediumTruck65533,N2_LRP076b,0,MediumTruck
32127,MediumTruck65537,N1_LRP347b,0,MediumTruck
32128,MediumTruck65537,N1_LRP347a,0,MediumTruck
32129,MediumTruck65538,N2_LRP121c,0,MediumTruck
32130,SmallTruck65539,N2_LRP170b,0,SmallTruck
32131,SmallTruck65539,N2_LRP170a,0,SmallTruck
32132,SmallTruck65539,N2_LRP169f,0,SmallTruck
32133,SmallTruck65539,N2_LRP169e,0,SmallTruck
32134,SmallTruck65539,N2_LRP169d,0,SmallTruck
32135,SmallTruck65539,N2_LRP169c,0,SmallTruck
32136,LargeBus65556,N2_LRP056a,0,LargeBus
32137,SmallTruck65563,N2_LRP040b,0,SmallTruck
32138,MediumTruck65569,N1_LRP357f,0,MediumTruck
32139,MediumTruck65569,N1_LRP357d,0,MediumTruck
32140,LargeBus65570,N2_LRP123d,0,LargeBus
32141,LargeBus65570,N2_LRP123e,0,LargeBus
32142,MediumTruck65571,N2_LRP178a,0,MediumTruck
32143,MediumTruck65578,N105_LRP005c,0,MediumTruck
32144,LargeBus65581,N2_LRP073g,0,LargeBus
32145,LargeBus65581,N2_LRP073c,0,LargeBus
32146,LargeBus65581,N2_LRP073b,0,LargeBus
32147,MediumTruck65586,N2_LRP108a,0,MediumTruck
32148,MediumTruck65587,N2_LRP182b,0,MediumTruck
32149,MediumTruck65587,N2_LRP182a,0,MediumTruck
32150,SmallTruck65592,N2_LRP104a,0,SmallTruck
32151,MediumTruck65593,N2_LRP084a,0,MediumTruck
32152,MiniBus65599,N2_LRP129a,0,MiniBus
32153,MiniBus65599,N2_LRP128b,0,MiniBus
32154,MiniBus65600,N1_LRP120b,0,MiniBus
32155,MediumTruck65601,N1_LRP363b,0,MediumTruck
32156,SmallTruck65611,N2_LRP048b,0,SmallTruck
32157,LargeBus65618,N2_LRP106b,0,LargeBus
32158,SmallTruck65619,N2_LRP186d,0,SmallTruck
32159,MediumTruck65627,N2_LRP178b,0,MediumTruck
32160,MediumTruck65627,N2_LRP179a,0,MediumTruck
32161,MediumTruck65633,N1_LRP369b,0,MediumTruck
32162,MediumTruck65633,N1_LRP369a,0,MediumTruck
32163,LargeBus65636,N2_LRP039c,0,LargeBus
32164,MiniBus65639,N1_LRP083b,0,MiniBus
32165,MiniBus65639,N1_LRP083a,0,MiniBus
32166,MediumTruck65642,N2_LRP207b,0,MediumTruck
32167,MiniBus65647,N2_LRP140a,9.105266772968552,MiniBus
32168,LargeBus65649,N1_LRP364d,0,LargeBus
32169,LargeBus65651,N2_LRP184c,0,LargeBus
32170,MediumTruck65652,N2_LRP025b,0,MediumTruck
32171,MediumTruck65656,N2_LRP091b,0,MediumTruck
32172,MediumTruck65665,N1_LRP376a,0,MediumTruck
32173,LargeBus65677,N2_LRP102a,0,LargeBus
32174,SmallTruck65697,N1_LRP384a,0,SmallTruck
32175,LargeBus65707,N2_LRP169d,0,LargeBus
32176,LargeBus65707,N2_LRP169e,0,LargeBus
32177,LargeBus65707,N2_LRP169f,0,LargeBus
32178,LargeBus65707,N2_LRP170a,0,LargeBus
32179,LargeBus65707,N2_LRP170b,0,LargeBus
32180,LargeBus65707,N2_LRP170c,0,LargeBus
32181,MediumTruck65708,N2_LRP070a,0,MediumTruck
32182,MediumTruck65708,N2_LRP069e,0,MediumTruck
32183,MediumTruck65708,N2_LRP069c,0,MediumTruck
32184,SmallTruck65709,N2_LRP118g,0,SmallTruck
32185,MediumTruck65713,N1_LRP391a,0,MediumTruck
32186,LargeBus65714,N102_LRP015a,0,LargeBus
32187,HeavyTruck65717,N102_LRP002c,0,HeavyTruck
32188,HeavyTruck65717,N102_LRP002b,0,HeavyTruck
32189,HeavyTruck65717,N102_LRP002a,0,HeavyTruck
32190,MediumTruck65720,N2_LRP078a,0,MediumTruck
32191,SmallTruck65725,N2_LRP123c,0,SmallTruck
32192,SmallTruck65727,N2_LRP159d,0,SmallTruck
32193,SmallTruck65727,N2_LRP159c,0,SmallTruck
32194,SmallTruck65727,N2_LRP159b,0,SmallTruck
32195,MediumTruck65730,N2_LRP074a,0,MediumTruck
32196,MediumTruck65736,N2_LRP073g,0,MediumTruck
32197,MediumTruck65751,N1_LRP171a,2.156519666676552,MediumTruck
32198,SmallTruck65755,N2_LRP146a,0,SmallTruck
32199,SmallTruck65759,N2_LRP162e,0,SmallTruck
32200,SmallTruck65759,N2_LRP162d,0,SmallTruck
32201,SmallTruck65759,N2_LRP162c,0,SmallTruck
32202,MediumTruck65760,N1_LRP068a,0,MediumTruck
32203,LargeBus65762,N2_LRP073b,0,LargeBus
32204,LargeBus65762,N2_LRP073c,0,LargeBus
32205,MediumTruck65764,N1_LRP014a,0,MediumTruck
32206,SmallTruck65776,N1_LRP064c,0,SmallTruck
32207,MediumTruck65777,N1_LRP403a,0,MediumTruck
32208,SmallTruck65792,N2_LRP048a,0,SmallTruck
32209,MediumTruck65795,N2_LRP228b,0,MediumTruck
32210,MediumTruck65797,N102_LRP022a,0,MediumTruck
32211,LargeBus65811,N2_LRP226d,0,LargeBus
32212,LargeBus65811,N2_LRP226c,0,LargeBus
32213,LargeBus65825,N1_LRP410c,0.21145266088940906,LargeBus
32214,SmallTruck65827,N2_LRP236a,0,SmallTruck
32215,SmallTruck65827,N2_LRP235a,0,SmallTruck
32216,MediumTruck65837,N2_LRP146a,0,MediumTruck
32217,HeavyTruck65841,N1_LRP417d,0.0864365030550609,HeavyTruck
32218,LargeBus65842,N2_LRP047a,0,LargeBus
32219,LargeBus65842,N2_LRP047c,0,LargeBus
32220,HeavyTruck65843,N2_LRP240a,0,HeavyTruck
32221,SmallTruck65851,N2_LRP104a,0,SmallTruck
32222,MiniBus65855,N2_LRP183a,0,MiniBus
32223,MiniBus65855,N2_LRP182d,0,MiniBus
32224,MediumTruck65857,N1_LRP421d,0,MediumTruck
32225,MediumTruck65859,N2_LRP243b,0,MediumTruck
32226,SmallTruck65861,N102_LRP038d,0,SmallTruck
32227,LargeBus65867,N2_LRP104a,0,LargeBus
32228,LargeBus65875,N2_LRP243b,0,LargeBus
32229,MediumTruck65878,N1_LRP109a,0,MediumTruck
32230,MediumTruck65880,N2_LRP038c,0,MediumTruck
32231,MediumTruck65880,N2_LRP039a,0,MediumTruck
32232,MiniBus65889,N1_LRP423d,0,MiniBus
32233,MiniBus65889,N1_LRP423c,0,MiniBus
32234,MiniBus65889,N1_LRP423b,0.11693422853835872,MiniBus
32235,MiniBus65890,N2_LRP039c,0,MiniBus
32236,MiniBus65892,N102_LRP038b,0,MiniBus
32237,MiniBus65892,N102_LRP038d,0,MiniBus
32238,MiniBus65894,N1_LRP109a,0,MiniBus
32239,SmallTruck65905,N1_LRP430b,0,SmallTruck
32240,SmallTruck65905,N1_LRP430a,0,SmallTruck
32241,SmallTruck65905,N1_LRP429f,0,SmallTruck
32242,SmallTruck65913,N105_LRP017c,0,SmallTruck
32243,SmallTruck65915,N204_LRP003b,0,SmallTruck
32244,MiniBus65918,N208_LRP034c,0,MiniBus
32245,MiniBus65918,N208_LRP034d,0,MiniBus
32246,SmallTruck65920,N1_LRP027a,0,SmallTruck
32247,MediumTruck65925,N102_LRP055c,0,MediumTruck
32248,MediumTruck65929,N105_LRP021d,0,MediumTruck
32249,LargeBus65932,N2_LRP125c,0,LargeBus
32250,LargeBus65932,N2_LRP125b,0,LargeBus
32251,LargeBus65932,N2_LRP125a,0,LargeBus
32252,MediumTruck65934,N208_LRP027f,0,MediumTruck
32253,SmallTruck65935,N208_LRP031b,0,SmallTruck
32254,MediumTruck65937,N1_LRP436a,0,MediumTruck
32255,MiniBus65939,N2_LRP262a,0,MiniBus
32256,MiniBus65939,N2_LRP261b,0,MiniBus
32257,MediumTruck65944,N105_LRP023c,0,MediumTruck
32258,MediumTruck65948,N2_LRP134c,0,MediumTruck
32259,MediumTruck65948,N2_LRP134b,0,MediumTruck
32260,LargeBus65949,N2_LRP216a,0,LargeBus
32261,LargeBus65949,N2_LRP216b,0,LargeBus
32262,MediumTruck65953,N1_LRP440a,0,MediumTruck
32263,LargeBus65954,N2_LRP021b,0,LargeBus
32264,LargeBus65964,N2_LRP139b,0,LargeBus
32265,LargeBus65964,N2_LRP139a,0,LargeBus
32266,MediumTruck65969,N1_LRP444e,0,MediumTruck
32267,MediumTruck65969,N1_LRP444d,0,MediumTruck
32268,MediumTruck65969,N1_LRP444c,0,MediumTruck
32269,MediumTruck65969,N1_LRP444b,0,MediumTruck
32270,MediumTruck65969,N1_LRP444a,0,MediumTruck
32271,MediumTruck65972,N102_LRP015a,0,MediumTruck
32272,SmallTruck65981,N2_LRP180c,0,SmallTruck
32273,MediumTruck65984,N1_LRP010b,0,MediumTruck
32274,MediumTruck65984,N1_LRP010c,0,MediumTruck
32275,MediumTruck65984,N1_LRP011a,0,MediumTruck
32276,SmallTruck65985,N1_LRP448a,0,SmallTruck
32277,MediumTruck65994,N2_LRP127c,0,MediumTruck
32278,MediumTruck65994,N2_LRP128a,0,MediumTruck
32279,MediumTruck65996,N2_LRP157b,0,MediumTruck
32280,MediumTruck66001,N1_LRP452c,0,MediumTruck
32281,MediumTruck66001,N1_LRP452a,0,MediumTruck
32282,MediumTruck66001,N1_LRP451e,0,MediumTruck
32283,MediumTruck66009,N105_LRP042b,0,MediumTruck
32284,SmallTruck66010,N2_LRP123d,0,SmallTruck
32285,SmallTruck66010,N2_LRP123e,0,SmallTruck
32286,SmallTruck66017,N1_LRP456a,0,SmallTruck
32287,SmallTruck66019,N2_LRP285a,0,SmallTruck
32288,SmallTruck66019,N2_LRP284c,0,SmallTruck
32289,MediumTruck66031,N208_LRP055a,0,MediumTruck
32290,SmallTruck65281,N1_LRP284a,0,SmallTruck
32291,MediumTruck65282,N2_LRP180c,0,MediumTruck
32292,MiniBus65295,N2_LRP041b,0,MiniBus
32293,LargeBus65296,N1_LRP201b,0,LargeBus
32294,LargeBus65296,N1_LRP202a,0,LargeBus
32295,MediumTruck65297,N1_LRP293a,0,MediumTruck
32296,LargeBus65298,N2_LRP187b,0,LargeBus
32297,SmallTruck65303,N105_LRP005c,0,SmallTruck
32298,SmallTruck65303,N105_LRP006a,0,SmallTruck
32299,MediumTruck65312,N2_LRP162c,0,MediumTruck
32300,MediumTruck65312,N2_LRP162d,0,MediumTruck
32301,MediumTruck65312,N2_LRP162e,0,MediumTruck
32302,LargeBus65313,N1_LRP283d,0,LargeBus
32303,LargeBus65313,N1_LRP283c,0,LargeBus
32304,MediumTruck65314,N2_LRP172c,0,MediumTruck
32305,MediumTruck65314,N2_LRP172d,0,MediumTruck
32306,SmallTruck65316,N2_LRP103c,0,SmallTruck
32307,SmallTruck65323,N1_LRP035a,0,SmallTruck
32308,SmallTruck65323,N1_LRP036c,0,SmallTruck
32309,LargeBus65328,N2_LRP171d,0,LargeBus
32310,LargeBus65328,N2_LRP171e,0,LargeBus
32311,LargeBus65328,N2_LRP171f,0.12322131829514404,LargeBus
32312,SmallTruck65329,N1_LRP295a,0,SmallTruck
32313,SmallTruck65331,N2_LRP127b,0,SmallTruck
32314,MediumTruck65334,N2_LRP042a,0,MediumTruck
32315,MediumTruck65342,N2_LRP121c,0,MediumTruck
32316,MediumTruck65345,N1_LRP299c,0,MediumTruck
32317,MediumTruck65345,N1_LRP299a,0,MediumTruck
32318,SmallTruck65346,N2_LRP161b,0,SmallTruck
32319,SmallTruck65346,N2_LRP161c,0,SmallTruck
32320,SmallTruck65346,N2_LRP162a,1.0965220077100903,SmallTruck
32321,MediumTruck65356,N1_LRP030a,0,MediumTruck
32322,MediumTruck65358,N2_LRP132b,0,MediumTruck
32323,MediumTruck65358,N2_LRP132a,0,MediumTruck
32324,MiniBus65361,N1_LRP293c,0,MiniBus
32325,MiniBus65361,N1_LRP293a,0,MiniBus
32326,LargeBus65363,N2_LRP118b,0,LargeBus
32327,LargeBus65363,N2_LRP118a,0,LargeBus
32328,MediumTruck65365,N105_LRP017c,0,MediumTruck
32329,LargeBus65366,N2_LRP043d,0,LargeBus
32330,LargeBus65366,N2_LRP044a,0,LargeBus
32331,MediumTruck65380,N2_LRP090a,0,MediumTruck
32332,MediumTruck65382,N2_LRP029b,0,MediumTruck
32333,MediumTruck65384,N2_LRP152c,0,MediumTruck
32334,MediumTruck65384,N2_LRP152d,0,MediumTruck
32335,MediumTruck65384,N2_LRP153a,0,MediumTruck
32336,MiniBus65390,N2_LRP123d,0,MiniBus
32337,MiniBus65390,N2_LRP123c,0,MiniBus
32338,MiniBus65393,N1_LRP304b,0,MiniBus
32339,LargeBus65394,N2_LRP161b,0,LargeBus
32340,LargeBus65394,N2_LRP161c,0,LargeBus
32341,LargeBus65394,N2_LRP162a,2.0965220077100906,LargeBus
32342,LargeBus65407,N2_LRP064a,0,LargeBus
32343,LargeBus65408,N1_LRP173a,0.21934582570075997,LargeBus
32344,MediumTruck65421,N2_LRP047a,0,MediumTruck
32345,MediumTruck65421,N2_LRP046c,0,MediumTruck
32346,MediumTruck65425,N1_LRP317a,6.217231558188406,MediumTruck
32347,MediumTruck65429,N1_LRP010c,0,MediumTruck
32348,MediumTruck65429,N1_LRP010b,0,MediumTruck
32349,SmallTruck65430,N1_LRP286b,0,SmallTruck
32350,MediumTruck65436,N1_LRP012a,0,MediumTruck
32351,MediumTruck65436,N1_LRP012b,0,MediumTruck
32352,MediumTruck65441,N1_LRP332a,0,MediumTruck
32353,MiniBus65442,N2_LRP148b,0,MiniBus
32354,SmallTruck65443,N2_LRP148b,0,SmallTruck
32355,MediumTruck65457,N1_LRP332b,0,MediumTruck
32356,MediumTruck65457,N1_LRP332a,0,MediumTruck
32357,HeavyTruck65460,N2_LRP073g,0,HeavyTruck
32358,SmallTruck65475,N2_LRP156a,0,SmallTruck
32359,MediumTruck65489,N1_LRP335a,0,MediumTruck
32360,SmallTruck65490,N2_LRP133a,0,SmallTruck
32361,HeavyTruck65491,N2_LRP160a,0,HeavyTruck
32362,MediumTruck65493,N1_LRP026a,0,MediumTruck
32363,LargeBus65507,N2_LRP152d,0,LargeBus
32364,LargeBus65507,N2_LRP152c,0,LargeBus
32365,LargeBus65507,N2_LRP152b,0,LargeBus
32366,LargeBus65507,N2_LRP152a,0,LargeBus
32367,MediumTruck65513,N102_LRP015a,0,MediumTruck
32368,SmallTruck65522,N2_LRP125d,0,SmallTruck
32369,SmallTruck65522,N2_LRP126a,0,SmallTruck
32370,SmallTruck65522,N2_LRP126b,0,SmallTruck
32371,MediumTruck65523,N2_LRP166e,0,MediumTruck
32372,MediumTruck65523,N2_LRP166d,0,MediumTruck
32373,MediumTruck65533,N2_LRP076a,0,MediumTruck
32374,MediumTruck65538,N2_LRP122b,0,MediumTruck
32375,SmallTruck65539,N2_LRP169b,0,SmallTruck
32376,SmallTruck65553,N1_LRP349a,0,SmallTruck
32377,SmallTruck65553,N1_LRP348b,0,SmallTruck
32378,MediumTruck65554,N1_LRP131b,0,MediumTruck
32379,MediumTruck65555,N2_LRP172d,0,MediumTruck
32380,MediumTruck65555,N2_LRP172c,0,MediumTruck
32381,LargeBus65556,N2_LRP057a,0,LargeBus
32382,LargeBus65556,N2_LRP057b,0,LargeBus
32383,SmallTruck65563,N2_LRP040a,0,SmallTruck
32384,SmallTruck65563,N2_LRP039c,0,SmallTruck
32385,MediumTruck65568,N1_LRP118d,0,MediumTruck
32386,MediumTruck65568,N1_LRP119a,0,MediumTruck
32387,MediumTruck65569,N1_LRP357c,0,MediumTruck
32388,MediumTruck65569,N1_LRP357a,0,MediumTruck
32389,LargeBus65570,N2_LRP124c,0,LargeBus
32390,LargeBus65570,N2_LRP125a,0,LargeBus
32391,MediumTruck65571,N2_LRP177a,0,MediumTruck
32392,LargeBus65575,N1_LRP064c,0,LargeBus
32393,MediumTruck65587,N2_LRP181c,0,MediumTruck
32394,MediumTruck65590,N1_LRP034a,0,MediumTruck
32395,MiniBus65599,N2_LRP128a,0,MiniBus
32396,MiniBus65599,N2_LRP127c,0,MiniBus
32397,SmallTruck65611,N2_LRP048a,0,SmallTruck
32398,MediumTruck65616,N2_LRP095a,0,MediumTruck
32399,LargeBus65617,N1_LRP360c,0,LargeBus
32400,SmallTruck65619,N2_LRP186c,0,SmallTruck
32401,MediumTruck65623,N1_LRP088a,0,MediumTruck
32402,MediumTruck65627,N2_LRP180a,0,MediumTruck
32403,MediumTruck65633,N1_LRP368a,0.21710325312957027,MediumTruck
32404,SmallTruck65634,N102_LRP028c,0,SmallTruck
32405,LargeBus65636,N2_LRP040a,0,LargeBus
32406,LargeBus65636,N2_LRP040b,0,LargeBus
32407,LargeBus65637,N1_LRP111a,0,LargeBus
32408,MediumTruck65648,N1_LRP098a,0,MediumTruck
32409,LargeBus65649,N1_LRP364c,0,LargeBus
32410,LargeBus65649,N1_LRP364a,0,LargeBus
32411,LargeBus65649,N1_LRP363b,0,LargeBus
32412,LargeBus65651,N2_LRP183d,0.09492718792698508,LargeBus
32413,MediumTruck65656,N2_LRP092a,0,MediumTruck
32414,MediumTruck65656,N2_LRP092b,0,MediumTruck
32415,MediumTruck65664,N1_LRP094a,0,MediumTruck
32416,MediumTruck65665,N1_LRP375c,0,MediumTruck
32417,LargeBus65676,N2_LRP238c,0,LargeBus
32418,LargeBus65676,N2_LRP239a,0,LargeBus
32419,LargeBus65681,N1_LRP374e,0,LargeBus
32420,LargeBus65681,N1_LRP374c,0,LargeBus
32421,LargeBus65681,N1_LRP374a,0,LargeBus
32422,MediumTruck65682,N2_LRP084a,0,MediumTruck
32423,SmallTruck65697,N1_LRP383b,0,SmallTruck
32424,MiniBus65698,N2_LRP090a,0,MiniBus
32425,LargeBus65707,N2_LRP170e,0,LargeBus
32426,LargeBus65707,N2_LRP170f,0.008362604613414445,LargeBus
32427,SmallTruck65709,N2_LRP118e,0,SmallTruck
32428,SmallTruck65709,N2_LRP118b,0,SmallTruck
32429,SmallTruck65709,N2_LRP118a,0,SmallTruck
32430,LargeBus65715,N2_LRP200c,0,LargeBus
32431,MediumTruck65720,N2_LRP079a,0,MediumTruck
32432,SmallTruck65725,N2_LRP122b,0,SmallTruck
32433,SmallTruck65727,N2_LRP158a,0,SmallTruck
32434,MediumTruck65730,N2_LRP076a,0,MediumTruck
32435,MediumTruck65736,N2_LRP074a,0,MediumTruck
32436,LargeBus65745,N1_LRP391a,0,LargeBus
32437,MediumTruck65749,N102_LRP009a,0,MediumTruck
32438,SmallTruck65754,N2_LRP050a,0,SmallTruck
32439,SmallTruck65755,N2_LRP147a,0,SmallTruck
32440,SmallTruck65755,N2_LRP147b,0,SmallTruck
32441,SmallTruck65759,N2_LRP162a,3.0965220077100906,SmallTruck
32442,MediumTruck65761,N1_LRP398a,0,MediumTruck
32443,LargeBus65762,N2_LRP073g,0,LargeBus
32444,MediumTruck65777,N1_LRP402b,0,MediumTruck
32445,MediumTruck65778,N2_LRP064a,0,MediumTruck
32446,LargeBus65782,N1_LRP077a,0,LargeBus
32447,SmallTruck65786,N2_LRP175c,0,SmallTruck
32448,SmallTruck65786,N2_LRP175d,0,SmallTruck
32449,SmallTruck65786,N2_LRP175e,0,SmallTruck
32450,SmallTruck65786,N2_LRP175f,0,SmallTruck
32451,MiniBus65790,N2_LRP216b,0,MiniBus
32452,SmallTruck65792,N2_LRP048b,0,SmallTruck
32453,LargeBus65793,N1_LRP403a,0,LargeBus
32454,LargeBus65794,N2_LRP064a,0,LargeBus
32455,LargeBus65794,N2_LRP064b,0,LargeBus
32456,MediumTruck65806,N2_LRP225c,0.0019150494984138875,MediumTruck
32457,SmallTruck65809,N1_LRP412d,0,SmallTruck
32458,SmallTruck65809,N1_LRP412b,0,SmallTruck
32459,LargeBus65811,N2_LRP225c,0.027018608928946884,LargeBus
32460,MediumTruck65823,N2_LRP283b,0,MediumTruck
32461,LargeBus65825,N1_LRP410b,0,LargeBus
32462,LargeBus65825,N1_LRP410a,0,LargeBus
32463,MediumTruck65829,N102_LRP029d,0,MediumTruck
32464,LargeBus65842,N2_LRP048a,0,LargeBus
32465,HeavyTruck65843,N2_LRP239a,0,HeavyTruck
32466,HeavyTruck65843,N2_LRP238c,0,HeavyTruck
32467,MediumTruck65844,N1_LRP034a,0,MediumTruck
32468,MediumTruck65845,N102_LRP034b,0,MediumTruck
32469,MiniBus65855,N2_LRP182b,0,MiniBus
32470,MiniBus65855,N2_LRP182a,0,MiniBus
32471,MediumTruck65857,N1_LRP420e,0,MediumTruck
32472,MediumTruck65857,N1_LRP420d,0,MediumTruck
32473,MediumTruck65859,N2_LRP243a,0,MediumTruck
32474,SmallTruck65861,N102_LRP038b,0,SmallTruck
32475,SmallTruck65861,N102_LRP037d,0,SmallTruck
32476,LargeBus65867,N2_LRP103c,0,LargeBus
32477,SmallTruck65869,N2_LRP155a,0,SmallTruck
32478,LargeBus65873,N1_LRP418b,0,LargeBus
32479,LargeBus65875,N2_LRP243a,0,LargeBus
32480,MediumTruck65880,N2_LRP039c,0,MediumTruck
32481,MediumTruck65881,N2_LRP016a,0,MediumTruck
32482,MiniBus65890,N2_LRP040a,0,MiniBus
32483,MiniBus65890,N2_LRP040b,0,MiniBus
32484,SmallTruck65905,N1_LRP429c,0,SmallTruck
32485,SmallTruck65905,N1_LRP429b,0,SmallTruck
32486,SmallTruck65905,N1_LRP429a,0,SmallTruck
32487,MiniBus65906,N2_LRP035b,0,MiniBus
32488,LargeBus65910,N1_LRP112a,0,LargeBus
32489,SmallTruck65911,N104_LRP017b,0,SmallTruck
32490,SmallTruck65912,N105_LRP032b,0,SmallTruck
32491,SmallTruck65912,N105_LRP032c,0,SmallTruck
32492,LargeBus65921,N1_LRP431b,0,LargeBus
32493,LargeBus65921,N1_LRP431a,0,LargeBus
32494,LargeBus65921,N1_LRP430c,0,LargeBus
32495,MediumTruck65929,N105_LRP020c,0,MediumTruck
32496,LargeBus65932,N2_LRP124c,0,LargeBus
32497,LargeBus65932,N2_LRP123e,0,LargeBus
32498,MediumTruck65934,N208_LRP028d,0,MediumTruck
32499,MediumTruck65937,N1_LRP435c,0,MediumTruck
32500,SmallTruck65938,N2_LRP024b,0,SmallTruck
32501,MiniBus65939,N2_LRP261a,0,MiniBus
32502,MediumTruck65941,N102_LRP058a,0,MediumTruck
32503,MediumTruck65945,N105_LRP024c,0,MediumTruck
32504,MiniBus65946,N2_LRP093a,0,MiniBus
32505,MediumTruck65948,N2_LRP133a,0,MediumTruck
32506,MediumTruck65950,N208_LRP024d,0,MediumTruck
32507,MiniBus65951,N208_LRP031d,0,MiniBus
32508,MediumTruck65953,N1_LRP439a,0,MediumTruck
32509,SmallTruck65957,N102_LRP062c,0,SmallTruck
32510,SmallTruck65957,N102_LRP062b,0,SmallTruck
32511,LargeBus65964,N2_LRP138b,0,LargeBus
32512,LargeBus65964,N2_LRP138a,0,LargeBus
32513,MediumTruck65969,N1_LRP443d,0,MediumTruck
32514,MediumTruck65969,N1_LRP443c,0,MediumTruck
32515,SmallTruck65970,N2_LRP016a,0,SmallTruck
32516,MiniBus65973,N102_LRP065a,0,MiniBus
32517,SmallTruck65981,N2_LRP180a,0,SmallTruck
32518,SmallTruck65985,N1_LRP447c,0,SmallTruck
32519,SmallTruck65987,N2_LRP276a,0,SmallTruck
32520,MediumTruck65994,N2_LRP128b,0,MediumTruck
32521,MediumTruck65994,N2_LRP129a,0,MediumTruck
32522,MediumTruck65996,N2_LRP158a,0,MediumTruck
32523,SmallTruck65998,N208_LRP011b,0,SmallTruck
32524,MediumTruck66001,N1_LRP451b,0,MediumTruck
32525,MediumTruck66001,N1_LRP450e,0.1466774131596063,MediumTruck
32526,SmallTruck66010,N2_LRP124c,0,SmallTruck
32527,SmallTruck66017,N1_LRP455a,0,SmallTruck
32528,SmallTruck66019,N2_LRP284b,0,SmallTruck
32529,HeavyTruck66024,N105_LRP003a,0,HeavyTruck
32530,MiniBus65280,N1_LRP208d,0,MiniBus
32531,SmallTruck65281,N1_LRP283d,0,SmallTruck
32532,MediumTruck65282,N2_LRP181c,0,MediumTruck
32533,MiniBus65295,N2_LRP040b,0,MiniBus
32534,MiniBus65295,N2_LRP040a,0,MiniBus
32535,LargeBus65296,N1_LRP203a,0,LargeBus
32536,MediumTruck65297,N1_LRP292b,0,MediumTruck
32537,MediumTruck65297,N1_LRP292a,0,MediumTruck
32538,LargeBus65298,N2_LRP188a,0,LargeBus
32539,MediumTruck65312,N2_LRP163a,0,MediumTruck
32540,MediumTruck65312,N2_LRP163b,0,MediumTruck
32541,MediumTruck65312,N2_LRP163c,0,MediumTruck
32542,LargeBus65313,N1_LRP282c,0,LargeBus
32543,SmallTruck65316,N2_LRP104a,0,SmallTruck
32544,MediumTruck65321,N2_LRP146a,0,MediumTruck
32545,SmallTruck65329,N1_LRP294c,0,SmallTruck
32546,SmallTruck65331,N2_LRP126d,0,SmallTruck
32547,SmallTruck65331,N2_LRP126c,0,SmallTruck
32548,SmallTruck65331,N2_LRP126b,0,SmallTruck
32549,MediumTruck65334,N2_LRP043a,2.1767967682576206,MediumTruck
32550,MediumTruck65335,N1_LRP014a,0,MediumTruck
32551,MediumTruck65336,N2_LRP166d,0,MediumTruck
32552,MediumTruck65336,N2_LRP166e,0,MediumTruck
32553,MediumTruck65336,N2_LRP167b,0,MediumTruck
32554,MediumTruck65342,N2_LRP121a,0,MediumTruck
32555,MediumTruck65345,N1_LRP298a,0,MediumTruck
32556,SmallTruck65347,N2_LRP139b,0,SmallTruck
32557,SmallTruck65347,N2_LRP139a,0,SmallTruck
32558,MediumTruck65360,N1_LRP171b,0,MediumTruck
32559,MiniBus65361,N1_LRP292b,0,MiniBus
32560,MiniBus65361,N1_LRP292a,0,MiniBus
32561,LargeBus65363,N2_LRP117b,0,LargeBus
32562,LargeBus65363,N2_LRP117a,3.1141559434976545,LargeBus
32563,LargeBus65366,N2_LRP044c,0,LargeBus
32564,SmallTruck65372,N1_LRP030a,0,SmallTruck
32565,SmallTruck65373,N2_LRP035b,0,SmallTruck
32566,LargeBus65376,N1_LRP181a,0,LargeBus
32567,MediumTruck65377,N1_LRP311b,0,MediumTruck
32568,MediumTruck65384,N2_LRP153b,0,MediumTruck
32569,MiniBus65390,N2_LRP122b,0,MiniBus
32570,MiniBus65393,N1_LRP303a,0,MiniBus
32571,LargeBus65395,N2_LRP135b,0,LargeBus
32572,LargeBus65395,N2_LRP135a,0,LargeBus
32573,MiniBus65405,N2_LRP029b,0,MiniBus
32574,LargeBus65408,N1_LRP173b,0,LargeBus
32575,MediumTruck65410,N2_LRP141a,0,MediumTruck
32576,MediumTruck65410,N2_LRP141b,0,MediumTruck
32577,MiniBus65418,N1_LRP064c,0,MiniBus
32578,MediumTruck65421,N2_LRP045b,0,MediumTruck
32579,SmallTruck65430,N1_LRP287a,0,SmallTruck
32580,SmallTruck65443,N2_LRP147d,0,SmallTruck
32581,SmallTruck65443,N2_LRP147b,0,SmallTruck
32582,MediumTruck65456,N1_LRP148a,0,MediumTruck
32583,HeavyTruck65460,N2_LRP074a,0,HeavyTruck
32584,MediumTruck65473,N1_LRP333a,0,MediumTruck
32585,SmallTruck65485,N2_LRP059a,0,SmallTruck
32586,SmallTruck65485,N2_LRP058c,0,SmallTruck
32587,SmallTruck65490,N2_LRP134b,0,SmallTruck
32588,SmallTruck65490,N2_LRP134c,0,SmallTruck
32589,HeavyTruck65491,N2_LRP159d,0,HeavyTruck
32590,HeavyTruck65491,N2_LRP159c,0,HeavyTruck
32591,HeavyTruck65491,N2_LRP159b,0,HeavyTruck
32592,MiniBus65502,N2_LRP148b,0,MiniBus
32593,LargeBus65505,N1_LRP333a,0,LargeBus
32594,LargeBus65507,N2_LRP151b,0,LargeBus
32595,SmallTruck65510,N1_LRP014a,0,SmallTruck
32596,SmallTruck65517,N2_LRP070c,0,SmallTruck
32597,SmallTruck65519,N2_LRP106b,0,SmallTruck
32598,SmallTruck65519,N2_LRP106a,0,SmallTruck
32599,SmallTruck65522,N2_LRP126c,0,SmallTruck
32600,SmallTruck65522,N2_LRP126d,0,SmallTruck
32601,SmallTruck65522,N2_LRP127b,0,SmallTruck
32602,LargeBus65525,N1_LRP143a,0,LargeBus
32603,SmallTruck65532,N2_LRP025b,0,SmallTruck
32604,MediumTruck65536,N2_LRP117a,4.1141559434976545,MediumTruck
32605,MediumTruck65538,N2_LRP123c,0,MediumTruck
32606,MediumTruck65538,N2_LRP123d,0,MediumTruck
32607,SmallTruck65539,N2_LRP168c,0,SmallTruck
32608,SmallTruck65539,N2_LRP168a,0,SmallTruck
32609,LargeBus65542,N105_LRP003a,0,LargeBus
32610,SmallTruck65553,N1_LRP348a,0,SmallTruck
32611,MediumTruck65555,N2_LRP171f,0.1336440350032612,MediumTruck
32612,SmallTruck65563,N2_LRP039a,0,SmallTruck
32613,LargeBus65570,N2_LRP125b,0,LargeBus
32614,LargeBus65570,N2_LRP125c,0,LargeBus
32615,LargeBus65570,N2_LRP125d,0,LargeBus
32616,LargeBus65570,N2_LRP126a,0,LargeBus
32617,MediumTruck65571,N2_LRP176e,0,MediumTruck
32618,MediumTruck65571,N2_LRP176d,0,MediumTruck
32619,MediumTruck65571,N2_LRP176c,0,MediumTruck
32620,MediumTruck65571,N2_LRP176b,0,MediumTruck
32621,SmallTruck65573,N1_LRP118d,0,SmallTruck
32622,SmallTruck65573,N1_LRP119a,0,SmallTruck
32623,MediumTruck65578,N105_LRP003a,0,MediumTruck
32624,LargeBus65581,N2_LRP072a,0,LargeBus
32625,MediumTruck65587,N2_LRP180c,0,MediumTruck
32626,MediumTruck65590,N1_LRP033b,0,MediumTruck
32627,MediumTruck65590,N1_LRP033a,0,MediumTruck
32628,SmallTruck65592,N2_LRP106a,0,SmallTruck
32629,MediumTruck65593,N2_LRP086a,0,MediumTruck
32630,MiniBus65599,N2_LRP127b,0,MiniBus
32631,MiniBus65599,N2_LRP126d,0,MiniBus
32632,MiniBus65599,N2_LRP126c,0,MiniBus
32633,MiniBus65599,N2_LRP126b,0,MiniBus
32634,MiniBus65600,N1_LRP122a,0,MiniBus
32635,SmallTruck65611,N2_LRP047c,0,SmallTruck
32636,SmallTruck65611,N2_LRP047a,0,SmallTruck
32637,SmallTruck65611,N2_LRP046c,0,SmallTruck
32638,MediumTruck65616,N2_LRP096a,0,MediumTruck
32639,MediumTruck65616,N2_LRP096c,0,MediumTruck
32640,LargeBus65617,N1_LRP360a,0,LargeBus
32641,LargeBus65618,N2_LRP108a,0,LargeBus
32642,SmallTruck65619,N2_LRP186b,0.5179472689138457,SmallTruck
32643,MediumTruck65627,N2_LRP180c,0,MediumTruck
32644,MediumTruck65630,N2_LRP184c,0,MediumTruck
32645,LargeBus65636,N2_LRP041b,0,LargeBus
32646,LargeBus65637,N1_LRP112a,0,LargeBus
32647,LargeBus65651,N2_LRP183c,0,LargeBus
32648,MediumTruck65656,N2_LRP093a,0,MediumTruck
32649,MediumTruck65665,N1_LRP374e,0,MediumTruck
32650,MiniBus65674,N2_LRP025b,0,MiniBus
32651,LargeBus65676,N2_LRP240a,0,LargeBus
32652,LargeBus65681,N1_LRP373b,0,LargeBus
32653,LargeBus65681,N1_LRP373a,0,LargeBus
32654,SmallTruck65697,N1_LRP383a,0,SmallTruck
32655,SmallTruck65697,N1_LRP382b,0,SmallTruck
32656,MiniBus65698,N2_LRP091b,0,MiniBus
32657,MediumTruck65699,N2_LRP206b,0,MediumTruck
32658,LargeBus65707,N2_LRP170g,0,LargeBus
32659,LargeBus65707,N2_LRP170h,0,LargeBus
32660,LargeBus65707,N2_LRP170i,0,LargeBus
32661,LargeBus65707,N2_LRP170j,0,LargeBus
32662,MediumTruck65713,N1_LRP390a,0,MediumTruck
32663,MediumTruck65713,N1_LRP389d,0,MediumTruck
32664,LargeBus65715,N2_LRP199d,0,LargeBus
32665,MediumTruck65716,N102_LRP082a,0,MediumTruck
32666,HeavyTruck65717,N102_LRPSc,0,HeavyTruck
32667,MediumTruck65719,N1_LRP112a,0,MediumTruck
32668,MediumTruck65720,N2_LRP079b,0.7991019508895123,MediumTruck
32669,SmallTruck65725,N2_LRP121c,0,SmallTruck
32670,MediumTruck65730,N2_LRP076b,0,MediumTruck
32671,MediumTruck65736,N2_LRP076a,0,MediumTruck
32672,MiniBus65738,N2_LRP042a,0,MiniBus
32673,LargeBus65745,N1_LRP390a,0,LargeBus
32674,LargeBus65745,N1_LRP389d,0,LargeBus
32675,SmallTruck65755,N2_LRP147d,0,SmallTruck
32676,SmallTruck65755,N2_LRP148b,0,SmallTruck
32677,LargeBus65762,N2_LRP074a,0,LargeBus
32678,MediumTruck65764,N1_LRP012b,0,MediumTruck
32679,MediumTruck65764,N1_LRP012a,0,MediumTruck
32680,MiniBus65774,N2_LRP211c,0,MiniBus
32681,MiniBus65774,N2_LRP211b,0,MiniBus
32682,MediumTruck65778,N2_LRP064b,0,MediumTruck
32683,MediumTruck65779,N2_LRP224b,0,MediumTruck
32684,MediumTruck65781,N102_LRP017a,0,MediumTruck
32685,SmallTruck65786,N2_LRP176b,0,SmallTruck
32686,SmallTruck65786,N2_LRP176c,0,SmallTruck
32687,SmallTruck65786,N2_LRP176d,0,SmallTruck
32688,SmallTruck65786,N2_LRP176e,0,SmallTruck
32689,MiniBus65790,N2_LRP216a,0,MiniBus
32690,LargeBus65793,N1_LRP402b,0,LargeBus
32691,MediumTruck65795,N2_LRP226d,0,MediumTruck
32692,MediumTruck65795,N2_LRP226c,0,MediumTruck
32693,SmallTruck65807,N2_LRP172d,0,SmallTruck
32694,SmallTruck65807,N2_LRP172c,0,SmallTruck
32695,SmallTruck65809,N1_LRP412a,0,SmallTruck
32696,SmallTruck65809,N1_LRP411b,0,SmallTruck
32697,MediumTruck65810,N2_LRP052a,0,MediumTruck
32698,SmallTruck65820,N2_LRP097a,0,SmallTruck
32699,MediumTruck65823,N2_LRP284b,0,MediumTruck
32700,LargeBus65826,N2_LRP052a,0,LargeBus
32701,SmallTruck65830,N1_LRP094a,0,SmallTruck
32702,HeavyTruck65841,N1_LRP417b,0,HeavyTruck
32703,HeavyTruck65841,N1_LRP416e,0,HeavyTruck
32704,HeavyTruck65841,N1_LRP416d,0,HeavyTruck
32705,LargeBus65842,N2_LRP048b,0,LargeBus
32706,MediumTruck65844,N1_LRP033b,0,MediumTruck
32707,MediumTruck65844,N1_LRP033a,0,MediumTruck
32708,MediumTruck65845,N102_LRP033c,0,MediumTruck
32709,MediumTruck65847,N104_LRPSa,0,MediumTruck
32710,SmallTruck65851,N2_LRP103c,0,SmallTruck
32711,MiniBus65855,N2_LRP181c,0,MiniBus
32712,MediumTruck65857,N1_LRP420c,0,MediumTruck
32713,MediumTruck65857,N1_LRP420a,0,MediumTruck
32714,MediumTruck65859,N2_LRP242a,0,MediumTruck
32715,MediumTruck65860,N102_LRP045a,0,MediumTruck
32716,SmallTruck65861,N102_LRP037c,0,SmallTruck
32717,MediumTruck65865,N2_LRP021a,0,MediumTruck
32718,LargeBus65867,N2_LRP102a,0,LargeBus
32719,SmallTruck65869,N2_LRP154c,0,SmallTruck
32720,LargeBus65873,N1_LRP417d,0.34448524878079917,LargeBus
32721,LargeBus65875,N2_LRP242a,0,LargeBus
32722,MediumTruck65878,N1_LRP107a,0,MediumTruck
32723,MediumTruck65880,N2_LRP040a,0,MediumTruck
32724,MediumTruck65880,N2_LRP040b,0,MediumTruck
32725,MiniBus65889,N1_LRP422b,0,MiniBus
32726,MiniBus65889,N1_LRP421f,0,MiniBus
32727,MiniBus65890,N2_LRP041b,0,MiniBus
32728,HeavyTruck65893,N102_LRP045a,0,HeavyTruck
32729,MiniBus65894,N1_LRP107a,0,MiniBus
32730,MediumTruck65904,N1_LRP033a,0,MediumTruck
32731,MediumTruck65904,N1_LRP033b,0,MediumTruck
32732,SmallTruck65905,N1_LRP428d,0,SmallTruck
32733,SmallTruck65905,N1_LRP428c,0,SmallTruck
32734,SmallTruck65905,N1_LRP428b,0,SmallTruck
32735,SmallTruck65905,N1_LRP428a,0,SmallTruck
32736,SmallTruck65917,N2_LRP224b,0,SmallTruck
32737,LargeBus65921,N1_LRP430b,0,LargeBus
32738,LargeBus65921,N1_LRP430a,0,LargeBus
32739,LargeBus65921,N1_LRP429f,0,LargeBus
32740,MediumTruck65922,N2_LRP029b,0,MediumTruck
32741,MediumTruck65923,N2_LRP258a,0,MediumTruck
32742,SmallTruck65924,N102_LRP028c,0,SmallTruck
32743,LargeBus65927,N104_LRP017b,0,LargeBus
32744,LargeBus65932,N2_LRP123d,0,LargeBus
32745,LargeBus65932,N2_LRP123c,0,LargeBus
32746,MediumTruck65934,N208_LRP029c,0,MediumTruck
32747,SmallTruck65935,N208_LRP029c,0,SmallTruck
32748,SmallTruck65938,N2_LRP025a,0,SmallTruck
32749,SmallTruck65938,N2_LRP025b,0,SmallTruck
32750,MediumTruck65942,N1_LRP123a,0,MediumTruck
32751,MediumTruck65944,N105_LRP024c,0,MediumTruck
32752,MiniBus65946,N2_LRP092b,0,MiniBus
32753,MiniBus65946,N2_LRP092a,0,MiniBus
32754,MediumTruck65948,N2_LRP132c,0,MediumTruck
32755,MiniBus65951,N208_LRP031b,0,MiniBus
32756,SmallTruck65958,N1_LRP127a,0,SmallTruck
32757,SmallTruck65959,N104_LRP028a,0,SmallTruck
32758,MediumTruck65960,N1_LRP033a,0,MediumTruck
32759,MediumTruck65960,N1_LRP033b,0,MediumTruck
32760,MediumTruck65974,N1_LRP131b,0,MediumTruck
32761,MediumTruck65977,N105_LRP032c,0,MediumTruck
32762,MediumTruck65977,N105_LRP032b,0,MediumTruck
32763,SmallTruck65981,N2_LRP179a,0,SmallTruck
32764,SmallTruck65981,N2_LRP178b,0,SmallTruck
32765,MediumTruck65984,N1_LRP012a,0,MediumTruck
32766,MediumTruck65984,N1_LRP012b,0,MediumTruck
32767,SmallTruck65985,N1_LRP447b,0,SmallTruck
32768,SmallTruck65985,N1_LRP447a,0,SmallTruck
32769,SmallTruck65985,N1_LRP446d,0,SmallTruck
32770,SmallTruck65985,N1_LRP446b,0,SmallTruck
32771,LargeBus65986,N1_LRP023a,0,LargeBus
32772,MediumTruck65994,N2_LRP129b,0,MediumTruck
32773,MediumTruck65994,N2_LRP129c,0,MediumTruck
32774,MediumTruck65994,N2_LRP130a,0,MediumTruck
32775,MediumTruck65996,N2_LRP159b,0,MediumTruck
32776,MediumTruck65996,N2_LRP159c,0,MediumTruck
32777,MiniBus65999,N2_LRP216b,0,MiniBus
32778,MediumTruck66001,N1_LRP450c,0,MediumTruck
32779,MediumTruck66009,N105_LRP041c,0,MediumTruck
32780,SmallTruck66010,N2_LRP125a,0,SmallTruck
32781,SmallTruck66010,N2_LRP125b,0,SmallTruck
32782,SmallTruck66010,N2_LRP125c,0,SmallTruck
32783,SmallTruck66010,N2_LRP125d,0,SmallTruck
32784,LargeBus66016,N1_LRP004b,0,LargeBus
32785,SmallTruck66019,N2_LRP283b,0,SmallTruck
32786,LargeBus66028,N2_LRP141b,0,LargeBus
32787,MiniBus66030,N208_LRP004c,0,MiniBus
32788,MediumTruck66036,N1_LRP083a,0,MediumTruck
32789,MiniBus66038,N104_LRPSa,0,MiniBus
32790,SmallTruck66040,N1_LRP012a,0,SmallTruck
32791,SmallTruck66040,N1_LRP012b,0,SmallTruck
32792,MiniBus66047,N2_LRP228b,0,MiniBus
32793,MiniBus65280,N1_LRP209a,0,MiniBus
32794,SmallTruck65281,N1_LRP283c,0,SmallTruck
32795,MediumTruck65282,N2_LRP182a,0,MediumTruck
32796,MediumTruck65282,N2_LRP182b,0,MediumTruck
32797,MediumTruck65285,N2_LRP038c,0,MediumTruck
32798,MediumTruck65285,N2_LRP039a,0,MediumTruck
32799,MiniBus65295,N2_LRP039c,0,MiniBus
32800,LargeBus65296,N1_LRP203b,0,LargeBus
32801,LargeBus65296,N1_LRP204a,0,LargeBus
32802,MediumTruck65297,N1_LRP291c,0,MediumTruck
32803,LargeBus65299,N2_LRP093a,0,LargeBus
32804,MediumTruck65312,N2_LRP163d,0,MediumTruck
32805,MediumTruck65312,N2_LRP164a,0,MediumTruck
32806,MediumTruck65312,N2_LRP164b,0,MediumTruck
32807,LargeBus65313,N1_LRP282a,0,LargeBus
32808,LargeBus65328,N2_LRP172c,0,LargeBus
32809,LargeBus65328,N2_LRP172d,0,LargeBus
32810,SmallTruck65329,N1_LRP294a,0,SmallTruck
32811,SmallTruck65329,N1_LRP293c,0,SmallTruck
32812,SmallTruck65331,N2_LRP126a,0,SmallTruck
32813,SmallTruck65331,N2_LRP125d,0,SmallTruck
32814,SmallTruck65331,N2_LRP125c,0,SmallTruck
32815,SmallTruck65331,N2_LRP125b,0,SmallTruck
32816,MediumTruck65335,N1_LRP012b,0,MediumTruck
32817,MediumTruck65335,N1_LRP012a,0,MediumTruck
32818,MediumTruck65336,N2_LRP167c,0,MediumTruck
32819,MediumTruck65342,N2_LRP120a,0,MediumTruck
32820,MediumTruck65342,N2_LRP119c,0,MediumTruck
32821,SmallTruck65346,N2_LRP162c,0,SmallTruck
32822,SmallTruck65346,N2_LRP162d,0,SmallTruck
32823,SmallTruck65347,N2_LRP138b,0,SmallTruck
32824,MediumTruck65358,N2_LRP130c,0,MediumTruck
32825,MediumTruck65358,N2_LRP130b,0,MediumTruck
32826,MediumTruck65360,N1_LRP171c,0,MediumTruck
32827,MiniBus65361,N1_LRP291c,0,MiniBus
32828,LargeBus65366,N2_LRP045b,0,LargeBus
32829,MediumTruck65377,N1_LRP311a,0,MediumTruck
32830,MediumTruck65377,N1_LRP310b,0,MediumTruck
32831,MediumTruck65380,N2_LRP091b,0,MediumTruck
32832,MediumTruck65384,N2_LRP154c,0,MediumTruck
32833,MiniBus65390,N2_LRP121c,0,MiniBus
32834,LargeBus65395,N2_LRP134c,0,LargeBus
32835,LargeBus65408,N1_LRP174a,0.15071264341483145,LargeBus
32836,MediumTruck65421,N2_LRP044c,0,MediumTruck
32837,MediumTruck65436,N1_LRP014a,0,MediumTruck
32838,SmallTruck65443,N2_LRP147a,0,SmallTruck
32839,MediumTruck65456,N1_LRP149a,0,MediumTruck
32840,HeavyTruck65460,N2_LRP076a,0,HeavyTruck
32841,MediumTruck65473,N1_LRP332c,0,MediumTruck
32842,MediumTruck65473,N1_LRP332b,0,MediumTruck
32843,MediumTruck65474,N2_LRP138a,0,MediumTruck
32844,SmallTruck65475,N2_LRP155a,0,SmallTruck
32845,MediumTruck65489,N1_LRP333a,0,MediumTruck
32846,SmallTruck65490,N2_LRP135a,0,SmallTruck
32847,HeavyTruck65491,N2_LRP158a,0,HeavyTruck
32848,MiniBus65502,N2_LRP147d,0,MiniBus
32849,LargeBus65505,N1_LRP332c,0,LargeBus
32850,LargeBus65505,N1_LRP332b,0,LargeBus
32851,HeavyTruck65506,N2_LRP132a,0,HeavyTruck
32852,HeavyTruck65506,N2_LRP132b,0,HeavyTruck
32853,HeavyTruck65506,N2_LRP132c,0,HeavyTruck
32854,LargeBus65507,N2_LRP151a,0,LargeBus
32855,SmallTruck65510,N1_LRP012b,0,SmallTruck
32856,SmallTruck65510,N1_LRP012a,0,SmallTruck
32857,MediumTruck65513,N102_LRP017a,0,MediumTruck
32858,SmallTruck65517,N2_LRP070a,0,SmallTruck
32859,SmallTruck65517,N2_LRP069e,0,SmallTruck
32860,SmallTruck65517,N2_LRP069c,0,SmallTruck
32861,SmallTruck65522,N2_LRP127c,0,SmallTruck
32862,SmallTruck65522,N2_LRP128a,0,SmallTruck
32863,MediumTruck65523,N2_LRP165d,0,MediumTruck
32864,MediumTruck65523,N2_LRP165c,0,MediumTruck
32865,MediumTruck65523,N2_LRP164d,0,MediumTruck
32866,SmallTruck65532,N2_LRP025a,0,SmallTruck
32867,SmallTruck65532,N2_LRP024b,0,SmallTruck
32868,MediumTruck65533,N2_LRP074a,0,MediumTruck
32869,MediumTruck65538,N2_LRP123e,0,MediumTruck
32870,MediumTruck65538,N2_LRP124c,0,MediumTruck
32871,SmallTruck65539,N2_LRP167c,0,SmallTruck
32872,SmallTruck65539,N2_LRP167b,0,SmallTruck
32873,SmallTruck65553,N1_LRP347b,0,SmallTruck
32874,SmallTruck65553,N1_LRP347a,0,SmallTruck
32875,MediumTruck65555,N2_LRP171e,0,MediumTruck
32876,LargeBus65556,N2_LRP058c,0,LargeBus
32877,LargeBus65556,N2_LRP059a,0,LargeBus
32878,SmallTruck65563,N2_LRP038c,0,SmallTruck
32879,MediumTruck65568,N1_LRP120b,0,MediumTruck
32880,LargeBus65570,N2_LRP126b,0,LargeBus
32881,LargeBus65570,N2_LRP126c,0,LargeBus
32882,LargeBus65570,N2_LRP126d,0,LargeBus
32883,MediumTruck65571,N2_LRP175f,0,MediumTruck
32884,MediumTruck65571,N2_LRP175e,0,MediumTruck
32885,MediumTruck65571,N2_LRP175d,0,MediumTruck
32886,MediumTruck65571,N2_LRP175c,0,MediumTruck
32887,SmallTruck65577,N1_LRP083a,0,SmallTruck
32888,MediumTruck65587,N2_LRP180a,0,MediumTruck
32889,SmallTruck65592,N2_LRP106b,0,SmallTruck
32890,MediumTruck65593,N2_LRP087a,0,MediumTruck
32891,MiniBus65599,N2_LRP126a,0,MiniBus
32892,MiniBus65599,N2_LRP125d,0,MiniBus
32893,MediumTruck65601,N1_LRP360c,0,MediumTruck
32894,MediumTruck65601,N1_LRP360a,0,MediumTruck
32895,MiniBus65603,N2_LRP172d,0,MiniBus
32896,MiniBus65603,N2_LRP172c,0,MiniBus
32897,MediumTruck65606,N1_LRP036c,0,MediumTruck
32898,MediumTruck65616,N2_LRP097a,0,MediumTruck
32899,LargeBus65617,N1_LRP359b,0,LargeBus
32900,LargeBus65617,N1_LRP359a,0,LargeBus
32901,MediumTruck65627,N2_LRP181c,0,MediumTruck
32902,MediumTruck65630,N2_LRP183d,0.10051017413707787,MediumTruck
32903,MediumTruck65633,N1_LRP367a,0,MediumTruck
32904,SmallTruck65634,N102_LRP029d,0,SmallTruck
32905,MediumTruck65635,N2_LRP188a,0,MediumTruck
32906,LargeBus65636,N2_LRP042a,0,LargeBus
32907,LargeBus65651,N2_LRP183a,0,LargeBus
32908,LargeBus65651,N2_LRP182d,0,LargeBus
32909,SmallTruck65654,N102_LRP033c,0,SmallTruck
32910,MediumTruck65658,N2_LRP025b,0,MediumTruck
32911,MediumTruck65665,N1_LRP374c,0,MediumTruck
32912,MediumTruck65665,N1_LRP374a,0,MediumTruck
32913,MediumTruck65665,N1_LRP373b,0,MediumTruck
32914,MiniBus65674,N2_LRP025a,0,MiniBus
32915,MiniBus65674,N2_LRP024b,0,MiniBus
32916,LargeBus65681,N1_LRP372c,0,LargeBus
32917,MediumTruck65682,N2_LRP086a,0,MediumTruck
32918,MediumTruck65692,N2_LRP061a,0,MediumTruck
32919,SmallTruck65697,N1_LRP382a,0,SmallTruck
32920,SmallTruck65697,N1_LRP381c,0,SmallTruck
32921,SmallTruck65697,N1_LRP381b,0,SmallTruck
32922,MiniBus65698,N2_LRP092a,0,MiniBus
32923,MiniBus65698,N2_LRP092b,0,MiniBus
32924,LargeBus65707,N2_LRP171d,0,LargeBus
32925,LargeBus65707,N2_LRP171e,0,LargeBus
32926,LargeBus65707,N2_LRP171f,0.22288210253205692,LargeBus
32927,MediumTruck65708,N2_LRP067c,0,MediumTruck
32928,SmallTruck65709,N2_LRP117b,0,SmallTruck
32929,SmallTruck65709,N2_LRP117a,4.1141559434976545,SmallTruck
32930,MediumTruck65713,N1_LRP389b,0.02334885209848051,MediumTruck
32931,LargeBus65714,N102_LRP017a,0,LargeBus
32932,MediumTruck65719,N1_LRP111a,0,MediumTruck
32933,MediumTruck65720,N2_LRP079d,0,MediumTruck
32934,SmallTruck65725,N2_LRP121a,0,SmallTruck
32935,SmallTruck65727,N2_LRP157b,0,SmallTruck
32936,SmallTruck65727,N2_LRP157a,0,SmallTruck
32937,MediumTruck65729,N1_LRP391a,0,MediumTruck
32938,MediumTruck65736,N2_LRP076b,0,MediumTruck
32939,MiniBus65738,N2_LRP041b,0,MiniBus
32940,LargeBus65745,N1_LRP389b,0.1843040822503721,LargeBus
32941,LargeBus65747,N2_LRP207b,0,LargeBus
32942,MediumTruck65751,N1_LRP171b,0,MediumTruck
32943,SmallTruck65754,N2_LRP048b,0,SmallTruck
32944,LargeBus65762,N2_LRP076a,0,LargeBus
32945,MediumTruck65783,N1_LRP127a,0,MediumTruck
32946,SmallTruck65786,N2_LRP177a,0,SmallTruck
32947,SmallTruck65789,N2_LRP140a,7.105266772968552,SmallTruck
32948,MiniBus65790,N2_LRP214b,0.19932011713573652,MiniBus
32949,SmallTruck65792,N2_LRP050a,0,SmallTruck
32950,LargeBus65794,N2_LRP066a,0,LargeBus
32951,SmallTruck65796,N1_LRP020a,0,SmallTruck
32952,SmallTruck65807,N2_LRP171f,1.2228821025320569,SmallTruck
32953,SmallTruck65809,N1_LRP411a,0,SmallTruck
32954,MediumTruck65810,N2_LRP053a,0,MediumTruck
32955,LargeBus65811,N2_LRP224b,0,LargeBus
32956,SmallTruck65820,N2_LRP096c,0,SmallTruck
32957,MediumTruck65823,N2_LRP284c,0,MediumTruck
32958,MediumTruck65823,N2_LRP285a,0,MediumTruck
32959,LargeBus65824,N2_LRP043d,0,LargeBus
32960,LargeBus65824,N2_LRP044a,0,LargeBus
32961,LargeBus65826,N2_LRP053a,0,LargeBus
32962,LargeBus65826,N2_LRP054a,0,LargeBus
32963,MediumTruck65829,N102_LRP028c,0,MediumTruck
32964,SmallTruck65833,N1_LRP001a,0,SmallTruck
32965,HeavyTruck65841,N1_LRP415c,3.8715622248373283,HeavyTruck
32966,LargeBus65842,N2_LRP050a,0,LargeBus
32967,MediumTruck65846,N1_LRP098a,0,MediumTruck
32968,SmallTruck65851,N2_LRP102a,0,SmallTruck
32969,MiniBus65855,N2_LRP180c,0,MiniBus
32970,MiniBus65855,N2_LRP180a,0,MiniBus
32971,MediumTruck65857,N1_LRP418b,0,MediumTruck
32972,MediumTruck65859,N2_LRP241c,0,MediumTruck
32973,SmallTruck65861,N102_LRP036d,0,SmallTruck
32974,SmallTruck65861,N102_LRP036b,0,SmallTruck
32975,MediumTruck65865,N2_LRP021b,0,MediumTruck
32976,SmallTruck65869,N2_LRP153b,0,SmallTruck
32977,SmallTruck65869,N2_LRP153a,0,SmallTruck
32978,SmallTruck65870,N208_LRP046b,0,SmallTruck
32979,LargeBus65875,N2_LRP241c,0,LargeBus
32980,MediumTruck65880,N2_LRP041b,0,MediumTruck
32981,MiniBus65889,N1_LRP421d,0,MiniBus
32982,MiniBus65890,N2_LRP042a,0,MiniBus
32983,SmallTruck65891,N2_LRP249a,0,SmallTruck
32984,MediumTruck65904,N1_LRP034a,0,MediumTruck
32985,SmallTruck65905,N1_LRP427e,0,SmallTruck
32986,SmallTruck65905,N1_LRP427d,0,SmallTruck
32987,SmallTruck65905,N1_LRP427b,0,SmallTruck
32988,MediumTruck65908,N102_LRP033c,0,MediumTruck
32989,LargeBus65910,N1_LRP111a,0,LargeBus
32990,SmallTruck65920,N1_LRP030a,0,SmallTruck
32991,LargeBus65921,N1_LRP429c,0,LargeBus
32992,LargeBus65921,N1_LRP429b,0,LargeBus
32993,LargeBus65921,N1_LRP429a,0,LargeBus
32994,LargeBus65921,N1_LRP428d,0,LargeBus
32995,LargeBus65921,N1_LRP428c,0,LargeBus
32996,SmallTruck65924,N102_LRP029d,0,SmallTruck
32997,LargeBus65932,N2_LRP122b,0,LargeBus
32998,SmallTruck65935,N208_LRP028d,0,SmallTruck
32999,MediumTruck65942,N1_LRP122a,0,MediumTruck
33000,MediumTruck65945,N105_LRP023c,0,MediumTruck
33001,MiniBus65946,N2_LRP091b,0,MiniBus
33002,MediumTruck65948,N2_LRP132b,0,MediumTruck
33003,MediumTruck65948,N2_LRP132a,0,MediumTruck
33004,MediumTruck65953,N1_LRP438c,0,MediumTruck
33005,MediumTruck65953,N1_LRP438b,0,MediumTruck
33006,MediumTruck65953,N1_LRP438a,0,MediumTruck
33007,MediumTruck65961,N105_LRP027c,0,MediumTruck
33008,MiniBus65966,N208_LRP024d,0,MiniBus
33009,MediumTruck65969,N1_LRP441a,0,MediumTruck
33010,MediumTruck65972,N102_LRP017a,0,MediumTruck
33011,MediumTruck65978,N204_LRP020b,0,MediumTruck
33012,SmallTruck65979,N204_LRP020b,0,SmallTruck
33013,SmallTruck65981,N2_LRP178a,0,SmallTruck
33014,MiniBus65983,N2_LRP211c,0,MiniBus
33015,MiniBus65983,N2_LRP211b,0,MiniBus
33016,MediumTruck65984,N1_LRP014a,0,MediumTruck
33017,SmallTruck65987,N2_LRP274e,0,SmallTruck
33018,MediumTruck65994,N2_LRP130b,0,MediumTruck
33019,MediumTruck65994,N2_LRP130c,0,MediumTruck
33020,MediumTruck65996,N2_LRP159d,0,MediumTruck
33021,MediumTruck65996,N2_LRP160a,0,MediumTruck
33022,MiniBus65999,N2_LRP216a,0,MiniBus
33023,MediumTruck66001,N1_LRP450a,0,MediumTruck
33024,MediumTruck66009,N105_LRP040c,0,MediumTruck
33025,SmallTruck66010,N2_LRP126a,0,SmallTruck
33026,SmallTruck66010,N2_LRP126b,0,SmallTruck
33027,SmallTruck66010,N2_LRP126c,0,SmallTruck
33028,SmallTruck66010,N2_LRP126d,0,SmallTruck
33029,MediumTruck66013,N2_LRP184c,0,MediumTruck
33030,MediumTruck66023,N104_LRP044d,0,MediumTruck
33031,LargeBus66028,N2_LRP141a,0,LargeBus
33032,MediumTruck66036,N1_LRP083b,0,MediumTruck
33033,MediumTruck66037,N102_LRP082a,0,MediumTruck
33034,LargeBus66042,N2_LRP118a,0,LargeBus
33035,LargeBus66042,N2_LRP118b,0,LargeBus
33036,LargeBus66042,N2_LRP118e,0,LargeBus
33037,HeavyTruck66044,N2_LRP146a,0,HeavyTruck
33038,MiniBus65280,N1_LRP210a,0,MiniBus
33039,MiniBus65280,N1_LRP210b,0,MiniBus
33040,MiniBus65280,N1_LRP210d,0,MiniBus
33041,SmallTruck65281,N1_LRP282c,0,SmallTruck
33042,MediumTruck65282,N2_LRP182d,0,MediumTruck
33043,MediumTruck65282,N2_LRP183a,0,MediumTruck
33044,MediumTruck65285,N2_LRP039c,0,MediumTruck
33045,MiniBus65295,N2_LRP039a,0,MiniBus
33046,MiniBus65295,N2_LRP038c,0,MiniBus
33047,LargeBus65296,N1_LRP205a,0,LargeBus
33048,MediumTruck65297,N1_LRP291a,0,MediumTruck
33049,LargeBus65299,N2_LRP092b,0,LargeBus
33050,LargeBus65299,N2_LRP092a,0,LargeBus
33051,SmallTruck65301,N2_LRP035b,0,SmallTruck
33052,MediumTruck65312,N2_LRP164d,0,MediumTruck
33053,MediumTruck65312,N2_LRP165c,0,MediumTruck
33054,LargeBus65313,N1_LRP280a,0,LargeBus
33055,SmallTruck65316,N2_LRP106a,0,SmallTruck
33056,MediumTruck65325,N2_LRP021b,0,MediumTruck
33057,SmallTruck65329,N1_LRP293a,0,SmallTruck
33058,SmallTruck65331,N2_LRP125a,0,SmallTruck
33059,SmallTruck65331,N2_LRP124c,0,SmallTruck
33060,MediumTruck65336,N2_LRP168a,0,MediumTruck
33061,MediumTruck65336,N2_LRP168c,0,MediumTruck
33062,MediumTruck65337,N2_LRP140c,9.335819090857663,MediumTruck
33063,MediumTruck65342,N2_LRP118g,0,MediumTruck
33064,MediumTruck65345,N1_LRP296b,0,MediumTruck
33065,SmallTruck65346,N2_LRP162e,0,SmallTruck
33066,SmallTruck65346,N2_LRP163a,0,SmallTruck
33067,SmallTruck65346,N2_LRP163b,0,SmallTruck
33068,SmallTruck65347,N2_LRP138a,0,SmallTruck
33069,MediumTruck65356,N1_LRP033a,0,MediumTruck
33070,MediumTruck65358,N2_LRP130a,0,MediumTruck
33071,MediumTruck65358,N2_LRP129c,0,MediumTruck
33072,MediumTruck65360,N1_LRP172a,0,MediumTruck
33073,MediumTruck65360,N1_LRP172b,0,MediumTruck
33074,MiniBus65361,N1_LRP291a,0,MiniBus
33075,LargeBus65366,N2_LRP046c,0,LargeBus
33076,MediumTruck65367,N1_LRP020a,0,MediumTruck
33077,MediumTruck65377,N1_LRP310a,0,MediumTruck
33078,MediumTruck65380,N2_LRP092a,0,MediumTruck
33079,MediumTruck65380,N2_LRP092b,0,MediumTruck
33080,MediumTruck65384,N2_LRP155a,0,MediumTruck
33081,MediumTruck65387,N1_LRP023a,0,MediumTruck
33082,MiniBus65390,N2_LRP121a,0,MiniBus
33083,MediumTruck65392,N1_LRP166a,0,MediumTruck
33084,MiniBus65393,N1_LRP302e,0,MiniBus
33085,MiniBus65393,N1_LRP302c,0,MiniBus
33086,MiniBus65393,N1_LRP302a,0,MiniBus
33087,LargeBus65394,N2_LRP162c,0,LargeBus
33088,LargeBus65394,N2_LRP162d,0,LargeBus
33089,LargeBus65395,N2_LRP134b,0,LargeBus
33090,LargeBus65395,N2_LRP133a,0,LargeBus
33091,MediumTruck65404,N1_LRP020a,0,MediumTruck
33092,LargeBus65407,N2_LRP061a,0,LargeBus
33093,LargeBus65408,N1_LRP174b,0,LargeBus
33094,LargeBus65408,N1_LRP174c,0,LargeBus
33095,MediumTruck65421,N2_LRP044a,0,MediumTruck
33096,SmallTruck65427,N2_LRP141b,0,SmallTruck
33097,SmallTruck65430,N1_LRP288a,0,SmallTruck
33098,MiniBus65442,N2_LRP151a,0,MiniBus
33099,MiniBus65442,N2_LRP151b,0,MiniBus
33100,SmallTruck65443,N2_LRP146a,0,SmallTruck
33101,MediumTruck65446,N2_LRP016a,0,MediumTruck
33102,SmallTruck65449,N102_LRP033c,0,SmallTruck
33103,MediumTruck65456,N1_LRP149c,0,MediumTruck
33104,HeavyTruck65460,N2_LRP076b,0,HeavyTruck
33105,MediumTruck65465,N2_LRP117b,0,MediumTruck
33106,MediumTruck65473,N1_LRP332a,0,MediumTruck
33107,MediumTruck65474,N2_LRP138b,0,MediumTruck
33108,MediumTruck65474,N2_LRP139a,0,MediumTruck
33109,SmallTruck65475,N2_LRP154c,0,SmallTruck
33110,SmallTruck65485,N2_LRP057b,0,SmallTruck
33111,SmallTruck65485,N2_LRP057a,0,SmallTruck
33112,MediumTruck65489,N1_LRP332c,0,MediumTruck
33113,SmallTruck65490,N2_LRP135b,0,SmallTruck
33114,MiniBus65500,N1_LRP012a,0,MiniBus
33115,MiniBus65500,N1_LRP012b,0,MiniBus
33116,MiniBus65502,N2_LRP147b,0,MiniBus
33117,MiniBus65502,N2_LRP147a,0,MiniBus
33118,LargeBus65505,N1_LRP332a,0,LargeBus
33119,HeavyTruck65506,N2_LRP133a,0,HeavyTruck
33120,SmallTruck65519,N2_LRP104a,0,SmallTruck
33121,SmallTruck65522,N2_LRP128b,0,SmallTruck
33122,MediumTruck65523,N2_LRP164b,0,MediumTruck
33123,MediumTruck65523,N2_LRP164a,0,MediumTruck
33124,LargeBus65525,N1_LRP145a,0,LargeBus
33125,MediumTruck65533,N2_LRP073g,0,MediumTruck
33126,SmallTruck65539,N2_LRP166e,0,SmallTruck
33127,SmallTruck65539,N2_LRP166d,0,SmallTruck
33128,LargeBus65542,N105_LRP005c,0,LargeBus
33129,MediumTruck65554,N1_LRP134a,0,MediumTruck
33130,MediumTruck65555,N2_LRP171d,0,MediumTruck
33131,MediumTruck65555,N2_LRP170j,0,MediumTruck
33132,MediumTruck65555,N2_LRP170i,0,MediumTruck
33133,MediumTruck65555,N2_LRP170h,0,MediumTruck
33134,MediumTruck65555,N2_LRP170g,0,MediumTruck
33135,MediumTruck65555,N2_LRP170f,0.0038248059086465357,MediumTruck
33136,LargeBus65570,N2_LRP127b,0,LargeBus
33137,LargeBus65570,N2_LRP127c,0,LargeBus
33138,SmallTruck65573,N1_LRP120b,0,SmallTruck
33139,SmallTruck65577,N1_LRP083b,0,SmallTruck
33140,LargeBus65581,N2_LRP070c,0,LargeBus
33141,MiniBus65585,N1_LRP342c,0,MiniBus
33142,MiniBus65585,N1_LRP342a,0.9602627088854132,MiniBus
33143,MediumTruck65587,N2_LRP179a,0,MediumTruck
33144,MediumTruck65587,N2_LRP178b,0,MediumTruck
33145,MiniBus65599,N2_LRP125c,0,MiniBus
33146,MiniBus65599,N2_LRP125b,0,MiniBus
33147,MiniBus65599,N2_LRP125a,0,MiniBus
33148,MiniBus65600,N1_LRP123a,0,MiniBus
33149,MediumTruck65602,N2_LRP102a,0,MediumTruck
33150,MiniBus65603,N2_LRP171f,2.222882102532057,MiniBus
33151,MediumTruck65606,N1_LRP035a,0,MediumTruck
33152,SmallTruck65611,N2_LRP045b,0,SmallTruck
33153,MediumTruck65616,N2_LRP098b,0.3462068467756788,MediumTruck
33154,LargeBus65617,N1_LRP358b,0,LargeBus
33155,LargeBus65617,N1_LRP358a,0,LargeBus
33156,MediumTruck65627,N2_LRP182a,0,MediumTruck
33157,MediumTruck65627,N2_LRP182b,0,MediumTruck
33158,MediumTruck65630,N2_LRP183c,0,MediumTruck
33159,MediumTruck65635,N2_LRP187b,0,MediumTruck
33160,LargeBus65636,N2_LRP043a,1.1767967682576206,LargeBus
33161,MediumTruck65642,N2_LRP211b,0,MediumTruck
33162,LargeBus65649,N1_LRP360c,0,LargeBus
33163,LargeBus65651,N2_LRP182b,0,LargeBus
33164,LargeBus65651,N2_LRP182a,0,LargeBus
33165,MediumTruck65652,N2_LRP029b,0,MediumTruck
33166,SmallTruck65654,N102_LRP034b,0,SmallTruck
33167,MediumTruck65658,N2_LRP025a,0,MediumTruck
33168,MediumTruck65658,N2_LRP024b,0,MediumTruck
33169,MediumTruck65665,N1_LRP373a,0,MediumTruck
33170,MediumTruck65666,N1_LRP105a,0,MediumTruck
33171,LargeBus65676,N2_LRP241c,0,LargeBus
33172,LargeBus65681,N1_LRP372a,0,LargeBus
33173,LargeBus65681,N1_LRP371c,0,LargeBus
33174,LargeBus65681,N1_LRP371a,0,LargeBus
33175,MediumTruck65682,N2_LRP087a,0,MediumTruck
33176,MediumTruck65692,N2_LRP060c,0,MediumTruck
33177,MediumTruck65696,N1_LRP088a,0,MediumTruck
33178,MiniBus65698,N2_LRP093a,0,MiniBus
33179,MediumTruck65708,N2_LRP066a,0,MediumTruck
33180,MediumTruck65713,N1_LRP389a,0,MediumTruck
33181,MediumTruck65720,N2_LRP081a,0,MediumTruck
33182,MiniBus65721,N2_LRP064a,0,MiniBus
33183,MiniBus65721,N2_LRP064b,0,MiniBus
33184,SmallTruck65725,N2_LRP120a,0,SmallTruck
33185,SmallTruck65725,N2_LRP119c,0,SmallTruck
33186,SmallTruck65727,N2_LRP156a,0,SmallTruck
33187,MediumTruck65729,N1_LRP390a,0,MediumTruck
33188,MediumTruck65730,N2_LRP078a,0,MediumTruck
33189,MiniBus65738,N2_LRP040b,0,MiniBus
33190,MiniBus65738,N2_LRP040a,0,MiniBus
33191,LargeBus65745,N1_LRP389a,0,LargeBus
33192,LargeBus65747,N2_LRP206b,0,LargeBus
33193,MediumTruck65751,N1_LRP171c,0,MediumTruck
33194,SmallTruck65754,N2_LRP048a,0,SmallTruck
33195,SmallTruck65754,N2_LRP047c,0,SmallTruck
33196,LargeBus65762,N2_LRP076b,0,LargeBus
33197,MediumTruck65777,N1_LRP400a,0,MediumTruck
33198,MediumTruck65778,N2_LRP066a,0,MediumTruck
33199,MediumTruck65781,N102_LRP015a,0,MediumTruck
33200,SmallTruck65786,N2_LRP178a,0,SmallTruck
33201,LargeBus65794,N2_LRP067c,0,LargeBus
33202,MediumTruck65795,N2_LRP225c,0.19404797544980734,MediumTruck
33203,MediumTruck65797,N102_LRP019b,0,MediumTruck
33204,MediumTruck65797,N102_LRP019a,0,MediumTruck
33205,MediumTruck65806,N2_LRP224b,0,MediumTruck
33206,SmallTruck65809,N1_LRP410c,0.2164697462478177,SmallTruck
33207,MediumTruck65810,N2_LRP054a,0,MediumTruck
33208,SmallTruck65820,N2_LRP096a,0,SmallTruck
33209,SmallTruck65820,N2_LRP095a,0,SmallTruck
33210,SmallTruck65821,N207_LRP008c,0,SmallTruck
33211,MediumTruck65823,N2_LRP285c,0,MediumTruck
33212,LargeBus65824,N2_LRP044c,0,LargeBus
33213,LargeBus65825,N1_LRP408a,0,LargeBus
33214,LargeBus65826,N2_LRP054b,0,LargeBus
33215,HeavyTruck65828,N102_LRP055c,0,HeavyTruck
33216,SmallTruck65838,N208_LRP055a,0,SmallTruck
33217,HeavyTruck65843,N2_LRP236c,0,HeavyTruck
33218,MiniBus65854,N208_LRP055a,0,MiniBus
33219,MiniBus65855,N2_LRP179a,0,MiniBus
33220,SmallTruck65869,N2_LRP152d,0,SmallTruck
33221,SmallTruck65869,N2_LRP152c,0,SmallTruck
33222,SmallTruck65869,N2_LRP152b,0,SmallTruck
33223,SmallTruck65869,N2_LRP152a,0,SmallTruck
33224,LargeBus65873,N1_LRP417b,0,LargeBus
33225,LargeBus65873,N1_LRP416e,0,LargeBus
33226,LargeBus65873,N1_LRP416d,0,LargeBus
33227,MediumTruck65878,N1_LRP105a,0,MediumTruck
33228,MediumTruck65880,N2_LRP042a,0,MediumTruck
33229,MediumTruck65881,N2_LRP018a,0,MediumTruck
33230,MiniBus65889,N1_LRP420e,0,MiniBus
33231,MiniBus65889,N1_LRP420d,0,MiniBus
33232,MiniBus65889,N1_LRP420c,0,MiniBus
33233,MiniBus65889,N1_LRP420a,0,MiniBus
33234,MiniBus65890,N2_LRP043a,2.1767967682576206,MiniBus
33235,MiniBus65894,N1_LRP105a,0,MiniBus
33236,SmallTruck65905,N1_LRP426e,0,SmallTruck
33237,SmallTruck65905,N1_LRP426d,0,SmallTruck
33238,MiniBus65906,N2_LRP038c,0,MiniBus
33239,MiniBus65906,N2_LRP039a,0,MiniBus
33240,MiniBus65907,N2_LRP249a,0,MiniBus
33241,MediumTruck65908,N102_LRP034b,0,MediumTruck
33242,SmallTruck65912,N105_LRP035d,0,SmallTruck
33243,SmallTruck65917,N2_LRP225c,1.1940479754498075,SmallTruck
33244,LargeBus65921,N1_LRP428b,0,LargeBus
33245,LargeBus65921,N1_LRP428a,0,LargeBus
33246,LargeBus65921,N1_LRP427e,0,LargeBus
33247,LargeBus65932,N2_LRP121c,0,LargeBus
33248,MediumTruck65934,N208_LRP031b,0,MediumTruck
33249,MediumTruck65934,N208_LRP031d,0,MediumTruck
33250,SmallTruck65935,N208_LRP027f,0,SmallTruck
33251,SmallTruck65935,N208_LRP027d,0,SmallTruck
33252,MediumTruck65936,N1_LRP026a,0,MediumTruck
33253,MediumTruck65936,N1_LRP026b,0,MediumTruck
33254,MediumTruck65937,N1_LRP433c,0,MediumTruck
33255,MediumTruck65937,N1_LRP433b,0.40707084015418155,MediumTruck
33256,MiniBus65939,N2_LRP258a,0,MiniBus
33257,MediumTruck65945,N105_LRP022c,0,MediumTruck
33258,MiniBus65946,N2_LRP090a,0,MiniBus
33259,LargeBus65949,N2_LRP219a,0,LargeBus
33260,MediumTruck65950,N208_LRP027b,0,MediumTruck
33261,MediumTruck65950,N208_LRP027d,0,MediumTruck
33262,MiniBus65951,N208_LRP029c,0,MiniBus
33263,LargeBus65952,N105_LRP017c,0,LargeBus
33264,MediumTruck65953,N1_LRP437b,0,MediumTruck
33265,MediumTruck65953,N1_LRP437a,0,MediumTruck
33266,LargeBus65954,N2_LRP024b,0,LargeBus
33267,LargeBus65954,N2_LRP025a,0,LargeBus
33268,MediumTruck65960,N1_LRP034a,0,MediumTruck
33269,LargeBus65964,N2_LRP135b,0,LargeBus
33270,LargeBus65964,N2_LRP135a,0,LargeBus
33271,SmallTruck65970,N2_LRP018a,0,SmallTruck
33272,MiniBus65973,N102_LRP062c,0,MiniBus
33273,MiniBus65973,N102_LRP062b,0,MiniBus
33274,MediumTruck65977,N105_LRP030c,0,MediumTruck
33275,SmallTruck65981,N2_LRP177a,0,SmallTruck
33276,SmallTruck65985,N1_LRP445d,0,SmallTruck
33277,SmallTruck65985,N1_LRP445b,0,SmallTruck
33278,MediumTruck65988,N1_LRP068a,0,MediumTruck
33279,MediumTruck65993,N105_LRP035d,0,MediumTruck
33280,MediumTruck65996,N2_LRP161a,0,MediumTruck
33281,MiniBus65999,N2_LRP214b,0.1163963924701144,MiniBus
33282,MiniBus66000,N1_LRP010b,0,MiniBus
33283,MiniBus66000,N1_LRP010c,0,MiniBus
33284,MiniBus66000,N1_LRP011a,0,MiniBus
33285,MediumTruck66001,N1_LRP449d,0,MediumTruck
33286,MediumTruck66001,N1_LRP449c,0,MediumTruck
33287,MediumTruck66009,N105_LRP039b,0,MediumTruck
33288,SmallTruck66010,N2_LRP127b,0,SmallTruck
33289,MediumTruck66013,N2_LRP183d,0.17178023856680238,MediumTruck
33290,SmallTruck66017,N1_LRP452e,0,SmallTruck
33291,SmallTruck66017,N1_LRP452d,0,SmallTruck
33292,MediumTruck66020,N1_LRP088a,0,MediumTruck
33293,HeavyTruck66024,N105_LRP005c,0,HeavyTruck
33294,HeavyTruck66024,N105_LRP006a,0,HeavyTruck
33295,LargeBus66028,N2_LRP140c,10.335819090857663,LargeBus
33296,MediumTruck66032,N1_LRP001a,0,MediumTruck
33297,MediumTruck66033,N1_LRP456c,0,MediumTruck
33298,SmallTruck66034,N1_LRP010b,0,SmallTruck
33299,SmallTruck66034,N1_LRP010c,0,SmallTruck
33300,SmallTruck66035,N2_LRP285c,0,SmallTruck
33301,SmallTruck66040,N1_LRP014a,0,SmallTruck
33302,LargeBus66042,N2_LRP118g,0,LargeBus
33303,LargeBus66042,N2_LRP119c,0,LargeBus
33304,MiniBus66047,N2_LRP226d,0,MiniBus
33305,MiniBus66047,N2_LRP226c,0,MiniBus
33306,MiniBus65280,N1_LRP211a,0,MiniBus
33307,SmallTruck65281,N1_LRP282a,0,SmallTruck
33308,MediumTruck65282,N2_LRP183c,0,MediumTruck
33309,MediumTruck65282,N2_LRP183d,1.1717802385668024,MediumTruck
33310,MediumTruck65285,N2_LRP040a,0,MediumTruck
33311,MediumTruck65285,N2_LRP040b,0,MediumTruck
33312,LargeBus65296,N1_LRP206a,0,LargeBus
33313,MediumTruck65297,N1_LRP289a,0,MediumTruck
33314,LargeBus65299,N2_LRP091b,0,LargeBus
33315,MiniBus65311,N2_LRP042a,0,MiniBus
33316,MediumTruck65312,N2_LRP165d,0,MediumTruck
33317,MediumTruck65314,N2_LRP175c,0,MediumTruck
33318,MediumTruck65314,N2_LRP175d,0,MediumTruck
33319,MediumTruck65314,N2_LRP175e,0,MediumTruck
33320,MediumTruck65314,N2_LRP175f,0,MediumTruck
33321,SmallTruck65316,N2_LRP106b,0,SmallTruck
33322,MediumTruck65325,N2_LRP021a,0,MediumTruck
33323,SmallTruck65329,N1_LRP292b,0,SmallTruck
33324,SmallTruck65329,N1_LRP292a,0,SmallTruck
33325,SmallTruck65331,N2_LRP123e,0,SmallTruck
33326,SmallTruck65331,N2_LRP123d,0,SmallTruck
33327,MediumTruck65336,N2_LRP169b,0,MediumTruck
33328,MediumTruck65336,N2_LRP169c,0,MediumTruck
33329,MediumTruck65336,N2_LRP169d,0,MediumTruck
33330,MediumTruck65342,N2_LRP118e,0,MediumTruck
33331,MediumTruck65342,N2_LRP118b,0,MediumTruck
33332,MediumTruck65342,N2_LRP118a,0,MediumTruck
33333,MediumTruck65345,N1_LRP296a,0,MediumTruck
33334,SmallTruck65346,N2_LRP163c,0,SmallTruck
33335,SmallTruck65346,N2_LRP163d,0,SmallTruck
33336,MediumTruck65356,N1_LRP033b,0,MediumTruck
33337,MediumTruck65356,N1_LRP034a,0,MediumTruck
33338,MediumTruck65358,N2_LRP129b,0,MediumTruck
33339,MediumTruck65358,N2_LRP129a,0,MediumTruck
33340,MediumTruck65358,N2_LRP128b,0,MediumTruck
33341,MediumTruck65360,N1_LRP173a,0.03306679568362573,MediumTruck
33342,MiniBus65361,N1_LRP289a,0,MiniBus
33343,MediumTruck65365,N105_LRP020c,0,MediumTruck
33344,LargeBus65366,N2_LRP047a,0,LargeBus
33345,LargeBus65366,N2_LRP047c,0,LargeBus
33346,SmallTruck65372,N1_LRP033a,0,SmallTruck
33347,LargeBus65376,N1_LRP183b,0,LargeBus
33348,LargeBus65376,N1_LRP184a,0,LargeBus
33349,MediumTruck65377,N1_LRP309b,0,MediumTruck
33350,MediumTruck65380,N2_LRP093a,0,MediumTruck
33351,MediumTruck65384,N2_LRP156a,0,MediumTruck
33352,MiniBus65390,N2_LRP120a,0,MiniBus
33353,MiniBus65390,N2_LRP119c,0,MiniBus
33354,MediumTruck65392,N1_LRP166c,0,MediumTruck
33355,MiniBus65393,N1_LRP301b,0,MiniBus
33356,MiniBus65393,N1_LRP301a,0,MiniBus
33357,LargeBus65394,N2_LRP162e,0,LargeBus
33358,LargeBus65394,N2_LRP163a,0,LargeBus
33359,LargeBus65394,N2_LRP163b,0,LargeBus
33360,LargeBus65407,N2_LRP060c,0,LargeBus
33361,LargeBus65408,N1_LRP175a,0,LargeBus
33362,MediumTruck65421,N2_LRP043d,0,MediumTruck
33363,LargeBus65422,N2_LRP139b,0,LargeBus
33364,LargeBus65422,N2_LRP139a,0,LargeBus
33365,SmallTruck65427,N2_LRP141a,0,SmallTruck
33366,SmallTruck65427,N2_LRP140c,11.335819090857663,SmallTruck
33367,SmallTruck65430,N1_LRP289a,0,SmallTruck
33368,LargeBus65431,N1_LRP260a,0,LargeBus
33369,MiniBus65442,N2_LRP152a,0,MiniBus
33370,MiniBus65442,N2_LRP152b,0,MiniBus
33371,MiniBus65442,N2_LRP152c,0,MiniBus
33372,SmallTruck65449,N102_LRP034b,0,SmallTruck
33373,MediumTruck65474,N2_LRP139b,0,MediumTruck
33374,MediumTruck65474,N2_LRP140a,7.105266772968552,MediumTruck
33375,SmallTruck65475,N2_LRP153b,0,SmallTruck
33376,SmallTruck65475,N2_LRP153a,0,SmallTruck
33377,MediumTruck65489,N1_LRP332b,0,MediumTruck
33378,MediumTruck65489,N1_LRP332a,0,MediumTruck
33379,HeavyTruck65491,N2_LRP157b,0,HeavyTruck
33380,HeavyTruck65491,N2_LRP157a,0,HeavyTruck
33381,MiniBus65502,N2_LRP146a,0,MiniBus
33382,HeavyTruck65506,N2_LRP134b,0,HeavyTruck
33383,HeavyTruck65506,N2_LRP134c,0,HeavyTruck
33384,LargeBus65507,N2_LRP148b,0,LargeBus
33385,LargeBus65509,N1_LRP014a,0,LargeBus
33386,MediumTruck65513,N102_LRP019a,0,MediumTruck
33387,MediumTruck65521,N1_LRP341a,0,MediumTruck
33388,MediumTruck65521,N1_LRP340a,0,MediumTruck
33389,SmallTruck65522,N2_LRP129a,0,SmallTruck
33390,SmallTruck65522,N2_LRP129b,0,SmallTruck
33391,SmallTruck65522,N2_LRP129c,0,SmallTruck
33392,MediumTruck65523,N2_LRP163d,0,MediumTruck
33393,MediumTruck65523,N2_LRP163c,0,MediumTruck
33394,MediumTruck65523,N2_LRP163b,0,MediumTruck
33395,MediumTruck65523,N2_LRP163a,0,MediumTruck
33396,MediumTruck65533,N2_LRP073c,0,MediumTruck
33397,MediumTruck65533,N2_LRP073b,0,MediumTruck
33398,MediumTruck65535,N2_LRP108a,0,MediumTruck
33399,MediumTruck65538,N2_LRP125a,0,MediumTruck
33400,MediumTruck65538,N2_LRP125b,0,MediumTruck
33401,MediumTruck65538,N2_LRP125c,0,MediumTruck
33402,LargeBus65542,N105_LRP006a,0,LargeBus
33403,MediumTruck65555,N2_LRP170e,0,MediumTruck
33404,MediumTruck65555,N2_LRP170c,0,MediumTruck
33405,LargeBus65556,N2_LRP060c,0,LargeBus
33406,LargeBus65556,N2_LRP061a,0,LargeBus
33407,LargeBus65570,N2_LRP128a,0,LargeBus
33408,LargeBus65570,N2_LRP128b,0,LargeBus
33409,LargeBus65581,N2_LRP070a,0,LargeBus
33410,LargeBus65581,N2_LRP069e,0,LargeBus
33411,LargeBus65581,N2_LRP069c,0,LargeBus
33412,MediumTruck65587,N2_LRP178a,0,MediumTruck
33413,MediumTruck65590,N1_LRP030a,0,MediumTruck
33414,SmallTruck65592,N2_LRP108a,0,SmallTruck
33415,MiniBus65599,N2_LRP124c,0,MiniBus
33416,MiniBus65599,N2_LRP123e,0,MiniBus
33417,MediumTruck65601,N1_LRP359b,0,MediumTruck
33418,MediumTruck65601,N1_LRP359a,0,MediumTruck
33419,MediumTruck65602,N2_LRP103c,0,MediumTruck
33420,SmallTruck65611,N2_LRP044c,0,SmallTruck
33421,LargeBus65617,N1_LRP357f,0,LargeBus
33422,LargeBus65617,N1_LRP357d,0,LargeBus
33423,SmallTruck65619,N2_LRP184c,0,SmallTruck
33424,MediumTruck65624,N2_LRP102a,0,MediumTruck
33425,MediumTruck65627,N2_LRP182d,0,MediumTruck
33426,MediumTruck65627,N2_LRP183a,0,MediumTruck
33427,MediumTruck65630,N2_LRP183a,0,MediumTruck
33428,MediumTruck65630,N2_LRP182d,0,MediumTruck
33429,MediumTruck65635,N2_LRP186d,0,MediumTruck
33430,MediumTruck65642,N2_LRP211c,0,MediumTruck
33431,LargeBus65649,N1_LRP360a,0,LargeBus
33432,LargeBus65650,N2_LRP102a,0,LargeBus
33433,LargeBus65651,N2_LRP181c,0,LargeBus
33434,MediumTruck65656,N2_LRP095a,0,MediumTruck
33435,MediumTruck65665,N1_LRP372c,0,MediumTruck
33436,MediumTruck65665,N1_LRP372a,0,MediumTruck
33437,LargeBus65676,N2_LRP242a,0,LargeBus
33438,LargeBus65677,N2_LRP098b,0.011605197285560693,LargeBus
33439,LargeBus65681,N1_LRP370e,0,LargeBus
33440,SmallTruck65697,N1_LRP380c,0,SmallTruck
33441,SmallTruck65697,N1_LRP380a,0,SmallTruck
33442,MiniBus65702,N1_LRP051a,0,MiniBus
33443,LargeBus65707,N2_LRP172c,0,LargeBus
33444,LargeBus65707,N2_LRP172d,0,LargeBus
33445,MediumTruck65713,N1_LRP388a,0,MediumTruck
33446,LargeBus65714,N102_LRP019a,0,LargeBus
33447,LargeBus65714,N102_LRP019b,0,LargeBus
33448,MediumTruck65720,N2_LRP081b,0,MediumTruck
33449,SmallTruck65725,N2_LRP118g,0,SmallTruck
33450,MediumTruck65729,N1_LRP389d,0,MediumTruck
33451,MediumTruck65730,N2_LRP079a,0,MediumTruck
33452,HeavyTruck65731,N2_LRP211c,0,HeavyTruck
33453,HeavyTruck65733,N102_LRP002c,0,HeavyTruck
33454,HeavyTruck65733,N102_LRP002b,0,HeavyTruck
33455,HeavyTruck65733,N102_LRP002a,0,HeavyTruck
33456,MediumTruck65736,N2_LRP078a,0,MediumTruck
33457,MiniBus65738,N2_LRP039c,0,MiniBus
33458,LargeBus65745,N1_LRP388a,0,LargeBus
33459,LargeBus65745,N1_LRP387f,0,LargeBus
33460,MediumTruck65751,N1_LRP172a,0,MediumTruck
33461,MediumTruck65751,N1_LRP172b,0,MediumTruck
33462,SmallTruck65754,N2_LRP047a,0,SmallTruck
33463,SmallTruck65754,N2_LRP046c,0,SmallTruck
33464,SmallTruck65759,N2_LRP161c,0,SmallTruck
33465,SmallTruck65759,N2_LRP161b,0,SmallTruck
33466,SmallTruck65776,N1_LRP068a,0,SmallTruck
33467,MediumTruck65777,N1_LRP398d,0.016804722926070517,MediumTruck
33468,MediumTruck65778,N2_LRP067c,0,MediumTruck
33469,MediumTruck65779,N2_LRP221b,0,MediumTruck
33470,SmallTruck65786,N2_LRP178b,0,SmallTruck
33471,SmallTruck65786,N2_LRP179a,0,SmallTruck
33472,MiniBus65787,N2_LRP141a,0,MiniBus
33473,MiniBus65787,N2_LRP141b,0,MiniBus
33474,LargeBus65793,N1_LRP400a,0,LargeBus
33475,SmallTruck65807,N2_LRP171e,0,SmallTruck
33476,SmallTruck65809,N1_LRP410b,0,SmallTruck
33477,MediumTruck65810,N2_LRP054b,0,MediumTruck
33478,MediumTruck65812,N1_LRP142a,0,MediumTruck
33479,MediumTruck65813,N102_LRP022a,0,MediumTruck
33480,LargeBus65824,N2_LRP045b,0,LargeBus
33481,LargeBus65826,N2_LRP055b,0,LargeBus
33482,SmallTruck65827,N2_LRP231d,0,SmallTruck
33483,SmallTruck65827,N2_LRP231c,0,SmallTruck
33484,MediumTruck65837,N2_LRP141b,0,MediumTruck
33485,HeavyTruck65843,N2_LRP236a,0,HeavyTruck
33486,HeavyTruck65843,N2_LRP235a,0,HeavyTruck
33487,MediumTruck65844,N1_LRP030a,0,MediumTruck
33488,MiniBus65855,N2_LRP178b,0,MiniBus
33489,MiniBus65855,N2_LRP178a,0,MiniBus
33490,MediumTruck65857,N1_LRP417d,0.14463007340044828,MediumTruck
33491,MediumTruck65859,N2_LRP240a,0,MediumTruck
33492,SmallTruck65869,N2_LRP151b,0,SmallTruck
33493,LargeBus65873,N1_LRP415c,2.8715622248373283,LargeBus
33494,LargeBus65875,N2_LRP240a,0,LargeBus
33495,MediumTruck65877,N102_LRP038d,0,MediumTruck
33496,MediumTruck65880,N2_LRP043a,3.1767967682576206,MediumTruck
33497,MediumTruck65887,N2_LRP188a,0,MediumTruck
33498,SmallTruck65891,N2_LRP248a,0,SmallTruck
33499,MediumTruck65895,N104_LRP010a,0,MediumTruck
33500,SmallTruck65896,N1_LRP051a,0,SmallTruck
33501,MediumTruck65904,N1_LRP035a,0,MediumTruck
33502,SmallTruck65905,N1_LRP426c,0,SmallTruck
33503,SmallTruck65905,N1_LRP426b,0,SmallTruck
33504,SmallTruck65905,N1_LRP426a,0,SmallTruck
33505,SmallTruck65905,N1_LRP425e,0,SmallTruck
33506,MiniBus65906,N2_LRP039c,0,MiniBus
33507,MiniBus65907,N2_LRP248a,0,MiniBus
33508,LargeBus65910,N1_LRP109a,0,LargeBus
33509,SmallTruck65915,N2_LRP118a,0,SmallTruck
33510,SmallTruck65915,N2_LRP118b,0,SmallTruck
33511,LargeBus65921,N1_LRP427d,0,LargeBus
33512,LargeBus65921,N1_LRP427b,0,LargeBus
33513,MediumTruck65929,N105_LRP017c,0,MediumTruck
33514,MediumTruck65931,N204_LRP003b,0,MediumTruck
33515,LargeBus65932,N2_LRP121a,0,LargeBus
33516,SmallTruck65935,N208_LRP027b,0,SmallTruck
33517,MediumTruck65936,N1_LRP027a,0,MediumTruck
33518,MediumTruck65937,N1_LRP432b,0,MediumTruck
33519,MediumTruck65941,N102_LRP055c,0,MediumTruck
33520,MediumTruck65942,N1_LRP120b,0,MediumTruck
33521,MediumTruck65944,N105_LRP027c,0,MediumTruck
33522,MediumTruck65945,N105_LRP021d,0,MediumTruck
33523,MediumTruck65948,N2_LRP130c,0,MediumTruck
33524,MediumTruck65948,N2_LRP130b,0,MediumTruck
33525,MediumTruck65950,N208_LRP027f,0,MediumTruck
33526,MiniBus65951,N208_LRP028d,0,MiniBus
33527,MiniBus65951,N208_LRP027f,0,MiniBus
33528,MediumTruck65953,N1_LRP436a,0,MediumTruck
33529,LargeBus65954,N2_LRP025b,0,LargeBus
33530,MediumTruck65955,N2_LRP264a,0,MediumTruck
33531,LargeBus65964,N2_LRP134c,0,LargeBus
33532,MediumTruck65969,N1_LRP440a,0,MediumTruck
33533,MediumTruck65972,N102_LRP019a,0,MediumTruck
33534,MediumTruck65972,N102_LRP019b,0,MediumTruck
33535,SmallTruck65981,N2_LRP176e,0,SmallTruck
33536,SmallTruck65981,N2_LRP176d,0,SmallTruck
33537,SmallTruck65981,N2_LRP176c,0,SmallTruck
33538,SmallTruck65981,N2_LRP176b,0,SmallTruck
33539,SmallTruck65985,N1_LRP444e,0,SmallTruck
33540,SmallTruck65985,N1_LRP444d,0,SmallTruck
33541,SmallTruck65985,N1_LRP444c,0,SmallTruck
33542,SmallTruck65985,N1_LRP444b,0,SmallTruck
33543,SmallTruck65985,N1_LRP444a,0,SmallTruck
33544,MediumTruck65994,N2_LRP132a,0,MediumTruck
33545,MediumTruck65994,N2_LRP132b,0,MediumTruck
33546,MediumTruck65996,N2_LRP161b,0,MediumTruck
33547,MediumTruck65996,N2_LRP161c,0,MediumTruck
33548,MediumTruck65996,N2_LRP162a,0.9003154622588829,MediumTruck
33549,MiniBus66000,N1_LRP012a,0,MiniBus
33550,MiniBus66000,N1_LRP012b,0,MiniBus
33551,MediumTruck66001,N1_LRP448a,0,MediumTruck
33552,MediumTruck66006,N1_LRP137a,0,MediumTruck
33553,SmallTruck66010,N2_LRP127c,0,SmallTruck
33554,SmallTruck66010,N2_LRP128a,0,SmallTruck
33555,MediumTruck66013,N2_LRP183c,0,MediumTruck
33556,MiniBus66014,N208_LRP011b,0,MiniBus
33557,SmallTruck66017,N1_LRP452c,0,SmallTruck
33558,SmallTruck66017,N1_LRP452a,0,SmallTruck
33559,SmallTruck66017,N1_LRP451e,0,SmallTruck
33560,MediumTruck66025,N105_LRP042b,0,MediumTruck
33561,MediumTruck66033,N1_LRP456a,0,MediumTruck
33562,SmallTruck66034,N1_LRP011a,0,SmallTruck
33563,SmallTruck66035,N2_LRP285a,0,SmallTruck
33564,SmallTruck66035,N2_LRP284c,0,SmallTruck
33565,LargeBus66042,N2_LRP120a,0,LargeBus
33566,MiniBus66047,N2_LRP225c,1.1940479754498075,MiniBus
